1 14.239136 116.471558 -148.340302
2 14.239136 115.773071 -148.340302
3 15.118103 116.646179 -148.509064
4 15.997055 116.122314 -148.677811
5 13.535980 117.170029 -147.327728
6 15.118103 116.995407 -146.146408
7 15.118103 115.947693 -148.171539
8 14.942307 116.820801 -149.690384
9 15.293900 117.170029 -147.327728
10 15.645477 115.074600 -147.665253
11 15.293900 116.122314 -149.690384
12 14.590729 116.122314 -147.665253
13 13.887558 115.773071 -148.677811
14 14.766525 116.296936 -147.834015
15 15.469681 116.296936 -148.846573
16 15.645477 116.820801 -148.340302
17 13.887558 117.170029 -147.665253
18 16.172852 116.646179 -147.496490
19 13.887558 116.471558 -148.340302
20 14.590729 116.820801 -148.002777
21 15.469681 118.043137 -148.509064
22 14.063354 116.995407 -149.184097
23 13.360184 116.296936 -147.496490
24 15.469681 116.995407 -149.184097
25 13.887558 118.567001 -148.002777
26 15.118103 115.598450 -147.496490
27 13.887558 116.820801 -146.990219
28 15.118103 115.947693 -148.509064
29 15.469681 117.344650 -148.171539
30 15.469681 116.296936 -147.834015
31 14.239136 116.122314 -148.340302
32 15.293900 115.773071 -146.990219
33 14.063354 118.392380 -148.171539
34 14.414932 115.598450 -148.171539
35 14.239136 116.820801 -149.015335
36 14.766525 115.598450 -148.846573
37 14.766525 116.995407 -148.171539
38 14.239136 115.423828 -149.015335
39 15.645477 116.471558 -149.352859
40 14.942307 115.773071 -148.677811
41 14.414932 115.598450 -148.171539
42 16.172852 115.947693 -148.846573
43 14.063354 116.995407 -148.509064
44 14.239136 116.471558 -149.690384
45 14.942307 117.170029 -147.327728
46 14.590729 117.868515 -149.352859
47 15.293900 116.471558 -147.327728
48 14.766525 116.646179 -147.158981
49 15.293900 116.122314 -148.340302
50 15.997055 117.170029 -149.015335
51 15.293900 116.471558 -147.665253
52 15.645477 116.820801 -148.340302
53 15.118103 116.296936 -148.846573
54 15.118103 116.646179 -148.171539
55 15.645477 116.471558 -147.665253
56 14.063354 116.646179 -147.158981
57 15.293900 118.217758 -148.677811
58 16.172852 117.344650 -148.171539
59 14.590729 117.868515 -148.002777
60 13.887558 116.122314 -148.677811
61 15.645477 117.170029 -147.665253
62 16.700226 116.820801 -148.002777
63 13.711761 115.947693 -147.496490
64 14.766525 116.646179 -147.496490
65 14.942307 116.471558 -148.677811
66 14.414932 115.947693 -148.846573
67 15.293900 115.423828 -149.015335
68 14.942307 115.773071 -148.002777
69 14.766525 114.899979 -147.158981
70 15.293900 117.868515 -148.002777
71 14.766525 116.646179 -148.509064
72 16.524445 116.296936 -147.496490
73 14.942307 115.773071 -147.665253
74 15.469681 116.646179 -148.509064
75 14.414932 117.344650 -147.496490
76 15.997055 115.074600 -147.665253
77 12.305435 116.296936 -148.171539
78 15.469681 115.249207 -148.171539
79 15.118103 116.296936 -148.171539
80 15.821274 115.947693 -148.171539
81 14.239136 116.471558 -146.990219
82 15.118103 116.646179 -148.171539
83 14.414932 116.296936 -146.821457
84 14.414932 116.296936 -147.158981
85 14.239136 116.122314 -145.977646
86 13.711761 116.646179 -147.496490
87 15.997055 116.471558 -149.015335
88 14.766525 116.296936 -148.509064
89 14.942307 116.820801 -148.340302
90 13.887558 115.773071 -148.340302
91 14.590729 117.868515 -146.990219
92 14.590729 116.122314 -148.002777
93 15.118103 115.947693 -148.171539
94 15.645477 115.423828 -148.677811
95 15.293900 116.122314 -147.665253
96 15.469681 116.646179 -149.184097
97 15.645477 116.471558 -148.002777
98 15.821274 116.646179 -148.171539
99 15.645477 115.773071 -148.340302
100 14.414932 115.947693 -148.171539
101 15.118103 116.995407 -147.834015
102 14.590729 116.820801 -148.002777
103 14.590729 115.423828 -147.327728
104 15.645477 116.122314 -146.990219
105 15.118103 117.344650 -147.834015
106 14.063354 116.646179 -147.834015
107 14.590729 116.471558 -148.677811
108 14.766525 116.995407 -148.509064
109 13.360184 116.995407 -146.483932
110 13.711761 117.344650 -147.158981
111 14.942307 117.170029 -147.665253
112 15.469681 117.693893 -147.496490
113 13.360184 118.043137 -148.509064
114 14.063354 115.947693 -148.171539
115 14.942307 116.820801 -147.327728
116 15.118103 115.947693 -148.509064
117 15.118103 117.344650 -148.171539
118 15.118103 116.646179 -149.184097
119 14.766525 115.947693 -147.496490
120 13.535980 117.519272 -148.340302
121 15.293900 115.773071 -146.652695
122 15.118103 116.646179 -147.496490
123 14.414932 117.344650 -147.496490
124 12.832809 116.471558 -147.327728
125 15.469681 116.296936 -146.483932
126 14.942307 117.170029 -148.677811
127 14.590729 117.170029 -148.002777
128 14.414932 115.947693 -148.509064
129 14.590729 116.122314 -148.002777
130 14.239136 116.820801 -147.665253
131 16.172852 116.296936 -147.496490
132 14.414932 116.646179 -149.521622
133 15.118103 115.249207 -147.834015
134 14.766525 117.693893 -148.171539
135 16.172852 116.646179 -147.834015
136 14.942307 116.122314 -148.002777
137 15.118103 116.995407 -148.171539
138 14.942307 117.519272 -150.702942
139 14.239136 116.820801 -148.002777
140 14.239136 116.820801 -148.002777
141 13.711761 115.947693 -148.846573
142 14.590729 115.423828 -148.340302
143 14.414932 114.899979 -148.509064
144 14.942307 115.773071 -148.677811
145 15.645477 116.122314 -148.002777
146 15.821274 116.296936 -148.171539
147 14.766525 115.598450 -148.846573
148 15.118103 115.598450 -147.834015
149 15.469681 115.947693 -148.171539
150 14.063354 117.693893 -148.509064
151 14.766525 116.995407 -146.483932
152 15.469681 115.947693 -147.496490
153 15.645477 116.471558 -148.677811
154 15.293900 115.773071 -150.027893
155 15.469681 115.249207 -146.483932
156 14.590729 117.170029 -148.002777
157 15.293900 116.122314 -148.677811
158 14.590729 116.471558 -147.327728
159 15.469681 115.598450 -148.171539
160 14.414932 116.646179 -148.171539
161 14.942307 115.773071 -148.002777
162 15.118103 118.043137 -147.834015
163 15.469681 116.646179 -147.158981
164 16.524445 115.947693 -147.496490
165 14.766525 116.296936 -147.158981
166 14.414932 115.947693 -147.496490
167 14.239136 115.773071 -148.677811
168 14.766525 116.296936 -147.496490
169 14.590729 116.820801 -147.665253
170 15.118103 116.995407 -148.509064
171 14.766525 116.646179 -148.171539
172 14.942307 116.122314 -148.002777
173 14.766525 115.598450 -148.846573
174 15.293900 115.773071 -147.665253
175 15.645477 116.122314 -148.002777
176 14.239136 117.170029 -149.015335
177 14.942307 117.170029 -148.340302
178 15.118103 117.693893 -147.834015
179 15.469681 116.646179 -147.834015
180 14.063354 115.947693 -147.158981
181 14.063354 116.646179 -148.509064
182 14.590729 116.471558 -148.340302
183 15.469681 117.344650 -148.846573
184 14.766525 115.947693 -148.171539
185 16.524445 116.646179 -148.171539
186 15.118103 115.947693 -149.184097
187 15.293900 116.471558 -148.340302
188 14.942307 115.423828 -147.665253
189 14.942307 116.820801 -150.027893
190 14.766525 115.598450 -149.521622
191 15.469681 116.296936 -149.184097
192 14.063354 117.344650 -147.496490
193 15.293900 116.471558 -146.990219
194 15.118103 115.947693 -148.171539
195 14.942307 116.122314 -148.340302
196 15.997055 116.122314 -147.327728
197 14.414932 115.598450 -147.834015
198 14.942307 116.820801 -148.340302
199 14.414932 115.598450 -148.846573
200 13.360184 115.249207 -148.846573
201 14.942307 116.820801 -148.002777
202 14.766525 116.995407 -148.846573
203 15.293900 116.471558 -148.002777
204 14.414932 116.995407 -147.158981
205 14.766525 115.249207 -147.496490
206 13.360184 115.947693 -148.846573
207 13.887558 115.773071 -148.677811
208 14.414932 116.296936 -148.509064
209 15.118103 115.947693 -148.509064
210 14.766525 116.995407 -147.158981
211 15.645477 117.170029 -148.002777
212 14.063354 115.598450 -148.846573
213 14.590729 116.471558 -147.665253
214 16.700226 116.471558 -146.990219
215 15.118103 117.344650 -147.158981
216 15.118103 115.947693 -147.158981
217 15.118103 115.947693 -149.184097
218 14.942307 116.820801 -147.327728
219 14.590729 116.122314 -147.665253
220 15.293900 115.773071 -147.327728
221 14.942307 115.074600 -148.340302
222 15.118103 115.947693 -147.834015
223 14.239136 116.820801 -148.002777
224 15.469681 117.344650 -148.509064
225 14.942307 117.170029 -148.002777
226 14.590729 117.170029 -146.990219
227 15.821274 115.947693 -148.509064
228 15.997055 117.170029 -148.677811
229 14.590729 115.773071 -147.327728
230 14.239136 116.820801 -148.002777
231 15.821274 115.598450 -148.171539
232 14.942307 115.773071 -147.665253
233 13.360184 115.947693 -147.496490
234 15.645477 118.217758 -148.002777
235 15.997055 115.773071 -147.665253
236 14.766525 116.646179 -148.171539
237 14.766525 115.598450 -148.509064
238 15.821274 116.296936 -148.171539
239 14.414932 115.947693 -148.171539
240 15.469681 116.995407 -148.846573
241 14.414932 115.598450 -148.171539
242 15.118103 115.598450 -148.509064
243 14.766525 114.899979 -148.509064
244 15.821274 115.249207 -148.171539
245 13.887558 116.122314 -147.665253
246 15.118103 115.947693 -148.171539
247 13.887558 117.170029 -148.002777
248 14.766525 117.344650 -147.496490
249 16.172852 115.947693 -148.846573
250 14.239136 116.820801 -147.327728
251 14.063354 115.249207 -147.834015
252 14.590729 116.820801 -148.340302
253 15.997055 115.423828 -147.327728
254 14.414932 115.598450 -148.171539
255 14.766525 116.995407 -148.509064
256 14.414932 116.646179 -146.146408
257 13.711761 116.646179 -148.846573
258 15.645477 115.423828 -148.340302
259 14.942307 116.471558 -147.665253
260 14.590729 116.471558 -148.002777
261 15.118103 115.947693 -148.509064
262 14.766525 115.598450 -148.171539
263 15.469681 117.344650 -148.171539
264 14.766525 116.646179 -148.846573
265 14.942307 116.122314 -147.665253
266 14.942307 115.773071 -148.002777
267 14.942307 117.868515 -148.677811
268 15.997055 116.820801 -147.665253
269 15.469681 115.947693 -147.496490
270 14.063354 116.296936 -147.834015
271 14.942307 117.170029 -147.665253
272 15.997055 115.773071 -150.027893
273 15.118103 115.598450 -148.509064
274 15.118103 115.947693 -149.184097
275 14.942307 116.471558 -148.677811
276 14.590729 117.170029 -148.677811
277 14.590729 115.423828 -146.990219
278 15.293900 116.471558 -148.340302
279 14.942307 117.519272 -148.002777
280 14.766525 115.947693 -148.171539
281 16.172852 117.344650 -149.184097
282 15.821274 116.296936 -147.496490
283 14.239136 116.122314 -148.677811
284 15.469681 115.947693 -147.834015
285 14.590729 116.820801 -148.002777
286 14.942307 115.773071 -148.002777
287 14.414932 115.598450 -148.171539
288 14.414932 117.693893 -148.171539
289 14.766525 115.598450 -148.509064
290 14.239136 116.122314 -149.352859
291 15.821274 115.947693 -149.184097
292 14.766525 117.344650 -147.834015
293 15.469681 117.344650 -147.834015
294 14.590729 115.423828 -146.652695
295 15.118103 116.296936 -148.846573
296 14.766525 115.598450 -147.496490
297 13.535980 115.074600 -149.690384
298 14.942307 115.423828 -147.327728
299 14.063354 116.646179 -148.846573
300 14.239136 116.820801 -147.665253
301 13.711761 116.296936 -146.821457
302 15.645477 116.820801 -147.327728
303 14.239136 116.820801 -149.015335
304 14.942307 117.868515 -148.677811
305 14.414932 115.947693 -148.846573
306 15.293900 116.471558 -148.340302
307 15.293900 117.868515 -147.665253
308 14.414932 116.646179 -148.171539
309 14.414932 116.646179 -147.158981
310 14.414932 116.296936 -148.171539
311 14.766525 116.646179 -147.158981
312 16.348648 116.820801 -148.340302
313 13.184387 115.773071 -147.665253
314 14.942307 116.471558 -147.665253
315 12.657013 116.646179 -148.509064
316 15.293900 115.074600 -145.977646
317 15.469681 115.947693 -148.171539
318 16.172852 115.249207 -148.171539
319 13.535980 116.471558 -149.015335
320 14.063354 115.249207 -148.171539
321 15.469681 116.296936 -147.496490
322 14.414932 116.296936 -147.496490
323 15.293900 117.868515 -147.327728
324 14.239136 115.423828 -148.002777
325 14.590729 116.471558 -148.677811
326 15.469681 115.947693 -147.834015
327 14.414932 116.296936 -147.834015
328 14.766525 115.598450 -148.171539
329 15.821274 116.646179 -147.158981
330 13.008606 116.646179 -148.846573
331 15.118103 116.995407 -147.834015
332 14.239136 116.471558 -148.002777
333 15.469681 116.646179 -148.509064
334 14.590729 115.773071 -148.340302
335 14.414932 116.296936 -146.483932
336 14.766525 118.043137 -147.158981
337 14.063354 115.598450 -147.834015
338 16.172852 115.249207 -148.171539
339 14.766525 115.947693 -149.184097
340 14.239136 116.471558 -147.327728
341 14.766525 116.646179 -148.171539
342 15.293900 116.122314 -146.990219
343 14.942307 116.820801 -148.002777
344 14.239136 117.170029 -149.015335
345 15.293900 116.820801 -148.340302
346 15.118103 116.646179 -148.509064
347 15.645477 116.820801 -148.002777
348 14.414932 116.646179 -147.834015
349 14.063354 115.598450 -147.496490
350 14.063354 116.296936 -147.834015
351 15.293900 116.471558 -147.327728
352 15.997055 115.773071 -146.990219
353 14.766525 116.646179 -147.496490
354 15.118103 116.296936 -147.834015
355 15.469681 116.646179 -148.509064
356 14.942307 117.170029 -148.677811
357 15.118103 116.646179 -147.496490
358 15.118103 116.296936 -148.509064
359 14.590729 116.122314 -148.677811
360 15.118103 116.296936 -149.184097
361 14.942307 116.122314 -148.340302
362 14.590729 116.471558 -148.002777
363 15.821274 116.995407 -148.171539
364 15.645477 116.122314 -148.002777
365 14.766525 114.899979 -148.171539
366 15.293900 116.122314 -148.677811
367 13.360184 115.598450 -148.509064
368 15.469681 115.598450 -148.509064
369 15.645477 116.820801 -149.015335
370 15.821274 114.899979 -148.509064
371 14.766525 116.296936 -147.834015
372 15.469681 116.296936 -147.834015
373 14.590729 115.773071 -147.327728
374 15.293900 116.122314 -148.002777
375 15.997055 117.170029 -148.340302
376 14.239136 116.122314 -148.677811
377 14.239136 116.122314 -148.002777
378 15.645477 117.170029 -148.677811
379 14.942307 114.725357 -147.665253
380 13.887558 116.471558 -147.665253
381 13.360184 116.995407 -147.834015
382 14.766525 116.296936 -147.158981
383 15.293900 115.074600 -147.327728
384 15.469681 114.899979 -148.171539
385 15.645477 116.471558 -148.677811
386 15.293900 115.423828 -147.665253
387 15.645477 116.122314 -147.665253
388 15.645477 116.471558 -148.002777
389 14.942307 117.170029 -148.340302
390 14.590729 115.773071 -149.015335
391 13.008606 115.947693 -148.846573
392 14.766525 116.296936 -148.509064
393 15.118103 116.296936 -147.158981
394 15.469681 116.296936 -148.171539
395 15.997055 115.773071 -148.002777
396 15.645477 116.471558 -149.690384
397 15.645477 116.122314 -147.665253
398 14.766525 116.296936 -148.509064
399 14.590729 116.122314 -148.002777
400 15.293900 116.471558 -148.340302
401 14.590729 116.122314 -147.665253
402 14.942307 115.773071 -148.002777
403 15.645477 115.773071 -149.352859
404 14.063354 114.899979 -146.821457
405 14.414932 117.344650 -149.184097
406 17.051819 116.122314 -148.002777
407 14.063354 116.296936 -147.158981
408 14.942307 116.820801 -149.352859
409 14.414932 116.995407 -148.171539
410 15.293900 116.820801 -150.027893
411 14.766525 117.344650 -149.859146
412 14.063354 116.646179 -148.846573
413 16.348648 116.122314 -148.340302
414 15.469681 115.249207 -147.496490
415 14.766525 115.598450 -147.158981
416 15.645477 115.423828 -147.665253
417 14.063354 115.947693 -148.171539
418 15.469681 116.296936 -147.834015
419 13.887558 115.423828 -147.327728
420 14.942307 116.471558 -148.002777
421 16.172852 115.947693 -148.171539
422 14.766525 115.249207 -148.171539
423 14.414932 116.995407 -148.509064
424 14.942307 116.820801 -146.990219
425 15.118103 116.646179 -149.184097
426 14.414932 116.995407 -147.496490
427 16.524445 116.995407 -148.846573
428 15.118103 115.947693 -147.834015
429 14.414932 115.249207 -147.834015
430 14.942307 116.122314 -147.327728
431 15.997055 116.471558 -148.340302
432 14.942307 115.074600 -147.665253
433 16.172852 116.995407 -149.859146
434 16.348648 117.519272 -147.327728
435 15.645477 116.471558 -146.990219
436 15.645477 115.773071 -147.327728
437 15.469681 117.344650 -149.521622
438 15.118103 116.646179 -148.171539
439 15.118103 115.249207 -146.821457
440 14.942307 117.170029 -148.677811
441 15.997055 115.423828 -148.340302
442 15.293900 115.773071 -148.340302
443 15.118103 117.344650 -147.496490
444 14.414932 116.995407 -147.834015
445 14.590729 116.122314 -148.677811
446 14.766525 117.344650 -148.509064
447 15.118103 116.296936 -147.834015
448 15.469681 116.296936 -148.509064
449 14.590729 115.773071 -146.652695
450 15.469681 116.296936 -147.834015
451 14.590729 115.773071 -148.002777
452 15.997055 117.170029 -147.665253
453 15.469681 118.043137 -148.509064
454 15.118103 116.296936 -148.171539
455 15.118103 117.693893 -148.509064
456 14.414932 116.296936 -148.509064
457 15.645477 116.471558 -148.340302
458 15.997055 115.423828 -148.002777
459 13.535980 117.519272 -147.665253
460 14.766525 115.598450 -148.509064
461 15.821274 116.296936 -148.171539
462 14.414932 116.646179 -149.521622
463 15.821274 115.947693 -149.184097
464 16.172852 115.947693 -148.171539
465 15.821274 116.646179 -147.834015
466 15.645477 116.122314 -147.327728
467 15.293900 116.820801 -147.665253
468 14.063354 115.947693 -147.158981
469 15.645477 116.122314 -149.352859
470 14.063354 117.344650 -147.496490
471 14.590729 116.122314 -148.002777
472 14.590729 118.217758 -147.327728
473 13.887558 115.773071 -147.665253
474 15.118103 116.646179 -147.158981
475 14.590729 116.820801 -147.665253
476 13.887558 116.820801 -148.677811
477 15.118103 115.947693 -146.821457
478 14.414932 116.995407 -148.509064
479 14.766525 115.249207 -148.171539
480 15.118103 116.995407 -147.496490
481 14.942307 116.122314 -148.677811
482 14.766525 115.947693 -148.509064
483 14.590729 116.122314 -148.677811
484 16.348648 116.122314 -148.340302
485 15.293900 116.820801 -148.002777
486 13.184387 117.519272 -147.327728
487 14.239136 116.820801 -147.327728
488 15.645477 117.170029 -148.677811
489 15.118103 114.899979 -147.834015
490 14.766525 114.899979 -146.821457
491 14.942307 116.122314 -148.340302
492 14.590729 116.471558 -148.340302
493 15.645477 116.820801 -149.015335
494 15.645477 115.773071 -148.677811
495 14.590729 116.471558 -148.677811
496 15.293900 116.820801 -148.340302
497 14.766525 115.947693 -148.171539
498 15.118103 115.598450 -147.834015
499 14.942307 117.519272 -146.990219
500 13.711761 115.947693 -148.509064
501 14.414932 115.598450 -148.509064
502 14.063354 117.344650 -147.834015
503 14.414932 115.947693 -149.184097
504 14.414932 116.296936 -148.509064
505 14.590729 115.773071 -148.340302
506 14.063354 116.296936 -147.834015
507 14.414932 116.296936 -147.496490
508 14.414932 114.899979 -147.158981
509 14.063354 116.646179 -148.846573
510 14.239136 116.471558 -147.665253
511 14.942307 117.170029 -148.340302
512 14.239136 116.122314 -148.002777
513 16.172852 116.296936 -149.521622
514 14.590729 117.170029 -149.015335
515 15.293900 116.471558 -148.340302
516 14.942307 116.122314 -148.002777
517 15.293900 115.423828 -148.677811
518 13.360184 116.296936 -147.834015
519 15.645477 116.471558 -148.002777
520 14.590729 115.773071 -148.340302
521 16.700226 116.122314 -149.352859
522 14.063354 116.646179 -147.834015
523 14.942307 115.773071 -148.340302
524 15.645477 116.122314 -148.002777
525 15.118103 116.995407 -147.496490
526 15.821274 115.598450 -147.834015
527 15.997055 116.471558 -149.015335
528 14.414932 115.947693 -147.834015
529 14.942307 116.471558 -148.340302
530 15.118103 116.296936 -147.834015
531 15.469681 115.598450 -148.171539
532 16.172852 116.646179 -147.834015
533 15.118103 114.899979 -148.509064
534 14.766525 116.296936 -146.483932
535 15.645477 116.820801 -147.665253
536 14.063354 116.646179 -147.158981
537 13.887558 116.122314 -148.677811
538 14.590729 116.122314 -148.340302
539 14.590729 116.122314 -148.002777
540 14.942307 115.423828 -148.002777
541 15.469681 116.995407 -148.171539
542 13.887558 116.471558 -148.340302
543 15.469681 116.646179 -148.846573
544 16.172852 116.646179 -147.834015
545 14.766525 116.995407 -148.171539
546 16.172852 115.598450 -148.171539
547 13.360184 118.043137 -149.184097
548 15.821274 117.344650 -147.834015
549 14.590729 115.773071 -148.677811
550 14.590729 117.519272 -148.677811
551 13.535980 116.471558 -149.352859
552 14.766525 116.296936 -147.158981
553 15.293900 117.519272 -148.002777
554 15.469681 115.947693 -147.834015
555 14.590729 116.471558 -149.352859
556 14.414932 115.947693 -147.496490
557 14.414932 115.598450 -146.821457
558 14.590729 116.471558 -148.340302
559 14.590729 115.423828 -147.665253
560 14.414932 115.598450 -148.846573
561 14.942307 116.820801 -147.327728
562 14.942307 116.820801 -147.665253
563 14.239136 116.122314 -148.002777
564 14.239136 115.773071 -148.340302
565 14.942307 117.519272 -146.652695
566 14.942307 117.868515 -147.665253
567 14.063354 116.646179 -147.496490
568 12.481216 116.820801 -148.002777
569 16.348648 115.773071 -148.340302
570 14.414932 115.249207 -148.171539
571 15.821274 116.296936 -147.496490
572 15.118103 116.296936 -146.483932
573 15.469681 115.249207 -147.158981
574 14.063354 116.296936 -146.821457
575 15.645477 116.471558 -148.002777
576 15.293900 117.170029 -149.015335
577 16.172852 116.995407 -149.859146
578 14.414932 115.598450 -149.184097
579 16.876022 116.995407 -147.496490
580 16.348648 115.074600 -147.665253
581 14.590729 116.471558 -146.990219
582 15.469681 115.249207 -147.158981
583 14.239136 116.471558 -148.340302
584 14.766525 116.296936 -147.834015
585 15.118103 116.296936 -146.821457
586 14.766525 115.947693 -148.509064
587 15.645477 117.170029 -147.327728
588 15.469681 115.598450 -147.834015
589 15.645477 116.471558 -149.015335
590 15.469681 115.947693 -149.521622
591 15.469681 115.947693 -148.509064
592 15.118103 116.296936 -147.834015
593 14.942307 116.122314 -148.340302
594 15.293900 116.471558 -147.665253
595 15.469681 116.646179 -147.496490
596 13.887558 117.170029 -148.002777
597 15.997055 117.170029 -148.002777
598 14.414932 115.947693 -147.834015
599 15.997055 117.170029 -148.340302
600 14.414932 115.598450 -147.834015
601 14.590729 117.519272 -147.327728
602 14.414932 115.249207 -147.496490
603 15.997055 115.773071 -149.015335
604 13.711761 116.646179 -147.834015
605 14.239136 117.170029 -148.002777
606 16.700226 116.471558 -147.327728
607 15.645477 115.423828 -148.340302
608 14.590729 115.773071 -147.665253
609 14.063354 117.344650 -150.196655
610 15.118103 115.947693 -147.834015
611 15.645477 115.423828 -148.677811
612 14.942307 114.725357 -149.015335
613 15.293900 115.074600 -147.327728
614 14.942307 116.471558 -148.340302
615 14.942307 116.820801 -148.340302
616 14.063354 116.296936 -147.834015
617 14.590729 116.122314 -147.665253
618 14.942307 115.423828 -147.665253
619 15.118103 115.947693 -148.171539
620 15.118103 116.296936 -148.509064
621 14.590729 116.122314 -148.002777
622 15.293900 117.519272 -148.340302
623 14.590729 117.170029 -147.665253
624 15.293900 115.773071 -149.352859
625 14.590729 115.423828 -148.677811
626 15.469681 116.296936 -147.496490
627 15.821274 116.646179 -148.171539
628 14.239136 115.773071 -148.340302
629 14.942307 115.074600 -148.340302
630 14.063354 116.646179 -148.171539
631 15.997055 116.122314 -148.677811
632 14.766525 116.296936 -148.846573
633 13.008606 116.646179 -147.834015
634 13.711761 116.646179 -147.496490
635 15.118103 115.947693 -147.158981
636 15.293900 115.423828 -147.665253
637 14.766525 116.296936 -146.483932
638 14.239136 117.868515 -147.327728
639 13.711761 114.899979 -147.158981
640 14.239136 115.773071 -147.665253
641 14.414932 116.646179 -148.509064
642 14.239136 117.519272 -146.990219
643 15.469681 115.947693 -147.158981
644 15.293900 116.122314 -148.677811
645 14.590729 115.423828 -146.990219
646 15.293900 117.170029 -146.990219
647 15.821274 115.249207 -146.483932
648 15.997055 115.773071 -146.652695
649 13.887558 115.423828 -145.977646
650 14.942307 116.471558 -149.015335
651 14.590729 117.868515 -147.327728
652 15.118103 116.646179 -149.521622
653 14.239136 117.170029 -148.340302
654 14.590729 115.773071 -146.990219
655 15.469681 115.598450 -148.171539
656 15.118103 118.043137 -148.171539
657 14.942307 115.074600 -148.002777
658 14.063354 116.646179 -148.171539
659 15.118103 115.598450 -148.509064
660 14.063354 116.995407 -147.834015
661 15.293900 115.074600 -148.340302
662 14.766525 116.296936 -147.158981
663 15.118103 116.995407 -146.821457
664 15.293900 116.471558 -147.665253
665 13.184387 116.820801 -148.002777
666 14.942307 116.122314 -147.665253
667 14.942307 116.122314 -146.990219
668 14.590729 116.122314 -149.352859
669 14.942307 117.170029 -150.027893
670 15.821274 116.995407 -146.821457
671 15.293900 116.471558 -148.677811
672 15.997055 117.170029 -148.002777
673 15.469681 115.598450 -147.496490
674 14.414932 115.598450 -147.158981
675 15.118103 115.947693 -148.846573
676 14.942307 116.820801 -147.665253
677 14.942307 116.820801 -147.665253
678 14.590729 116.471558 -148.340302
679 17.051819 117.519272 -146.990219
680 15.821274 115.947693 -148.846573
681 15.293900 115.423828 -148.340302
682 15.293900 116.820801 -148.677811
683 14.590729 116.820801 -148.340302
684 15.469681 116.296936 -147.496490
685 12.657013 116.296936 -148.171539
686 16.172852 116.296936 -148.846573
687 15.118103 116.995407 -147.834015
688 14.590729 115.773071 -150.027893
689 15.469681 115.598450 -148.509064
690 14.766525 115.947693 -147.158981
691 14.063354 116.296936 -146.483932
692 14.590729 116.820801 -149.015335
693 13.711761 115.947693 -148.509064
694 16.348648 117.170029 -149.015335
695 16.348648 117.519272 -148.002777
696 14.414932 117.344650 -148.171539
697 13.887558 116.122314 -148.002777
698 15.821274 116.995407 -149.184097
699 15.469681 116.646179 -148.509064
700 14.239136 115.423828 -147.665253
701 14.942307 117.170029 -147.327728
702 16.348648 116.122314 -147.665253
703 14.063354 116.296936 -148.171539
704 15.821274 115.947693 -146.821457
705 15.997055 116.122314 -148.002777
706 15.997055 116.122314 -148.677811
707 14.414932 116.296936 -148.171539
708 16.172852 116.995407 -147.158981
709 14.942307 115.423828 -148.677811
710 13.887558 115.074600 -148.002777
711 15.469681 115.249207 -147.496490
712 15.821274 116.296936 -148.171539
713 14.590729 116.122314 -148.002777
714 14.766525 115.249207 -147.158981
715 12.657013 115.947693 -148.846573
716 15.821274 116.995407 -148.509064
717 15.645477 117.170029 -147.665253
718 15.469681 115.598450 -147.834015
719 16.348648 115.773071 -148.340302
720 14.942307 116.471558 -149.015335
721 14.942307 114.376114 -148.340302
722 14.414932 117.693893 -149.184097
723 14.414932 116.995407 -148.171539
724 14.414932 116.995407 -148.171539
725 15.821274 116.296936 -149.184097
726 14.766525 115.947693 -146.821457
727 13.535980 117.868515 -147.665253
728 15.997055 114.725357 -148.677811
729 14.766525 115.947693 -147.834015
730 16.876022 115.598450 -147.834015
731 15.469681 116.646179 -148.846573
732 14.590729 116.820801 -148.340302
733 14.063354 117.344650 -147.834015
734 14.942307 117.519272 -148.002777
735 14.590729 116.122314 -148.677811
736 14.590729 115.773071 -148.340302
737 14.414932 115.947693 -148.509064
738 15.469681 114.899979 -149.521622
739 13.535980 116.820801 -149.352859
740 14.590729 115.074600 -147.665253
741 15.469681 115.598450 -148.509064
742 14.942307 116.820801 -148.002777
743 15.118103 116.995407 -148.846573
744 15.645477 116.471558 -146.652695
745 14.063354 116.646179 -147.496490
746 14.063354 116.296936 -148.171539
747 14.414932 116.296936 -147.834015
748 14.942307 116.471558 -148.340302
749 15.293900 116.820801 -149.015335
750 14.766525 115.947693 -149.521622
751 13.711761 115.947693 -149.859146
752 14.414932 116.296936 -148.509064
753 16.348648 116.820801 -148.002777
754 15.821274 116.995407 -147.834015
755 15.645477 117.170029 -147.665253
756 14.063354 115.947693 -148.171539
757 15.118103 115.249207 -148.171539
758 15.469681 116.296936 -146.821457
759 15.645477 116.471558 -148.002777
760 16.172852 117.693893 -147.834015
761 14.590729 116.122314 -148.340302
762 14.942307 116.820801 -147.327728
763 14.942307 116.471558 -148.340302
764 15.118103 115.249207 -147.834015
765 14.766525 116.995407 -149.184097
766 14.063354 116.296936 -147.496490
767 15.997055 116.122314 -147.327728
768 14.942307 115.773071 -149.015335
769 14.766525 115.947693 -147.834015
770 14.766525 116.296936 -148.171539
771 13.360184 116.646179 -147.834015
772 14.590729 117.170029 -147.665253
773 14.590729 117.170029 -147.327728
774 13.535980 117.170029 -148.002777
775 14.239136 115.423828 -147.327728
776 15.293900 116.820801 -148.002777
777 14.942307 118.217758 -148.677811
778 15.821274 116.995407 -146.821457
779 13.535980 116.471558 -147.665253
780 14.590729 117.868515 -146.652695
781 14.414932 115.947693 -148.846573
782 14.766525 116.646179 -148.846573
783 14.942307 115.423828 -148.002777
784 14.063354 116.296936 -147.496490
785 13.535980 115.423828 -146.652695
786 15.293900 116.122314 -148.340302
787 14.590729 115.423828 -147.665253
788 15.469681 116.646179 -148.846573
789 15.118103 116.995407 -147.834015
790 14.239136 116.471558 -147.327728
791 15.645477 116.471558 -147.327728
792 14.942307 116.122314 -148.340302
793 14.239136 117.519272 -148.002777
794 15.997055 116.122314 -148.340302
795 14.590729 116.122314 -147.327728
796 16.348648 116.820801 -149.352859
797 14.942307 116.471558 -147.665253
798 14.590729 115.074600 -148.340302
799 14.414932 116.646179 -148.509064
800 14.590729 114.376114 -147.665253
801 13.360184 115.947693 -147.496490
802 14.766525 116.296936 -147.496490
803 13.711761 117.344650 -148.171539
804 16.348648 117.170029 -146.652695
805 14.063354 116.646179 -148.509064
806 15.293900 116.122314 -149.352859
807 14.239136 115.773071 -147.665253
808 15.997055 116.122314 -148.340302
809 15.645477 115.773071 -149.015335
810 15.469681 114.201492 -149.184097
811 15.469681 116.995407 -148.509064
812 14.942307 117.170029 -148.002777
813 14.942307 116.122314 -148.340302
814 16.172852 117.344650 -148.171539
815 14.590729 116.471558 -149.015335
816 15.293900 117.519272 -148.677811
817 14.590729 116.122314 -148.002777
818 15.997055 116.820801 -148.340302
819 15.821274 116.646179 -147.496490
820 15.821274 116.296936 -147.834015
821 15.293900 117.519272 -148.340302
822 14.942307 115.423828 -147.665253
823 14.766525 115.598450 -148.509064
824 15.293900 115.773071 -148.677811
825 14.942307 116.122314 -148.677811
826 13.535980 116.471558 -148.002777
827 14.766525 114.899979 -147.158981
828 13.535980 116.820801 -148.002777
829 14.766525 115.249207 -147.834015
830 15.118103 115.947693 -147.496490
831 15.469681 115.947693 -148.509064
832 14.766525 116.646179 -147.834015
833 15.118103 116.995407 -149.184097
834 13.535980 116.122314 -146.990219
835 16.524445 116.646179 -148.171539
836 15.821274 116.296936 -147.834015
837 14.590729 117.519272 -148.340302
838 14.942307 115.423828 -148.002777
839 14.590729 117.170029 -149.015335
840 14.590729 116.471558 -146.652695
841 13.360184 116.646179 -147.834015
842 14.063354 115.249207 -148.509064
843 13.887558 117.868515 -147.327728
844 15.118103 116.646179 -148.171539
845 15.118103 116.296936 -148.171539
846 15.293900 117.170029 -148.340302
847 14.414932 116.296936 -146.821457
848 14.414932 116.296936 -148.171539
849 15.293900 115.773071 -148.340302
850 15.118103 116.296936 -147.834015
851 14.239136 116.820801 -147.665253
852 13.887558 118.217758 -148.002777
853 15.821274 115.598450 -147.496490
854 14.063354 116.296936 -147.834015
855 14.414932 116.646179 -148.509064
856 15.469681 115.598450 -148.171539
857 15.469681 115.947693 -149.521622
858 14.239136 117.519272 -148.002777
859 15.118103 116.995407 -148.846573
860 14.590729 116.820801 -148.677811
861 16.348648 114.376114 -148.002777
862 14.239136 115.423828 -146.990219
863 15.293900 116.820801 -148.677811
864 12.657013 116.296936 -148.171539
865 14.766525 117.344650 -147.496490
866 14.414932 117.344650 -147.834015
867 14.063354 117.344650 -148.171539
868 14.239136 115.074600 -149.015335
869 13.887558 115.773071 -148.340302
870 13.887558 116.820801 -148.002777
871 14.239136 115.423828 -148.677811
872 15.997055 116.471558 -148.002777
873 14.590729 115.773071 -148.677811
874 14.590729 116.122314 -147.327728
875 15.821274 116.646179 -149.184097
876 14.766525 116.646179 -147.158981
877 14.414932 117.344650 -147.834015
878 14.766525 115.598450 -147.496490
879 14.766525 117.344650 -146.146408
880 14.766525 115.249207 -148.171539
881 13.184387 117.519272 -147.327728
882 15.469681 115.947693 -147.834015
883 15.293900 114.725357 -148.002777
884 14.239136 115.773071 -148.340302
885 14.942307 115.773071 -148.002777
886 13.711761 114.899979 -148.509064
887 15.118103 115.947693 -147.496490
888 15.821274 115.947693 -147.496490
889 13.887558 115.074600 -146.990219
890 13.535980 116.471558 -149.352859
891 16.172852 115.598450 -148.846573
892 15.469681 115.947693 -148.509064
893 15.997055 115.773071 -148.677811
894 15.997055 117.170029 -148.340302
895 14.590729 116.122314 -147.665253
896 14.590729 117.170029 -149.015335
897 14.942307 116.471558 -148.002777
898 14.766525 116.646179 -147.496490
899 15.469681 115.598450 -146.821457
900 14.942307 114.376114 -148.002777
901 14.590729 115.773071 -148.340302
902 14.414932 115.947693 -147.834015
903 14.063354 116.646179 -149.521622
904 13.360184 117.344650 -148.509064
905 14.942307 117.170029 -147.327728
906 14.414932 116.646179 -149.184097
907 15.469681 115.598450 -147.496490
908 13.360184 116.646179 -148.509064
909 15.645477 114.725357 -147.665253
910 14.063354 115.947693 -147.496490
911 14.414932 116.646179 -148.846573
912 14.414932 116.646179 -148.846573
913 14.942307 117.170029 -148.002777
914 15.118103 116.296936 -146.821457
915 15.997055 116.820801 -148.340302
916 13.887558 116.122314 -147.327728
917 14.590729 117.170029 -146.990219
918 14.063354 115.947693 -147.834015
919 16.172852 115.947693 -148.171539
920 14.766525 116.296936 -148.846573
921 13.711761 116.646179 -147.834015
922 14.590729 115.423828 -147.327728
923 15.118103 116.646179 -148.846573
924 16.172852 115.947693 -148.171539
925 14.414932 114.899979 -148.509064
926 14.239136 117.170029 -148.340302
927 15.293900 116.471558 -148.002777
928 14.766525 115.947693 -148.509064
929 14.766525 115.249207 -149.184097
930 15.118103 116.296936 -148.171539
931 15.293900 115.773071 -148.677811
932 15.469681 115.249207 -147.834015
933 14.942307 116.471558 -148.340302
934 14.766525 115.598450 -149.184097
935 16.524445 115.249207 -146.821457
936 14.766525 115.598450 -148.171539
937 15.293900 116.122314 -147.327728
938 15.293900 116.122314 -146.652695
939 15.118103 117.344650 -148.171539
940 14.942307 115.074600 -149.690384
941 14.590729 116.122314 -148.002777
942 15.469681 115.598450 -147.158981
943 14.063354 117.693893 -148.846573
944 14.766525 115.249207 -147.496490
945 15.293900 116.471558 -150.365417
946 16.700226 115.773071 -148.340302
947 14.414932 116.995407 -146.483932
948 15.469681 116.296936 -147.496490
949 14.590729 116.820801 -149.015335
950 14.414932 115.249207 -148.846573
951 14.239136 117.519272 -147.665253
952 14.766525 116.646179 -147.834015
953 14.590729 118.217758 -148.002777
954 13.535980 115.074600 -147.665253
955 15.469681 116.296936 -148.846573
956 15.293900 115.423828 -148.340302
957 14.942307 115.773071 -147.327728
958 15.118103 116.296936 -148.846573
959 15.469681 116.646179 -148.171539
960 14.942307 116.820801 -147.665253
961 14.414932 116.296936 -147.834015
962 13.184387 117.519272 -147.665253
963 16.524445 115.598450 -146.821457
964 14.239136 117.519272 -148.002777
965 13.887558 116.471558 -148.677811
966 15.469681 116.646179 -147.834015
967 14.414932 115.249207 -147.496490
968 15.293900 116.820801 -148.340302
969 15.645477 117.170029 -148.677811
970 15.469681 115.947693 -148.171539
971 14.766525 115.249207 -147.496490
972 14.766525 115.598450 -149.184097
973 16.348648 116.122314 -148.677811
974 16.524445 117.344650 -148.509064
975 15.645477 116.471558 -149.015335
976 15.293900 116.122314 -147.327728
977 16.348648 116.471558 -149.015335
978 14.766525 114.550735 -147.834015
979 16.348648 116.820801 -148.340302
980 14.942307 116.471558 -147.665253
981 14.239136 115.773071 -147.665253
982 15.118103 114.899979 -147.834015
983 15.997055 116.471558 -148.677811
984 15.118103 116.995407 -147.496490
985 15.293900 116.122314 -149.352859
986 14.590729 116.122314 -149.015335
