1 21.270828 123.805588 -162.853683
2 21.798203 124.678696 -162.684921
3 21.973984 123.456360 -163.528717
4 20.919235 123.456360 -164.878799
5 20.919235 124.504074 -162.853683
6 20.743439 122.932495 -162.684921
7 23.731903 124.154831 -163.191208
8 21.798203 123.980209 -163.022446
9 21.446609 123.980209 -163.359970
10 21.798203 123.281738 -163.697479
11 20.391861 122.932495 -163.359970
12 23.204529 123.281738 -163.697479
13 21.622406 124.853317 -163.528717
14 21.973984 124.154831 -162.516159
15 22.852951 124.329453 -164.372528
16 20.216064 124.154831 -163.191208
17 22.501373 124.678696 -163.697479
18 21.095032 122.932495 -163.359970
19 22.677155 123.456360 -164.203766
20 22.501373 125.027939 -162.684921
21 21.622406 124.154831 -162.853683
22 20.391861 123.980209 -163.022446
23 20.216064 124.154831 -163.866241
24 22.149780 124.678696 -164.035004
25 21.973984 123.107117 -163.866241
26 20.391861 123.630981 -164.035004
27 21.270828 124.154831 -163.528717
28 20.567657 124.504074 -161.841125
29 21.446609 124.329453 -164.035004
30 21.446609 125.377182 -164.372528
31 21.446609 124.678696 -164.035004
32 22.149780 122.583252 -164.372528
33 21.446609 124.329453 -164.035004
34 21.270828 124.504074 -164.541290
35 23.380325 124.154831 -162.178635
36 20.567657 124.154831 -162.516159
37 21.973984 124.154831 -162.178635
38 21.798203 124.329453 -163.359970
39 23.028748 124.154831 -163.191208
40 21.622406 123.456360 -162.853683
41 21.798203 125.377182 -162.009888
42 21.446609 123.630981 -164.710052
43 21.446609 124.329453 -162.684921
44 22.149780 123.281738 -163.359970
45 20.919235 123.107117 -163.191208
46 21.798203 122.234009 -163.359970
47 22.149780 124.678696 -162.347397
48 22.677155 124.154831 -163.191208
49 20.216064 123.456360 -163.528717
50 20.743439 124.329453 -163.697479
51 22.501373 123.281738 -163.359970
52 21.798203 123.980209 -164.035004
53 21.446609 123.980209 -161.672363
54 21.798203 124.329453 -163.697479
55 21.798203 123.980209 -163.359970
56 22.149780 123.630981 -163.697479
57 21.798203 123.281738 -163.022446
58 20.919235 124.154831 -163.191208
59 21.973984 124.504074 -164.203766
60 20.040283 124.329453 -164.372528
61 22.325577 125.202560 -163.191208
62 22.677155 123.456360 -164.541290
63 22.677155 124.504074 -163.528717
64 21.622406 124.504074 -163.191208
65 21.095032 123.281738 -162.684921
66 21.622406 124.154831 -163.191208
67 21.798203 123.630981 -162.684921
68 21.973984 123.107117 -163.191208
69 20.743439 123.281738 -164.372528
70 22.149780 122.932495 -163.697479
71 22.501373 124.329453 -164.035004
72 22.677155 122.408630 -163.191208
73 21.798203 122.932495 -162.684921
74 22.501373 122.234009 -163.022446
75 21.095032 124.678696 -163.359970
76 22.325577 123.805588 -162.853683
77 21.095032 123.281738 -164.035004
78 21.622406 124.154831 -162.853683
79 21.973984 124.504074 -163.528717
80 20.391861 124.329453 -162.009888
81 21.622406 124.154831 -164.541290
82 21.270828 124.504074 -164.541290
83 21.973984 122.757874 -163.528717
84 22.325577 124.504074 -163.191208
85 21.270828 124.504074 -163.528717
86 22.149780 122.932495 -163.359970
87 22.852951 123.980209 -163.022446
88 21.095032 123.281738 -163.359970
89 20.919235 123.805588 -163.866241
90 21.446609 122.583252 -163.697479
91 22.501373 124.329453 -163.022446
92 22.501373 123.630981 -163.022446
93 23.028748 123.805588 -163.191208
94 21.270828 124.504074 -163.866241
95 22.325577 122.757874 -162.516159
96 23.204529 123.281738 -162.347397
97 20.743439 124.678696 -163.022446
98 22.149780 123.980209 -163.359970
99 22.852951 123.980209 -164.372528
100 21.622406 124.154831 -163.528717
101 21.446609 124.329453 -162.009888
102 21.973984 123.805588 -162.516159
103 21.270828 123.107117 -163.191208
104 21.798203 123.281738 -164.710052
105 21.973984 124.504074 -163.191208
106 20.567657 123.805588 -163.528717
107 21.622406 122.408630 -162.178635
108 20.567657 122.757874 -162.853683
109 22.149780 122.234009 -163.359970
110 22.325577 123.805588 -163.528717
111 21.270828 124.154831 -164.203766
112 20.391861 123.281738 -163.359970
113 20.743439 123.630981 -162.684921
114 21.622406 123.107117 -163.528717
115 22.325577 123.107117 -163.528717
116 21.270828 122.757874 -162.853683
117 21.270828 123.805588 -163.528717
118 21.798203 124.678696 -163.022446
119 22.677155 124.154831 -162.178635
120 21.798203 123.980209 -163.697479
121 20.919235 124.154831 -163.528717
122 21.973984 123.805588 -163.528717
123 20.216064 123.805588 -162.853683
124 21.973984 124.154831 -162.853683
125 21.973984 121.710159 -162.853683
126 21.973984 122.408630 -163.866241
127 21.446609 122.583252 -162.684921
128 22.325577 123.107117 -163.191208
129 21.095032 123.980209 -162.684921
130 21.446609 122.932495 -165.047562
131 22.149780 123.630981 -163.697479
132 22.677155 123.805588 -164.203766
133 22.149780 123.281738 -164.372528
134 20.743439 125.027939 -162.684921
135 21.446609 123.281738 -163.022446
136 21.798203 123.630981 -164.035004
137 22.325577 123.107117 -163.191208
138 21.446609 124.678696 -162.347397
139 21.973984 124.154831 -163.191208
140 21.270828 123.456360 -163.866241
141 20.743439 123.980209 -162.347397
142 22.677155 123.456360 -163.528717
143 21.798203 122.583252 -163.022446
144 21.622406 124.154831 -162.516159
145 23.380325 123.805588 -162.853683
146 21.973984 123.805588 -161.503601
147 21.622406 124.853317 -162.516159
148 20.567657 124.853317 -162.178635
149 22.325577 123.805588 -163.866241
150 22.149780 122.932495 -163.022446
151 21.622406 124.154831 -163.191208
152 22.501373 123.281738 -163.022446
153 22.149780 123.281738 -162.009888
154 21.622406 123.805588 -163.191208
155 21.622406 124.154831 -162.853683
156 22.325577 122.757874 -162.178635
157 22.501373 123.630981 -164.035004
158 21.798203 125.726410 -163.697479
159 21.798203 123.980209 -163.022446
160 21.622406 123.456360 -163.528717
161 21.798203 123.630981 -163.697479
162 21.270828 124.504074 -163.191208
163 21.798203 124.329453 -164.035004
164 21.270828 123.107117 -163.191208
165 20.919235 124.154831 -163.866241
166 21.446609 125.726410 -163.022446
167 21.973984 123.107117 -163.191208
168 21.798203 123.980209 -165.047562
169 21.270828 123.456360 -161.841125
170 21.798203 124.678696 -162.009888
171 20.919235 124.853317 -162.178635
172 21.798203 123.980209 -163.359970
173 21.973984 123.456360 -164.203766
174 22.852951 123.980209 -163.697479
175 22.501373 125.027939 -163.359970
176 22.501373 125.027939 -163.697479
177 21.798203 123.281738 -164.035004
178 20.919235 124.154831 -163.528717
179 21.973984 125.202560 -163.528717
180 21.973984 124.154831 -163.866241
181 22.149780 122.932495 -163.359970
182 22.325577 124.154831 -162.516159
183 21.973984 123.805588 -162.853683
184 20.391861 124.329453 -163.359970
185 23.380325 124.853317 -163.528717
186 22.325577 124.154831 -163.528717
187 21.622406 123.456360 -163.866241
188 21.095032 123.281738 -164.372528
189 21.973984 123.805588 -164.541290
190 22.852951 122.932495 -163.697479
191 21.270828 122.408630 -163.191208
192 22.149780 125.027939 -162.684921
193 22.325577 124.154831 -162.516159
194 21.622406 125.202560 -160.828552
195 21.095032 122.583252 -163.359970
196 21.798203 123.630981 -161.672363
197 21.798203 123.980209 -163.697479
198 20.743439 124.678696 -164.035004
199 21.622406 122.408630 -162.516159
200 23.204529 123.980209 -163.022446
201 22.501373 123.980209 -162.684921
202 23.907700 123.281738 -163.697479
203 21.270828 123.805588 -163.528717
204 21.798203 123.630981 -163.022446
205 23.204529 122.932495 -164.035004
206 21.798203 124.329453 -163.697479
207 21.798203 123.630981 -161.334839
208 20.743439 122.234009 -162.684921
209 22.501373 123.630981 -163.022446
210 22.677155 123.107117 -163.191208
211 21.622406 124.154831 -163.528717
212 22.149780 123.281738 -162.684921
213 22.677155 123.456360 -164.541290
214 21.622406 124.853317 -163.191208
215 20.567657 123.805588 -163.866241
216 21.798203 123.630981 -164.372528
217 21.798203 123.630981 -163.359970
218 20.216064 123.805588 -163.528717
219 22.501373 122.234009 -162.684921
220 22.149780 122.234009 -164.035004
221 21.973984 123.456360 -163.191208
222 21.622406 123.805588 -163.866241
223 22.677155 123.456360 -162.853683
224 21.798203 123.281738 -163.359970
225 21.973984 123.107117 -163.191208
226 22.501373 123.281738 -163.697479
227 22.149780 123.980209 -162.347397
228 21.622406 122.059402 -163.528717
229 21.973984 124.154831 -163.191208
230 22.149780 123.980209 -164.372528
231 22.501373 124.329453 -164.035004
232 21.973984 123.805588 -162.853683
233 20.743439 125.377182 -163.022446
234 21.973984 123.456360 -161.841125
235 21.270828 123.107117 -162.516159
236 23.028748 123.805588 -162.178635
237 21.622406 125.202560 -161.841125
238 21.798203 123.630981 -163.359970
239 22.852951 122.932495 -162.684921
240 22.325577 124.504074 -163.191208
241 21.270828 123.805588 -163.191208
242 20.919235 124.154831 -163.191208
243 22.677155 124.154831 -163.191208
244 21.622406 125.202560 -163.191208
245 20.743439 123.630981 -165.047562
246 21.798203 124.329453 -162.684921
247 22.325577 124.154831 -163.528717
248 22.325577 124.504074 -163.191208
249 22.325577 124.853317 -163.191208
250 20.919235 123.456360 -161.503601
251 20.743439 123.630981 -164.372528
252 20.216064 124.154831 -162.853683
253 20.391861 125.726410 -162.684921
254 21.622406 124.504074 -163.528717
255 20.743439 123.281738 -164.710052
256 22.149780 123.630981 -164.710052
257 21.446609 123.630981 -162.684921
258 21.798203 124.329453 -163.022446
259 21.095032 123.980209 -163.022446
260 21.973984 122.059402 -163.191208
261 22.149780 123.980209 -161.672363
262 21.095032 123.980209 -162.009888
263 22.852951 125.377182 -164.035004
264 20.743439 125.726410 -162.009888
265 21.446609 123.980209 -163.359970
266 20.919235 124.154831 -162.516159
267 21.973984 123.456360 -162.853683
268 21.446609 123.281738 -163.022446
269 22.501373 121.884781 -163.697479
270 21.622406 123.456360 -161.841125
271 20.040283 123.630981 -163.022446
272 21.446609 125.377182 -162.684921
273 21.973984 123.805588 -162.853683
274 21.622406 123.805588 -163.528717
275 21.622406 123.456360 -163.191208
276 21.095032 123.980209 -163.697479
277 22.852951 122.932495 -163.022446
278 21.622406 124.154831 -163.528717
279 22.149780 122.583252 -163.022446
280 22.852951 123.630981 -163.697479
281 21.446609 122.932495 -162.684921
282 22.677155 124.504074 -162.516159
283 21.446609 124.329453 -163.697479
284 20.919235 123.107117 -162.853683
285 21.973984 125.202560 -163.191208
286 21.973984 122.059402 -163.528717
287 21.446609 125.027939 -162.684921
288 22.501373 123.281738 -163.022446
289 20.216064 124.504074 -162.516159
290 21.622406 125.202560 -162.853683
291 21.973984 123.107117 -161.841125
292 20.743439 125.027939 -164.035004
293 21.270828 123.805588 -163.866241
294 20.919235 123.107117 -164.203766
295 21.798203 123.980209 -162.347397
296 22.325577 124.504074 -163.866241
297 21.270828 123.456360 -162.853683
298 22.677155 124.504074 -162.853683
299 23.380325 124.504074 -163.866241
300 21.973984 123.805588 -163.528717
301 22.149780 123.980209 -163.697479
302 23.028748 124.504074 -164.541290
303 21.622406 123.456360 -163.191208
304 21.973984 123.805588 -163.191208
305 20.743439 123.630981 -163.022446
306 21.798203 123.980209 -163.697479
307 22.501373 122.932495 -163.359970
308 21.973984 124.504074 -163.866241
309 21.973984 125.901031 -163.866241
310 19.864487 123.805588 -162.178635
311 20.743439 125.726410 -163.697479
312 22.149780 123.281738 -163.359970
313 20.216064 123.456360 -162.853683
314 20.919235 124.853317 -163.191208
315 22.852951 122.932495 -162.684921
316 21.798203 124.329453 -162.009888
317 21.973984 123.456360 -163.866241
318 22.325577 125.551788 -163.191208
319 21.798203 122.583252 -164.372528
320 22.325577 123.456360 -162.853683
321 22.501373 124.678696 -162.684921
322 21.973984 124.504074 -162.853683
323 20.391861 124.329453 -162.684921
324 20.567657 125.551788 -164.203766
325 20.743439 124.678696 -164.372528
326 21.446609 124.678696 -164.035004
327 22.149780 124.678696 -163.359970
328 22.149780 122.932495 -163.022446
329 21.446609 123.281738 -163.022446
330 21.622406 124.853317 -162.853683
331 20.567657 123.456360 -164.541290
332 23.028748 124.504074 -163.866241
333 21.973984 124.154831 -163.866241
334 21.270828 125.202560 -163.528717
335 22.149780 122.932495 -163.022446
336 20.567657 124.154831 -163.191208
337 21.446609 125.377182 -163.359970
338 21.446609 122.583252 -163.697479
339 20.919235 123.456360 -163.528717
340 21.973984 123.456360 -163.191208
341 21.973984 123.456360 -162.853683
342 21.622406 124.853317 -164.203766
343 21.622406 124.154831 -163.528717
344 21.973984 125.202560 -164.878799
345 21.973984 124.154831 -163.528717
346 21.973984 122.408630 -163.191208
347 21.095032 123.630981 -163.697479
348 22.325577 124.154831 -163.191208
349 21.622406 124.504074 -162.178635
350 21.095032 124.329453 -164.035004
351 20.919235 124.154831 -162.853683
352 22.501373 124.329453 -163.697479
353 20.919235 122.757874 -163.191208
354 22.149780 123.980209 -164.035004
355 21.270828 123.456360 -163.191208
356 22.149780 123.630981 -162.684921
357 21.973984 124.154831 -162.178635
358 22.325577 124.154831 -163.528717
359 21.622406 123.107117 -163.191208
360 22.149780 123.980209 -164.035004
361 22.149780 124.329453 -163.359970
362 20.040283 123.630981 -164.035004
363 20.216064 124.853317 -163.528717
364 22.852951 123.630981 -164.035004
365 21.095032 123.980209 -162.684921
366 21.622406 124.154831 -162.853683
367 20.743439 125.377182 -164.035004
368 21.973984 124.154831 -163.528717
369 21.622406 122.408630 -162.178635
370 20.391861 125.027939 -162.684921
371 21.622406 124.154831 -163.528717
372 20.567657 124.154831 -162.853683
373 23.028748 123.456360 -163.866241
374 22.149780 124.678696 -164.035004
375 21.798203 124.329453 -163.022446
376 22.149780 122.932495 -164.035004
377 21.446609 122.932495 -162.347397
378 21.798203 125.377182 -163.697479
379 21.095032 123.980209 -162.347397
380 22.149780 123.630981 -164.710052
381 21.446609 123.630981 -164.372528
382 22.325577 124.154831 -163.866241
383 20.743439 123.980209 -163.022446
384 21.095032 123.980209 -163.697479
385 22.149780 123.630981 -161.672363
386 20.743439 123.980209 -163.697479
387 20.743439 123.630981 -163.359970
388 22.677155 124.504074 -162.853683
389 21.798203 124.329453 -163.359970
390 21.270828 123.805588 -163.528717
391 22.149780 122.932495 -164.035004
392 21.270828 124.504074 -162.178635
393 21.798203 125.377182 -162.347397
394 21.095032 125.377182 -163.022446
395 21.973984 124.154831 -162.178635
396 22.852951 123.980209 -163.359970
397 21.622406 124.504074 -163.528717
398 22.149780 124.329453 -162.347397
399 21.622406 124.154831 -163.191208
400 22.501373 123.281738 -163.022446
401 21.270828 123.805588 -162.853683
402 20.216064 123.107117 -162.853683
403 22.501373 123.630981 -163.359970
404 21.798203 125.027939 -163.022446
405 22.325577 123.805588 -163.528717
406 21.973984 124.504074 -162.853683
407 21.798203 125.377182 -164.035004
408 20.567657 123.805588 -163.528717
409 20.919235 124.504074 -162.853683
410 23.556122 122.583252 -162.347397
411 21.622406 125.551788 -163.528717
412 22.677155 123.805588 -162.853683
413 22.501373 123.281738 -163.359970
414 20.919235 124.853317 -163.191208
415 20.743439 123.281738 -163.359970
416 21.622406 124.154831 -162.853683
417 22.501373 123.980209 -162.684921
418 21.973984 124.154831 -162.178635
419 21.798203 124.329453 -163.697479
420 21.095032 123.980209 -163.022446
421 21.798203 123.281738 -162.347397
422 21.622406 124.853317 -163.191208
423 22.501373 124.329453 -163.022446
424 21.973984 122.059402 -162.178635
425 21.622406 124.504074 -163.528717
426 20.216064 125.202560 -163.866241
427 21.798203 123.630981 -162.684921
428 21.973984 122.757874 -162.853683
429 23.204529 124.329453 -163.359970
430 22.325577 124.504074 -164.878799
431 22.325577 123.805588 -162.178635
432 21.095032 123.630981 -164.035004
433 21.446609 125.027939 -164.035004
434 20.743439 123.980209 -163.697479
435 21.446609 124.329453 -163.359970
436 21.622406 122.757874 -162.178635
437 21.095032 124.329453 -163.359970
438 21.622406 124.154831 -164.203766
439 21.270828 124.154831 -161.841125
440 21.446609 123.980209 -163.697479
441 22.501373 123.630981 -163.697479
442 21.095032 123.281738 -165.047562
443 21.973984 124.504074 -163.528717
444 20.919235 123.805588 -163.528717
445 21.270828 124.504074 -163.191208
446 21.973984 123.107117 -164.541290
447 21.798203 123.281738 -162.347397
448 21.798203 123.281738 -163.697479
449 22.501373 124.329453 -162.684921
450 21.446609 124.329453 -163.359970
451 22.677155 123.805588 -161.166077
452 22.149780 123.980209 -162.684921
453 22.149780 124.678696 -163.697479
454 21.270828 123.805588 -162.853683
455 21.095032 123.980209 -163.697479
456 22.325577 122.757874 -162.853683
457 21.622406 123.805588 -162.853683
458 21.622406 125.202560 -162.853683
459 21.973984 123.456360 -163.866241
460 22.677155 124.154831 -162.853683
461 21.095032 123.281738 -163.359970
462 21.973984 122.408630 -162.853683
463 21.446609 124.678696 -162.684921
464 22.501373 122.583252 -165.047562
465 22.149780 123.980209 -163.359970
466 21.798203 124.329453 -162.347397
467 22.852951 123.980209 -164.710052
468 21.446609 123.630981 -164.035004
469 21.973984 124.504074 -164.203766
470 21.798203 123.980209 -164.372528
471 21.095032 122.583252 -164.035004
472 20.567657 123.805588 -163.866241
473 21.622406 124.154831 -164.878799
474 21.622406 123.805588 -162.516159
475 22.852951 123.980209 -162.347397
476 21.973984 123.456360 -162.516159
477 20.040283 123.630981 -163.359970
478 21.973984 123.456360 -163.191208
479 21.270828 124.154831 -163.866241
480 21.798203 123.980209 -164.372528
481 22.325577 122.408630 -163.191208
482 21.798203 122.234009 -162.347397
483 21.446609 124.678696 -164.035004
484 22.325577 123.107117 -162.853683
485 22.149780 125.027939 -163.697479
486 22.149780 123.281738 -162.684921
487 23.028748 123.107117 -163.528717
488 21.095032 124.678696 -165.385086
489 19.688690 124.329453 -162.684921
490 20.567657 123.805588 -162.516159
491 22.852951 125.027939 -162.684921
492 21.446609 123.630981 -162.684921
493 21.095032 124.678696 -163.697479
494 22.677155 123.456360 -163.528717
495 22.149780 124.329453 -164.372528
496 22.501373 125.027939 -162.347397
497 22.149780 123.980209 -163.022446
498 21.622406 124.154831 -162.853683
499 21.095032 123.281738 -163.022446
500 21.622406 124.154831 -162.516159
501 21.622406 125.551788 -162.853683
502 22.325577 123.805588 -163.528717
503 21.798203 123.630981 -163.022446
504 21.095032 123.980209 -162.347397
505 20.216064 125.901031 -163.866241
506 23.556122 122.932495 -163.022446
507 21.622406 124.853317 -163.191208
508 21.798203 122.583252 -163.697479
509 21.798203 124.678696 -162.347397
510 19.864487 124.154831 -162.853683
511 21.095032 124.678696 -163.697479
512 22.325577 123.805588 -163.191208
513 21.446609 123.980209 -164.035004
514 21.622406 124.853317 -163.866241
515 20.919235 122.059402 -162.853683
516 20.919235 125.202560 -162.853683
517 21.798203 123.980209 -162.009888
518 21.973984 123.456360 -162.178635
519 21.095032 122.932495 -162.684921
520 22.149780 123.281738 -163.697479
521 22.501373 125.027939 -162.684921
522 21.270828 125.551788 -163.866241
523 21.446609 123.980209 -161.672363
524 21.270828 124.504074 -162.853683
525 21.973984 125.202560 -163.191208
526 22.325577 124.504074 -163.191208
527 20.919235 123.805588 -163.866241
528 20.567657 124.154831 -162.853683
529 20.919235 124.154831 -163.191208
530 21.622406 124.504074 -162.516159
531 21.973984 123.107117 -163.866241
532 20.216064 124.504074 -162.853683
533 21.622406 123.107117 -163.528717
534 20.567657 123.456360 -163.191208
535 21.270828 123.805588 -162.853683
536 20.567657 124.154831 -162.178635
537 21.095032 125.027939 -162.684921
538 23.204529 124.329453 -162.684921
539 21.446609 125.027939 -162.347397
540 21.095032 125.377182 -163.697479
541 22.325577 123.107117 -162.516159
542 22.149780 123.980209 -162.347397
543 21.446609 123.630981 -163.359970
544 21.622406 124.853317 -162.178635
545 22.501373 123.630981 -163.359970
546 21.270828 124.154831 -163.191208
547 22.149780 125.377182 -164.035004
548 22.325577 122.408630 -162.178635
549 22.677155 124.154831 -162.853683
550 22.325577 123.805588 -162.516159
551 21.973984 123.805588 -163.866241
552 21.622406 123.805588 -163.528717
553 22.325577 122.757874 -162.853683
554 21.622406 125.901031 -163.528717
555 20.919235 123.805588 -163.528717
556 23.028748 123.456360 -164.203766
557 21.973984 123.805588 -162.516159
558 21.270828 124.154831 -162.516159
559 21.622406 124.504074 -164.203766
560 21.270828 124.853317 -162.516159
561 21.095032 123.630981 -164.035004
562 21.973984 124.154831 -163.866241
563 22.149780 124.678696 -162.009888
564 22.852951 124.678696 -162.347397
565 22.325577 123.805588 -162.516159
566 21.270828 124.853317 -162.178635
567 22.852951 122.583252 -164.372528
568 21.622406 124.504074 -163.191208
569 22.149780 124.329453 -162.684921
570 22.149780 123.980209 -163.697479
571 22.501373 124.329453 -161.672363
572 22.149780 123.630981 -162.684921
573 21.798203 124.678696 -162.347397
574 20.919235 123.805588 -163.866241
575 23.028748 123.456360 -163.191208
576 21.622406 123.805588 -162.178635
577 21.446609 125.027939 -162.684921
578 21.270828 123.805588 -163.191208
579 21.973984 123.805588 -162.853683
580 22.325577 124.504074 -162.853683
581 21.973984 123.456360 -162.853683
582 23.028748 124.154831 -163.528717
583 22.149780 123.630981 -163.697479
584 21.973984 125.202560 -162.853683
585 20.743439 123.630981 -162.684921
586 21.973984 123.456360 -163.866241
587 21.622406 124.154831 -163.528717
588 21.095032 125.027939 -162.009888
589 21.270828 123.805588 -162.178635
590 21.095032 124.329453 -163.359970
591 20.743439 123.281738 -162.347397
592 20.567657 124.154831 -162.853683
593 22.149780 124.678696 -162.684921
594 21.973984 124.504074 -162.516159
595 23.556122 123.980209 -163.697479
596 20.040283 122.583252 -162.684921
597 21.798203 122.932495 -164.035004
598 22.149780 124.329453 -163.359970
599 21.446609 123.980209 -162.684921
600 22.325577 123.456360 -163.191208
601 22.149780 124.678696 -163.359970
602 21.973984 124.504074 -161.503601
603 21.446609 123.281738 -163.359970
604 22.325577 124.154831 -163.528717
605 22.501373 122.932495 -164.372528
606 21.446609 123.281738 -163.697479
607 20.743439 123.281738 -162.684921
608 21.270828 123.456360 -163.866241
609 21.446609 123.980209 -163.697479
610 22.149780 123.281738 -163.359970
611 21.446609 125.027939 -163.697479
612 21.270828 124.504074 -164.541290
613 21.095032 125.027939 -163.359970
614 20.743439 124.329453 -163.697479
615 21.622406 124.853317 -163.528717
616 21.446609 124.678696 -162.347397
617 21.270828 123.805588 -163.866241
618 20.919235 123.805588 -163.528717
619 21.270828 123.107117 -164.203766
620 22.501373 124.678696 -162.684921
621 20.216064 125.551788 -163.191208
622 23.204529 122.583252 -163.022446
623 21.446609 123.630981 -163.697479
624 21.270828 123.805588 -162.516159
625 23.204529 124.678696 -163.022446
626 21.622406 124.154831 -163.528717
627 21.798203 123.281738 -163.359970
628 20.743439 124.329453 -163.359970
629 20.743439 123.630981 -163.359970
630 21.446609 125.726410 -164.372528
631 21.446609 123.281738 -163.022446
632 22.149780 123.630981 -163.022446
633 22.852951 122.932495 -163.022446
634 23.028748 123.456360 -162.853683
635 22.325577 123.456360 -163.528717
636 21.798203 122.932495 -164.035004
637 20.216064 123.107117 -162.516159
638 21.270828 124.504074 -163.866241
639 21.622406 123.456360 -163.866241
640 21.622406 123.107117 -162.853683
641 21.270828 125.202560 -162.516159
642 21.973984 123.456360 -162.178635
643 21.798203 123.630981 -163.022446
644 20.919235 122.408630 -162.178635
645 21.622406 124.504074 -162.853683
646 21.095032 123.980209 -164.710052
647 21.622406 124.154831 -162.516159
648 22.677155 122.408630 -162.853683
649 22.325577 124.853317 -163.866241
650 22.149780 124.329453 -162.009888
651 22.501373 124.329453 -163.022446
652 21.446609 123.281738 -163.359970
653 21.446609 124.329453 -163.022446
654 22.325577 124.154831 -162.178635
655 20.391861 123.980209 -162.684921
656 21.446609 123.630981 -163.359970
657 21.270828 124.853317 -161.841125
658 20.391861 123.281738 -163.359970
659 20.919235 123.456360 -163.191208
660 21.095032 123.281738 -163.359970
661 22.149780 125.027939 -163.022446
662 21.798203 123.281738 -164.372528
663 22.852951 124.329453 -164.035004
664 22.852951 123.281738 -162.009888
665 20.919235 123.456360 -163.191208
666 20.919235 122.757874 -163.191208
667 22.325577 122.757874 -162.853683
668 22.501373 123.980209 -163.022446
669 22.677155 123.107117 -165.216324
670 21.270828 124.853317 -162.516159
671 21.446609 123.980209 -164.372528
672 21.798203 123.630981 -163.697479
673 21.270828 122.757874 -163.866241
674 23.028748 123.107117 -162.853683
675 21.622406 124.154831 -163.528717
676 21.446609 123.980209 -164.035004
677 21.446609 122.932495 -163.022446
678 20.919235 123.107117 -162.853683
679 22.149780 123.281738 -163.022446
680 22.149780 123.630981 -162.684921
681 21.270828 123.107117 -162.516159
682 21.798203 125.377182 -164.035004
683 23.556122 124.329453 -164.372528
684 21.095032 123.980209 -163.697479
685 19.337112 125.027939 -162.347397
686 21.622406 124.504074 -162.853683
687 22.149780 124.329453 -162.347397
688 23.028748 123.805588 -162.516159
689 22.325577 124.853317 -162.853683
690 22.852951 124.678696 -163.697479
691 21.622406 124.154831 -163.191208
692 21.973984 124.853317 -161.841125
693 21.798203 123.630981 -164.035004
694 21.622406 124.853317 -163.191208
695 20.743439 124.329453 -163.359970
696 20.567657 123.456360 -163.528717
697 21.622406 124.154831 -162.853683
698 22.325577 124.504074 -163.191208
699 22.325577 122.059402 -162.516159
700 21.270828 123.107117 -162.178635
701 21.622406 122.757874 -161.841125
702 22.325577 123.456360 -163.191208
703 21.622406 124.504074 -163.528717
704 21.095032 123.630981 -163.022446
705 22.325577 123.107117 -163.528717
706 21.622406 123.805588 -163.191208
707 22.852951 122.234009 -160.997314
708 22.501373 123.630981 -163.359970
709 19.161316 122.408630 -162.178635
710 21.622406 123.805588 -164.203766
711 22.325577 123.805588 -163.191208
712 22.149780 123.630981 -163.697479
713 20.743439 123.630981 -163.697479
714 20.391861 125.027939 -163.697479
715 21.973984 124.504074 -163.866241
716 21.973984 124.154831 -164.203766
717 21.270828 123.107117 -163.191208
718 22.325577 124.853317 -163.866241
719 20.743439 123.281738 -163.697479
720 21.446609 124.678696 -162.684921
721 21.270828 124.853317 -164.203766
722 20.391861 123.980209 -162.684921
723 21.973984 124.504074 -163.528717
724 22.677155 124.154831 -163.528717
725 21.973984 123.456360 -163.528717
726 21.270828 124.853317 -163.191208
727 20.216064 125.551788 -164.878799
728 21.270828 124.504074 -162.853683
729 21.446609 124.678696 -163.697479
730 21.270828 123.805588 -163.191208
731 22.149780 123.630981 -163.697479
732 19.864487 123.805588 -163.528717
733 21.446609 122.932495 -164.035004
734 22.852951 123.281738 -163.359970
735 21.622406 124.154831 -163.528717
736 21.798203 123.630981 -163.022446
737 22.325577 124.154831 -163.191208
738 22.852951 124.329453 -163.697479
739 20.567657 123.456360 -163.191208
740 21.095032 124.678696 -163.359970
741 21.622406 124.154831 -162.178635
742 21.095032 124.678696 -163.022446
743 21.270828 123.107117 -162.853683
744 21.973984 124.154831 -162.516159
745 21.798203 123.980209 -163.697479
746 20.743439 124.329453 -163.022446
747 20.216064 122.757874 -162.178635
748 22.852951 125.027939 -163.359970
749 20.567657 124.853317 -163.528717
750 22.501373 124.329453 -163.022446
751 21.446609 124.329453 -163.697479
752 21.973984 124.853317 -162.853683
753 22.149780 122.234009 -162.347397
754 20.919235 123.456360 -160.828552
755 21.798203 123.980209 -163.359970
756 21.095032 124.678696 -162.684921
757 21.798203 125.726410 -162.009888
758 22.325577 123.805588 -163.528717
759 22.501373 123.980209 -164.372528
760 22.149780 123.630981 -164.035004
761 22.501373 124.329453 -163.359970
762 21.095032 123.630981 -163.022446
763 22.149780 123.281738 -164.035004
764 21.446609 125.377182 -163.697479
765 20.919235 123.456360 -163.528717
766 21.622406 124.154831 -163.528717
767 20.919235 124.154831 -163.528717
768 22.501373 123.980209 -164.372528
769 23.380325 123.805588 -163.528717
770 21.622406 124.504074 -163.528717
771 21.622406 124.504074 -163.866241
772 21.973984 124.853317 -162.853683
773 20.391861 124.329453 -163.022446
774 20.391861 125.377182 -163.359970
775 21.095032 123.980209 -162.009888
776 21.798203 124.329453 -163.022446
777 21.973984 124.154831 -163.866241
778 21.622406 125.202560 -163.528717
779 21.973984 124.504074 -163.528717
780 21.622406 124.504074 -162.853683
781 20.567657 124.154831 -162.853683
782 21.798203 124.329453 -163.022446
783 22.501373 123.630981 -164.035004
784 21.446609 124.329453 -164.372528
785 20.919235 123.805588 -163.528717
786 22.501373 123.281738 -164.035004
787 21.973984 123.805588 -162.516159
788 22.677155 124.154831 -163.866241
789 21.446609 124.329453 -164.710052
790 21.446609 123.281738 -163.697479
791 21.798203 122.932495 -163.022446
792 21.973984 124.504074 -163.528717
793 22.149780 123.630981 -164.710052
794 21.270828 124.154831 -162.516159
795 21.622406 122.757874 -163.866241
796 20.743439 124.329453 -162.684921
797 22.149780 123.630981 -163.697479
798 21.446609 124.329453 -162.684921
799 21.798203 124.329453 -164.035004
800 21.095032 123.281738 -162.347397
801 21.973984 123.456360 -163.866241
802 20.216064 124.154831 -163.866241
803 20.391861 124.329453 -164.035004
804 20.743439 123.630981 -162.684921
805 22.852951 123.980209 -165.385086
806 20.919235 124.504074 -164.541290
807 21.622406 123.805588 -162.178635
808 21.446609 122.583252 -163.022446
809 22.852951 125.027939 -163.359970
810 22.149780 125.726410 -162.009888
811 20.919235 124.154831 -162.853683
812 21.095032 123.980209 -163.359970
813 20.567657 124.154831 -163.191208
814 21.622406 124.154831 -163.866241
815 22.149780 124.329453 -162.684921
816 22.325577 123.456360 -163.528717
817 23.731903 124.504074 -161.841125
818 21.622406 122.757874 -162.853683
819 22.149780 123.281738 -163.697479
820 21.973984 124.853317 -162.853683
821 21.270828 122.757874 -162.853683
822 21.446609 123.980209 -164.372528
823 21.798203 123.980209 -163.022446
824 21.446609 122.932495 -161.672363
825 21.446609 121.535538 -163.359970
826 21.446609 123.281738 -164.035004
827 21.798203 124.678696 -162.684921
828 21.973984 121.710159 -160.828552
829 20.919235 124.154831 -163.866241
830 23.028748 125.202560 -163.528717
831 21.446609 122.583252 -163.022446
832 21.270828 124.504074 -165.216324
833 22.325577 124.504074 -162.516159
834 20.567657 124.154831 -164.203766
835 21.973984 123.107117 -163.528717
836 20.567657 123.456360 -163.191208
837 22.149780 124.678696 -163.697479
838 20.919235 123.456360 -163.528717
839 21.973984 123.805588 -163.191208
840 23.028748 123.805588 -163.191208
841 21.798203 124.678696 -162.347397
842 22.325577 125.202560 -164.203766
843 20.216064 123.456360 -162.178635
844 21.973984 125.551788 -162.853683
845 21.446609 124.678696 -162.684921
846 21.095032 123.630981 -163.359970
847 21.446609 123.281738 -162.684921
848 23.028748 123.107117 -163.191208
849 21.798203 124.329453 -163.022446
850 21.973984 125.551788 -163.191208
851 21.095032 123.980209 -163.359970
852 21.622406 124.504074 -163.191208
853 22.325577 125.202560 -162.516159
854 22.325577 123.456360 -163.528717
855 22.325577 124.853317 -163.866241
856 20.567657 123.107117 -162.853683
857 21.446609 124.678696 -162.009888
858 22.325577 123.805588 -163.528717
859 21.973984 123.805588 -163.866241
860 21.798203 124.329453 -163.697479
861 21.270828 124.154831 -163.866241
862 21.622406 123.805588 -164.541290
863 20.743439 124.678696 -163.022446
864 22.501373 124.678696 -163.359970
865 21.973984 124.504074 -162.178635
866 21.446609 123.630981 -164.035004
867 21.446609 123.281738 -164.372528
868 21.622406 124.154831 -163.528717
869 21.973984 123.805588 -163.866241
870 22.149780 123.281738 -163.022446
871 21.270828 123.805588 -163.191208
872 21.622406 124.853317 -161.841125
873 22.325577 124.154831 -163.866241
874 20.919235 124.154831 -164.878799
875 21.622406 123.456360 -164.541290
876 22.325577 123.456360 -162.853683
877 22.325577 124.853317 -162.516159
878 20.919235 124.154831 -164.541290
879 21.095032 124.329453 -163.359970
880 20.391861 124.329453 -162.347397
881 21.270828 123.107117 -163.528717
882 22.149780 123.281738 -163.697479
883 21.973984 123.456360 -163.528717
884 22.149780 124.329453 -163.697479
885 22.501373 123.281738 -162.684921
886 20.743439 122.583252 -161.334839
887 21.446609 124.329453 -163.022446
888 21.622406 124.504074 -162.853683
889 20.567657 123.107117 -163.191208
890 20.919235 124.154831 -164.203766
891 21.973984 124.504074 -163.191208
892 22.852951 123.630981 -163.022446
893 21.446609 122.932495 -163.697479
894 21.622406 124.504074 -163.191208
895 21.622406 124.853317 -163.191208
896 22.325577 122.059402 -162.853683
897 22.325577 123.456360 -163.191208
898 22.501373 122.932495 -163.022446
899 21.446609 123.281738 -163.697479
900 20.743439 123.281738 -162.684921
901 23.556122 124.329453 -162.347397
902 20.743439 123.281738 -163.359970
903 21.446609 123.980209 -163.359970
904 21.622406 123.456360 -162.178635
905 21.095032 123.281738 -164.035004
906 21.270828 123.456360 -162.853683
907 22.677155 124.154831 -163.191208
908 22.149780 123.980209 -165.047562
909 21.973984 124.154831 -162.178635
910 22.149780 124.678696 -163.022446
911 22.149780 123.281738 -163.359970
912 21.798203 123.630981 -162.684921
913 21.446609 124.329453 -164.372528
914 21.622406 124.154831 -164.203766
915 21.622406 124.504074 -164.203766
916 21.622406 125.202560 -163.191208
917 21.095032 124.678696 -164.710052
918 21.270828 124.154831 -163.191208
919 21.798203 123.630981 -164.035004
920 22.325577 124.154831 -162.853683
921 21.270828 124.853317 -162.516159
922 20.567657 124.154831 -163.191208
923 21.622406 121.710159 -164.203766
924 20.919235 124.853317 -162.853683
925 19.688690 123.980209 -163.359970
926 22.149780 123.980209 -162.347397
927 20.743439 123.980209 -163.359970
928 21.622406 123.456360 -162.516159
929 21.270828 124.504074 -162.853683
930 21.446609 123.630981 -164.035004
931 20.919235 123.107117 -163.528717
932 21.270828 124.154831 -163.866241
933 21.095032 123.630981 -163.359970
934 20.919235 124.504074 -163.191208
935 21.973984 123.456360 -162.178635
936 21.095032 124.678696 -164.035004
937 21.798203 124.329453 -163.022446
938 22.325577 125.202560 -163.866241
939 22.501373 123.630981 -165.722610
940 21.095032 123.630981 -164.035004
941 21.095032 123.630981 -162.684921
942 22.501373 123.630981 -163.359970
943 21.270828 124.154831 -163.866241
944 21.973984 123.805588 -162.853683
945 21.446609 123.281738 -163.022446
946 22.677155 123.107117 -163.866241
947 21.798203 123.630981 -162.684921
948 20.216064 125.551788 -162.853683
949 21.798203 123.980209 -163.359970
950 22.501373 123.281738 -163.022446
951 20.391861 123.630981 -162.684921
952 20.919235 123.107117 -162.516159
953 21.622406 123.456360 -163.528717
954 21.270828 123.805588 -162.516159
955 22.501373 124.329453 -163.697479
956 20.391861 125.377182 -163.359970
957 23.204529 124.329453 -163.359970
958 21.798203 123.630981 -163.022446
959 20.743439 123.980209 -163.359970
960 22.501373 124.678696 -163.022446
961 23.731903 123.805588 -163.528717
962 23.028748 123.456360 -162.516159
963 21.095032 123.980209 -164.372528
964 21.973984 123.456360 -163.866241
965 22.501373 124.678696 -164.035004
966 21.446609 123.630981 -164.035004
967 23.028748 123.805588 -163.191208
968 21.270828 124.154831 -163.528717
969 22.149780 125.027939 -162.347397
970 20.391861 124.329453 -162.684921
971 21.270828 123.805588 -164.203766
972 22.677155 123.456360 -162.178635
973 22.149780 124.329453 -161.334839
974 22.852951 122.583252 -163.022446
975 23.731903 124.504074 -162.516159
976 22.677155 124.154831 -163.191208
977 22.149780 125.027939 -162.347397
978 21.798203 123.980209 -162.347397
979 21.446609 125.027939 -163.359970
980 21.270828 123.107117 -162.853683
981 22.501373 125.027939 -163.022446
982 21.973984 123.456360 -163.528717
983 21.973984 124.504074 -164.203766
984 20.743439 125.027939 -163.359970
985 22.325577 121.360916 -163.191208
986 20.919235 123.805588 -164.203766
987 20.391861 123.630981 -163.022446
988 22.501373 124.329453 -163.359970
989 20.567657 124.853317 -163.866241
990 21.270828 124.504074 -163.191208
991 21.798203 124.329453 -163.359970
992 24.083496 124.504074 -162.516159
993 21.446609 122.932495 -161.672363
994 22.501373 123.630981 -163.359970
995 22.325577 123.107117 -163.866241
996 22.149780 123.980209 -163.697479
997 20.391861 123.281738 -162.684921
998 21.270828 123.805588 -164.203766
999 21.446609 122.932495 -162.684921
1000 21.270828 124.154831 -163.528717
1001 22.325577 125.202560 -163.528717
1002 22.852951 124.678696 -163.022446
1003 21.973984 123.456360 -162.516159
1004 20.919235 124.154831 -162.853683
1005 20.391861 124.329453 -164.372528
1006 20.919235 123.456360 -163.191208
1007 21.798203 123.281738 -163.022446
1008 20.216064 122.757874 -163.191208
1009 21.446609 124.678696 -162.684921
1010 22.677155 124.853317 -164.203766
1011 21.798203 123.281738 -162.684921
1012 20.743439 125.377182 -163.022446
1013 21.270828 123.107117 -164.203766
1014 20.919235 124.154831 -163.191208
1015 23.907700 123.980209 -163.359970
1016 21.095032 124.678696 -163.697479
1017 21.973984 124.504074 -163.866241
1018 22.149780 122.932495 -162.347397
