1 21.270828 123.107117 -164.541290
2 21.622406 122.059402 -164.203766
3 22.677155 123.805588 -163.191208
4 21.973984 123.456360 -164.541290
5 21.622406 124.504074 -162.853683
6 22.149780 123.630981 -163.697479
7 21.270828 122.757874 -164.878799
8 22.677155 123.456360 -162.516159
9 20.567657 123.107117 -164.541290
10 21.973984 124.504074 -163.528717
11 21.798203 123.281738 -164.372528
12 21.973984 123.456360 -164.203766
13 22.501373 122.234009 -163.359970
14 22.501373 123.630981 -164.710052
15 21.798203 123.630981 -164.035004
16 21.622406 123.456360 -164.541290
17 20.743439 123.281738 -162.684921
18 22.325577 123.805588 -162.178635
19 21.973984 122.408630 -163.866241
20 21.973984 123.805588 -164.203766
21 21.270828 124.853317 -163.191208
22 22.325577 123.805588 -163.191208
23 22.149780 124.329453 -164.035004
24 21.798203 123.980209 -163.697479
25 20.743439 122.932495 -163.359970
26 20.919235 123.107117 -163.528717
27 20.743439 122.583252 -163.359970
28 22.501373 123.630981 -165.047562
29 21.973984 122.757874 -163.191208
30 22.501373 123.980209 -163.697479
31 22.149780 121.884781 -162.684921
32 20.567657 124.504074 -164.541290
33 23.380325 124.154831 -163.528717
34 23.556122 123.980209 -163.697479
35 23.204529 122.234009 -163.359970
36 21.095032 123.281738 -163.022446
37 23.204529 123.281738 -164.372528
38 21.446609 122.234009 -164.372528
39 22.325577 123.805588 -163.191208
40 22.501373 122.583252 -163.022446
41 21.798203 122.583252 -162.684921
42 20.743439 123.630981 -163.359970
43 20.919235 123.107117 -162.516159
44 21.270828 123.107117 -163.528717
45 21.798203 123.281738 -162.684921
46 21.622406 123.805588 -163.528717
47 21.622406 123.456360 -163.191208
48 22.501373 124.329453 -163.022446
49 21.973984 123.805588 -163.528717
50 21.446609 124.329453 -164.372528
51 21.973984 123.805588 -162.516159
52 21.446609 122.932495 -163.697479
53 22.325577 124.154831 -163.528717
54 21.973984 123.107117 -162.853683
55 21.798203 123.281738 -163.022446
56 20.743439 124.678696 -162.347397
57 21.798203 122.583252 -162.684921
58 21.446609 124.329453 -163.359970
59 22.677155 123.805588 -164.541290
60 21.270828 123.456360 -163.528717
61 21.622406 122.408630 -163.191208
62 21.095032 124.329453 -164.710052
63 22.501373 123.281738 -163.359970
64 23.731903 123.107117 -162.853683
65 22.501373 124.329453 -164.035004
66 22.852951 123.980209 -163.697479
67 22.325577 123.456360 -162.178635
68 22.325577 123.107117 -163.866241
69 21.973984 123.805588 -162.516159
70 21.270828 124.154831 -162.853683
71 21.622406 123.456360 -164.203766
72 22.149780 122.234009 -163.697479
73 21.446609 123.980209 -162.684921
74 21.622406 122.757874 -164.203766
75 21.446609 122.234009 -163.697479
76 21.622406 123.107117 -163.866241
77 21.446609 122.932495 -164.035004
78 21.270828 123.805588 -162.516159
79 21.446609 123.630981 -163.022446
80 22.149780 123.630981 -164.035004
81 21.270828 124.154831 -163.866241
82 21.973984 124.504074 -163.191208
83 21.622406 124.154831 -163.866241
84 21.973984 122.059402 -163.528717
85 22.325577 124.504074 -163.191208
86 21.973984 123.107117 -163.191208
87 21.446609 122.583252 -163.359970
88 23.028748 123.456360 -163.191208
89 23.028748 124.154831 -162.853683
90 21.270828 124.154831 -162.853683
91 22.677155 124.154831 -162.853683
92 22.149780 123.281738 -162.684921
93 21.798203 122.234009 -164.710052
94 21.973984 123.456360 -164.541290
95 21.095032 124.329453 -164.372528
96 22.852951 125.027939 -163.359970
97 21.973984 123.805588 -163.191208
98 21.095032 123.281738 -162.684921
99 23.380325 124.504074 -163.528717
100 21.973984 123.456360 -162.853683
101 21.622406 124.154831 -164.203766
102 22.149780 122.583252 -163.359970
103 21.798203 123.281738 -164.035004
104 22.325577 124.154831 -164.541290
105 22.149780 123.630981 -163.359970
106 22.149780 123.281738 -163.697479
107 20.216064 123.456360 -162.853683
108 21.095032 122.932495 -163.359970
109 21.798203 122.932495 -163.022446
110 20.919235 124.154831 -162.853683
111 21.798203 123.281738 -162.684921
112 20.919235 124.504074 -163.528717
113 21.446609 123.630981 -163.359970
114 23.556122 123.980209 -164.035004
115 22.501373 124.678696 -164.035004
116 23.028748 123.805588 -163.191208
117 20.919235 124.504074 -164.203766
118 22.501373 122.234009 -163.697479
119 21.798203 123.630981 -164.710052
120 22.149780 125.726410 -163.359970
121 22.501373 123.980209 -162.684921
122 21.973984 122.059402 -164.203766
123 21.270828 123.107117 -163.528717
124 22.852951 123.630981 -163.359970
125 21.270828 124.504074 -163.866241
126 20.567657 124.504074 -163.528717
127 21.095032 123.980209 -164.035004
128 23.380325 123.805588 -164.203766
129 22.501373 123.281738 -164.372528
130 22.325577 122.757874 -163.866241
131 21.446609 123.980209 -163.697479
132 20.391861 123.980209 -163.697479
133 23.204529 124.678696 -163.697479
134 21.270828 123.805588 -162.853683
135 21.973984 123.107117 -163.528717
136 21.095032 122.583252 -164.710052
137 21.973984 123.107117 -163.191208
138 21.973984 122.757874 -163.528717
139 22.149780 123.281738 -165.047562
140 21.973984 123.456360 -163.866241
141 22.149780 124.329453 -164.035004
142 20.216064 124.154831 -164.203766
143 21.973984 123.805588 -163.191208
144 22.149780 123.281738 -163.697479
145 21.973984 122.408630 -163.866241
146 20.919235 123.805588 -164.203766
147 22.325577 123.107117 -163.528717
148 21.622406 123.805588 -164.203766
149 22.677155 125.202560 -164.203766
150 22.149780 123.980209 -163.022446
151 21.270828 122.408630 -163.866241
152 22.501373 123.281738 -162.684921
153 21.973984 123.456360 -163.866241
154 21.798203 123.281738 -163.022446
155 21.798203 123.281738 -163.022446
156 22.677155 123.805588 -164.203766
157 21.798203 124.678696 -164.710052
158 21.622406 123.805588 -162.853683
159 22.852951 122.583252 -163.697479
160 22.501373 123.281738 -164.372528
161 23.204529 123.281738 -163.697479
162 23.204529 124.329453 -164.372528
163 23.028748 122.059402 -164.203766
164 21.622406 123.107117 -164.541290
165 21.446609 123.980209 -163.359970
166 21.270828 122.757874 -161.841125
167 22.325577 123.805588 -164.203766
168 23.380325 123.456360 -164.203766
169 22.325577 124.504074 -163.191208
170 22.149780 123.980209 -163.697479
171 21.095032 123.630981 -165.047562
172 21.622406 123.107117 -163.528717
173 21.973984 123.805588 -164.878799
174 21.973984 124.504074 -163.528717
175 21.446609 124.329453 -163.359970
176 21.622406 125.551788 -163.528717
177 21.270828 124.853317 -163.528717
178 21.973984 122.408630 -163.528717
179 20.919235 124.154831 -163.528717
180 21.270828 123.107117 -164.541290
181 22.501373 123.281738 -164.035004
182 21.798203 123.630981 -165.047562
183 21.095032 122.234009 -164.035004
184 22.325577 123.805588 -162.516159
185 21.622406 124.154831 -162.178635
186 20.919235 123.805588 -162.853683
187 22.149780 124.678696 -164.035004
188 22.852951 122.234009 -164.372528
189 22.501373 125.377182 -162.347397
190 21.798203 122.583252 -164.035004
191 21.095032 122.932495 -163.359970
192 22.852951 122.583252 -164.710052
193 22.501373 122.234009 -163.697479
194 21.446609 123.980209 -163.697479
195 20.743439 123.630981 -162.347397
196 20.216064 124.154831 -162.178635
197 21.622406 123.805588 -163.866241
198 22.149780 123.980209 -162.684921
199 21.446609 122.234009 -163.359970
200 22.501373 123.630981 -164.372528
201 20.743439 122.932495 -163.697479
202 21.270828 122.757874 -163.528717
203 22.501373 122.932495 -164.372528
204 22.677155 122.408630 -163.528717
205 22.325577 123.456360 -163.191208
206 22.325577 123.456360 -163.528717
207 21.973984 123.107117 -163.191208
208 19.864487 123.107117 -163.866241
209 22.149780 124.329453 -165.385086
210 21.973984 124.853317 -164.541290
211 21.973984 123.805588 -163.528717
212 21.798203 123.980209 -164.372528
213 22.501373 123.630981 -165.047562
214 20.919235 124.853317 -163.528717
215 22.325577 124.154831 -164.541290
216 21.622406 123.456360 -163.191208
217 21.973984 122.408630 -163.528717
218 20.391861 123.281738 -163.359970
219 20.919235 124.504074 -164.203766
220 21.798203 125.027939 -163.022446
221 22.501373 121.884781 -163.022446
222 20.919235 124.154831 -163.866241
223 21.622406 123.456360 -163.528717
224 21.270828 123.805588 -162.178635
225 22.325577 123.107117 -164.541290
226 22.325577 122.408630 -163.866241
227 20.040283 122.583252 -164.710052
228 21.798203 123.281738 -163.697479
229 21.622406 124.853317 -160.828552
230 22.149780 123.281738 -163.359970
231 22.149780 123.630981 -162.684921
232 21.446609 124.678696 -163.359970
233 20.567657 124.504074 -162.853683
234 22.852951 123.281738 -162.009888
235 21.798203 123.281738 -162.684921
236 20.567657 124.504074 -162.853683
237 23.028748 122.757874 -163.528717
238 22.677155 122.757874 -162.853683
239 22.149780 123.281738 -162.684921
240 22.501373 122.583252 -163.359970
241 21.798203 123.630981 -164.372528
242 22.677155 123.456360 -163.866241
243 21.446609 123.281738 -163.022446
244 22.325577 123.805588 -164.541290
245 22.149780 125.027939 -162.347397
246 23.028748 123.456360 -162.516159
247 22.149780 124.329453 -163.697479
248 21.973984 122.059402 -164.203766
249 21.446609 123.630981 -162.684921
250 21.446609 122.932495 -162.684921
251 21.622406 123.107117 -162.853683
252 22.325577 123.456360 -164.541290
253 20.919235 123.456360 -163.191208
254 22.677155 124.154831 -163.528717
255 22.325577 124.853317 -163.528717
256 21.622406 124.154831 -164.541290
257 21.270828 123.456360 -164.203766
258 21.973984 123.805588 -164.541290
259 20.567657 124.154831 -162.516159
260 21.622406 124.154831 -164.203766
261 21.798203 122.583252 -164.035004
262 22.852951 124.678696 -163.359970
263 22.677155 123.107117 -163.191208
264 21.622406 123.805588 -161.841125
265 22.325577 122.757874 -163.866241
266 22.677155 124.154831 -161.841125
267 21.270828 124.154831 -163.191208
268 21.798203 123.630981 -164.035004
269 22.325577 123.107117 -163.866241
270 21.798203 125.027939 -163.697479
271 22.149780 123.281738 -163.022446
272 22.501373 123.281738 -163.022446
273 21.622406 123.456360 -163.191208
274 22.325577 123.456360 -164.541290
275 22.149780 124.329453 -163.359970
276 22.677155 123.456360 -163.866241
277 22.501373 122.234009 -162.347397
278 21.973984 123.805588 -163.528717
279 21.095032 123.980209 -162.347397
280 22.149780 122.932495 -163.359970
281 20.743439 123.630981 -164.035004
282 20.919235 123.456360 -164.541290
283 21.622406 122.059402 -163.866241
284 21.446609 122.583252 -163.022446
285 22.149780 122.932495 -163.359970
286 23.204529 123.281738 -164.035004
287 22.677155 124.154831 -163.528717
288 22.677155 124.853317 -164.203766
289 22.501373 123.281738 -164.035004
290 22.677155 123.456360 -163.866241
291 21.446609 122.583252 -164.372528
292 20.567657 124.504074 -164.203766
293 21.446609 124.329453 -164.372528
294 21.622406 123.107117 -163.528717
295 22.501373 123.980209 -163.697479
296 22.149780 123.980209 -163.697479
297 21.798203 123.980209 -164.035004
298 22.677155 124.853317 -163.191208
299 22.325577 124.154831 -164.878799
300 22.325577 123.456360 -162.853683
301 21.973984 123.456360 -162.853683
302 23.380325 123.805588 -163.191208
303 21.095032 123.281738 -164.035004
304 21.446609 123.281738 -162.347397
305 21.622406 123.456360 -164.203766
306 21.446609 122.932495 -163.359970
307 21.973984 123.456360 -162.178635
308 22.149780 123.281738 -163.022446
309 21.973984 124.154831 -163.866241
310 21.270828 123.805588 -162.853683
311 22.852951 123.980209 -163.022446
312 21.798203 124.329453 -163.697479
313 23.028748 123.456360 -163.528717
314 23.204529 123.281738 -162.347397
315 22.149780 123.281738 -162.009888
316 22.325577 124.154831 -163.528717
317 21.798203 122.932495 -163.359970
318 22.149780 123.630981 -164.035004
319 21.446609 124.329453 -163.022446
320 23.204529 123.281738 -163.359970
321 20.040283 123.980209 -163.359970
322 22.325577 123.805588 -163.528717
323 22.852951 124.329453 -162.684921
324 21.798203 122.583252 -163.359970
325 23.556122 124.329453 -163.697479
326 21.798203 123.281738 -163.359970
327 20.567657 123.456360 -162.853683
328 21.270828 123.456360 -162.853683
329 21.798203 122.583252 -164.372528
330 20.567657 124.154831 -163.866241
331 23.380325 122.059402 -163.191208
332 21.270828 122.408630 -163.191208
333 22.852951 123.980209 -162.684921
334 21.270828 123.456360 -163.528717
335 21.622406 123.456360 -163.866241
336 21.622406 123.456360 -163.866241
337 21.973984 123.456360 -162.178635
338 21.622406 124.154831 -162.853683
339 22.149780 123.281738 -162.347397
340 22.852951 123.980209 -162.684921
341 21.622406 123.805588 -162.178635
342 22.149780 125.377182 -163.359970
343 22.325577 122.408630 -163.528717
344 21.446609 123.630981 -165.047562
345 21.622406 123.805588 -163.528717
346 21.446609 122.932495 -162.684921
347 22.677155 123.805588 -162.853683
348 21.095032 123.281738 -163.022446
349 21.446609 122.932495 -163.697479
350 22.149780 122.583252 -164.372528
351 22.501373 123.281738 -163.697479
352 24.786667 123.107117 -163.191208
353 22.852951 123.281738 -162.684921
354 22.325577 123.107117 -163.191208
355 22.677155 123.107117 -164.541290
356 20.919235 123.456360 -162.853683
357 21.973984 123.456360 -164.541290
358 20.743439 124.329453 -163.697479
359 20.743439 124.678696 -162.009888
360 21.973984 124.504074 -164.203766
361 21.973984 123.107117 -163.866241
362 22.149780 124.329453 -164.372528
363 21.622406 122.408630 -163.866241
364 22.149780 122.583252 -164.372528
365 22.325577 122.408630 -163.191208
366 22.677155 124.504074 -163.528717
367 21.973984 124.504074 -164.203766
368 21.622406 122.408630 -163.528717
369 21.798203 122.234009 -163.359970
370 22.501373 124.678696 -164.372528
371 21.798203 123.281738 -164.035004
372 20.567657 124.504074 -164.203766
373 21.973984 123.456360 -163.191208
374 21.446609 122.932495 -162.347397
375 22.852951 123.630981 -163.022446
376 20.040283 124.329453 -165.047562
377 22.501373 121.884781 -164.035004
378 21.973984 122.757874 -163.866241
379 21.973984 124.154831 -163.191208
380 23.556122 123.281738 -162.684921
381 21.622406 122.757874 -161.503601
382 20.567657 123.805588 -162.516159
383 22.677155 123.456360 -164.541290
384 21.095032 122.583252 -163.022446
385 23.028748 123.456360 -164.203766
386 21.798203 122.932495 -162.684921
387 21.095032 122.583252 -163.697479
388 22.325577 123.107117 -163.191208
389 20.743439 122.932495 -163.697479
390 21.446609 123.630981 -164.035004
391 21.446609 123.281738 -164.035004
392 22.852951 123.281738 -164.035004
393 22.501373 122.932495 -163.359970
394 21.446609 124.329453 -162.347397
395 22.677155 123.107117 -164.203766
396 22.501373 123.630981 -163.359970
397 21.270828 123.805588 -162.516159
398 21.270828 123.805588 -163.528717
399 21.270828 122.408630 -163.866241
400 22.677155 123.805588 -164.541290
401 22.852951 123.281738 -164.372528
402 21.622406 123.107117 -163.866241
403 23.907700 122.583252 -162.684921
404 21.798203 123.281738 -162.684921
405 23.028748 123.107117 -162.516159
406 21.798203 123.281738 -164.372528
407 21.446609 123.630981 -164.035004
408 21.446609 121.884781 -164.035004
409 21.446609 123.980209 -164.035004
410 21.973984 123.805588 -163.528717
411 22.325577 122.757874 -162.853683
412 22.852951 123.630981 -162.684921
413 21.270828 123.107117 -163.191208
414 20.919235 123.805588 -163.191208
415 23.731903 123.805588 -163.866241
416 22.149780 123.281738 -163.697479
417 21.798203 124.329453 -164.035004
418 22.501373 123.630981 -163.697479
419 22.149780 123.630981 -163.359970
420 22.501373 124.329453 -163.697479
421 21.973984 122.757874 -162.853683
422 22.677155 123.805588 -162.853683
423 21.622406 124.504074 -161.166077
424 22.325577 123.107117 -163.191208
425 21.973984 123.805588 -163.528717
426 21.798203 124.329453 -162.684921
427 21.973984 123.107117 -163.866241
428 21.973984 123.107117 -163.191208
429 21.622406 124.504074 -163.866241
430 22.501373 123.281738 -164.035004
431 21.798203 123.281738 -164.035004
432 22.325577 123.456360 -162.853683
433 22.149780 123.980209 -162.684921
434 20.391861 123.980209 -163.697479
435 21.270828 123.456360 -163.191208
436 20.743439 124.329453 -163.022446
437 22.677155 123.456360 -163.866241
438 21.973984 123.456360 -164.203766
439 21.622406 122.757874 -162.516159
440 20.567657 123.805588 -164.203766
441 22.149780 126.075653 -164.710052
442 22.501373 123.980209 -164.372528
443 20.567657 123.456360 -164.203766
444 23.028748 123.805588 -163.191208
445 20.391861 123.630981 -164.710052
446 21.973984 124.154831 -164.878799
447 23.731903 123.107117 -163.528717
448 22.501373 123.281738 -162.684921
449 21.622406 123.805588 -162.516159
450 21.798203 121.535538 -164.035004
451 21.446609 123.281738 -163.359970
452 21.798203 122.583252 -163.022446
453 21.798203 123.630981 -163.697479
454 22.677155 124.853317 -163.866241
455 20.919235 124.154831 -163.866241
456 22.325577 123.456360 -163.191208
457 22.677155 122.757874 -162.178635
458 21.973984 123.456360 -163.191208
459 21.798203 124.329453 -164.035004
460 21.973984 122.757874 -163.528717
461 21.446609 123.281738 -164.372528
462 21.798203 122.932495 -163.697479
463 21.446609 123.281738 -163.697479
464 22.149780 121.884781 -164.035004
465 22.852951 122.234009 -163.697479
466 21.798203 123.980209 -164.372528
467 22.501373 124.329453 -164.372528
468 23.380325 122.757874 -163.528717
469 21.095032 122.234009 -165.385086
470 21.446609 125.027939 -164.710052
471 21.446609 123.630981 -164.372528
472 21.622406 122.757874 -163.191208
473 20.919235 122.059402 -163.191208
474 20.919235 124.853317 -163.528717
475 22.677155 123.456360 -163.866241
476 21.973984 123.107117 -163.191208
477 21.798203 123.281738 -164.372528
478 22.852951 124.329453 -163.697479
479 21.446609 123.281738 -164.035004
480 22.325577 123.456360 -162.853683
481 22.501373 122.234009 -162.684921
482 22.325577 124.504074 -165.891373
483 22.149780 122.932495 -163.359970
484 21.622406 124.154831 -164.541290
485 21.798203 123.630981 -164.035004
486 22.501373 123.980209 -164.710052
487 21.798203 123.281738 -163.359970
488 21.973984 124.154831 -163.191208
489 21.622406 123.805588 -163.528717
490 21.798203 123.281738 -164.035004
491 22.149780 125.027939 -163.359970
492 21.446609 123.281738 -162.347397
493 21.446609 123.630981 -163.022446
494 23.204529 122.583252 -163.697479
495 21.446609 123.630981 -162.684921
496 21.798203 122.234009 -162.347397
497 22.677155 124.154831 -163.528717
498 22.149780 124.329453 -163.359970
499 22.852951 122.932495 -164.710052
500 21.798203 122.583252 -164.035004
501 21.973984 122.408630 -164.203766
502 21.622406 124.154831 -163.528717
503 22.149780 123.281738 -165.047562
504 22.852951 123.630981 -164.710052
505 22.501373 124.329453 -163.697479
506 21.973984 124.154831 -164.878799
507 22.501373 122.932495 -163.022446
508 21.446609 123.630981 -163.697479
509 22.325577 122.408630 -164.541290
510 21.798203 125.027939 -164.372528
511 22.325577 122.757874 -163.866241
512 22.501373 123.630981 -162.684921
513 21.095032 122.932495 -163.697479
514 21.973984 123.456360 -162.178635
515 22.501373 122.583252 -163.697479
516 22.852951 125.377182 -163.359970
517 22.325577 123.456360 -164.203766
518 21.270828 123.805588 -164.878799
519 22.149780 123.980209 -164.710052
520 22.677155 124.504074 -163.191208
521 21.446609 123.630981 -164.710052
522 22.501373 122.932495 -164.035004
523 21.622406 123.456360 -164.203766
524 22.149780 122.932495 -164.372528
525 21.446609 123.630981 -164.035004
526 21.973984 123.107117 -162.516159
527 21.798203 123.630981 -163.359970
528 21.446609 124.329453 -164.035004
529 22.852951 124.678696 -164.035004
530 21.095032 125.377182 -163.022446
531 20.391861 122.234009 -165.722610
532 21.095032 124.329453 -163.359970
533 23.028748 123.456360 -163.528717
534 21.798203 123.281738 -164.035004
535 20.919235 124.154831 -164.541290
536 21.973984 121.360916 -163.191208
537 22.325577 123.107117 -163.528717
538 21.622406 123.805588 -163.191208
539 21.973984 123.107117 -163.866241
540 21.270828 122.757874 -163.191208
541 22.677155 123.107117 -163.866241
542 22.149780 123.281738 -164.372528
543 20.567657 124.154831 -164.203766
544 23.204529 123.630981 -163.022446
545 21.798203 124.329453 -163.697479
546 20.919235 123.456360 -163.191208
547 21.446609 123.980209 -163.022446
548 21.622406 123.805588 -163.528717
549 22.325577 123.107117 -162.853683
550 21.270828 123.456360 -163.528717
551 21.446609 123.281738 -163.697479
552 22.325577 122.757874 -163.528717
553 22.677155 123.805588 -163.866241
554 22.677155 123.107117 -162.853683
555 21.798203 122.932495 -164.372528
556 22.677155 122.757874 -164.203766
557 22.149780 122.932495 -163.359970
558 21.973984 124.154831 -162.853683
559 21.798203 123.980209 -164.372528
560 21.973984 122.408630 -164.203766
561 22.149780 124.678696 -163.697479
562 20.216064 123.456360 -164.541290
563 22.149780 123.630981 -164.710052
564 23.204529 123.281738 -163.022446
565 20.919235 124.154831 -165.216324
566 21.973984 123.805588 -162.853683
567 20.919235 123.456360 -165.216324
568 20.743439 123.980209 -162.347397
569 21.095032 123.281738 -163.359970
570 22.501373 124.329453 -164.035004
571 21.622406 123.805588 -164.541290
572 21.798203 123.980209 -163.359970
573 23.028748 123.107117 -163.191208
574 21.270828 122.757874 -163.866241
575 22.677155 122.059402 -163.528717
576 21.446609 124.329453 -164.035004
577 21.446609 122.234009 -163.022446
578 21.798203 121.884781 -162.009888
579 22.501373 124.329453 -164.035004
580 22.852951 123.630981 -164.035004
581 19.688690 123.630981 -164.035004
582 22.852951 122.932495 -165.047562
583 20.567657 123.107117 -162.853683
584 20.567657 123.456360 -163.191208
585 21.622406 124.504074 -162.853683
586 20.743439 122.932495 -163.022446
587 22.325577 124.504074 -163.528717
588 22.149780 122.583252 -163.697479
589 20.743439 122.234009 -164.035004
590 23.028748 122.408630 -162.853683
591 21.095032 123.980209 -163.359970
592 22.325577 124.504074 -163.191208
593 21.798203 123.980209 -163.697479
594 20.743439 122.932495 -164.372528
595 22.501373 123.980209 -162.684921
596 21.622406 123.107117 -163.528717
597 21.973984 123.456360 -164.541290
598 22.325577 123.805588 -163.191208
599 21.095032 122.932495 -164.372528
600 23.028748 123.456360 -165.216324
601 22.501373 124.678696 -164.035004
602 21.973984 123.805588 -163.191208
603 20.919235 123.805588 -163.866241
604 21.446609 122.932495 -164.035004
605 22.677155 124.504074 -164.203766
606 22.501373 124.678696 -163.022446
607 21.622406 122.408630 -164.878799
608 22.852951 123.281738 -164.035004
609 22.677155 125.901031 -163.528717
610 22.677155 124.504074 -162.853683
611 22.501373 124.329453 -163.359970
612 21.270828 123.456360 -164.878799
613 21.798203 123.980209 -163.697479
614 21.973984 124.154831 -163.191208
615 21.798203 123.281738 -164.710052
616 21.973984 121.710159 -163.528717
617 21.270828 122.757874 -164.203766
618 21.798203 123.630981 -164.372528
619 21.270828 123.456360 -161.841125
620 22.501373 123.980209 -163.022446
621 21.973984 123.456360 -163.528717
622 21.798203 123.630981 -163.022446
623 21.798203 122.234009 -163.022446
624 21.622406 124.154831 -164.203766
625 21.973984 122.757874 -163.866241
626 21.973984 124.154831 -163.866241
627 21.095032 123.281738 -164.035004
628 21.446609 122.583252 -163.359970
629 21.798203 124.329453 -163.359970
630 21.446609 123.281738 -162.684921
631 22.325577 124.504074 -164.541290
632 22.325577 124.504074 -163.866241
633 21.446609 123.630981 -163.359970
634 21.622406 122.408630 -163.191208
635 21.798203 123.980209 -164.035004
636 21.973984 122.059402 -164.541290
637 22.149780 123.630981 -163.697479
638 21.798203 122.932495 -163.022446
639 23.028748 123.456360 -163.191208
640 22.325577 122.757874 -163.866241
641 21.973984 122.059402 -164.203766
642 21.270828 124.154831 -164.203766
643 23.028748 122.757874 -163.191208
644 21.798203 124.678696 -164.372528
645 20.919235 123.805588 -163.866241
646 21.622406 124.154831 -163.528717
647 21.973984 123.456360 -164.203766
648 21.973984 123.805588 -163.528717
649 22.325577 123.456360 -163.866241
650 21.622406 124.504074 -164.203766
651 21.973984 123.107117 -163.528717
652 22.501373 123.630981 -163.697479
653 21.446609 122.583252 -164.035004
654 20.919235 122.408630 -164.541290
655 21.095032 122.932495 -164.035004
656 22.677155 124.154831 -162.516159
657 21.270828 123.805588 -163.528717
658 21.798203 122.932495 -163.697479
659 21.446609 123.630981 -164.372528
660 21.446609 122.583252 -163.697479
661 21.973984 123.107117 -163.528717
662 21.270828 122.757874 -163.528717
663 21.270828 123.456360 -162.853683
664 22.677155 122.408630 -164.878799
665 20.919235 124.853317 -163.191208
666 24.435074 124.504074 -164.203766
667 20.743439 122.583252 -163.359970
668 21.095032 123.281738 -164.372528
669 21.798203 122.932495 -162.684921
670 22.501373 122.234009 -164.372528
671 23.380325 122.757874 -162.853683
672 20.216064 123.107117 -163.528717
673 22.501373 123.281738 -164.710052
674 21.446609 123.281738 -164.035004
675 21.973984 124.154831 -162.853683
676 22.501373 124.329453 -162.684921
677 21.095032 123.281738 -163.022446
678 21.973984 125.202560 -163.191208
679 20.391861 121.884781 -163.359970
680 21.973984 124.154831 -163.866241
681 22.852951 122.234009 -164.035004
682 22.677155 124.504074 -163.866241
683 20.567657 122.757874 -163.191208
684 23.204529 123.980209 -162.347397
685 20.743439 123.281738 -164.035004
686 22.149780 125.027939 -163.697479
687 22.149780 123.980209 -164.372528
688 21.798203 123.281738 -163.022446
689 20.743439 123.281738 -164.372528
690 22.852951 122.583252 -164.372528
691 21.446609 122.583252 -163.359970
692 22.325577 124.853317 -162.178635
693 21.446609 123.281738 -164.710052
694 21.798203 123.630981 -163.022446
695 21.973984 123.805588 -163.191208
696 21.446609 121.535538 -164.035004
697 21.798203 122.583252 -164.372528
698 22.149780 123.630981 -163.359970
699 21.095032 123.980209 -162.684921
700 22.677155 123.456360 -163.191208
701 21.446609 122.234009 -163.697479
702 22.149780 122.234009 -164.035004
703 23.028748 123.456360 -162.853683
704 21.095032 123.980209 -164.710052
705 21.973984 124.154831 -163.866241
706 21.622406 123.456360 -162.853683
707 22.852951 122.932495 -162.684921
708 22.852951 122.932495 -164.035004
709 20.919235 123.456360 -163.528717
710 21.622406 124.154831 -162.853683
711 22.501373 125.027939 -163.359970
712 21.622406 123.805588 -163.528717
713 22.149780 124.678696 -162.684921
714 23.380325 123.456360 -163.528717
715 21.446609 123.630981 -163.359970
716 23.028748 124.853317 -163.528717
717 22.325577 123.456360 -162.853683
718 20.743439 122.583252 -164.372528
719 20.919235 123.107117 -163.528717
720 21.446609 123.281738 -164.372528
721 21.798203 123.980209 -163.697479
722 21.270828 123.107117 -163.528717
723 20.567657 124.504074 -164.541290
724 22.677155 124.154831 -164.203766
725 21.973984 123.456360 -163.528717
726 21.973984 123.805588 -164.203766
727 22.325577 122.408630 -163.866241
728 21.270828 122.757874 -164.203766
729 21.798203 124.329453 -164.710052
730 21.973984 123.805588 -164.878799
731 22.325577 124.853317 -164.541290
732 21.622406 125.551788 -163.866241
733 21.622406 123.456360 -164.203766
734 21.973984 123.456360 -163.866241
735 20.567657 124.504074 -163.866241
736 21.798203 122.932495 -164.372528
737 21.446609 124.329453 -164.710052
738 20.919235 123.456360 -163.191208
739 21.973984 124.154831 -165.553848
740 22.852951 124.329453 -162.347397
741 22.325577 124.504074 -163.528717
742 21.446609 123.281738 -164.710052
743 21.622406 122.757874 -163.191208
744 21.973984 123.456360 -163.866241
745 21.622406 124.504074 -165.216324
746 22.149780 121.186295 -164.372528
747 21.973984 123.456360 -163.528717
748 21.973984 122.757874 -162.853683
749 22.677155 123.456360 -163.528717
750 22.325577 123.456360 -163.191208
751 21.798203 123.980209 -162.684921
752 20.743439 124.678696 -162.347397
753 22.149780 123.281738 -163.697479
754 22.149780 123.281738 -162.684921
755 21.446609 123.980209 -164.035004
756 22.852951 122.932495 -163.697479
757 22.149780 122.234009 -164.372528
758 20.567657 123.107117 -163.866241
759 20.743439 123.980209 -163.022446
760 22.677155 123.805588 -163.528717
761 21.446609 122.583252 -164.035004
762 20.743439 122.583252 -163.697479
763 22.677155 122.408630 -163.191208
764 21.798203 124.329453 -164.710052
765 23.028748 122.059402 -163.528717
766 22.677155 123.107117 -162.178635
767 22.325577 122.408630 -162.516159
768 20.919235 123.805588 -164.203766
769 22.677155 122.408630 -163.528717
770 21.622406 122.408630 -162.853683
771 21.095032 123.630981 -163.697479
772 20.743439 123.281738 -163.359970
773 21.622406 123.107117 -165.216324
774 21.798203 122.583252 -163.697479
775 22.149780 122.583252 -163.697479
776 22.501373 122.932495 -163.022446
777 21.270828 124.853317 -163.528717
778 21.622406 123.805588 -163.191208
779 21.446609 123.281738 -162.684921
780 21.798203 123.630981 -163.359970
781 21.446609 123.630981 -164.035004
782 22.149780 122.234009 -164.035004
783 20.919235 122.757874 -163.191208
784 21.095032 123.630981 -162.347397
785 20.919235 122.059402 -163.528717
786 20.567657 123.107117 -163.191208
787 22.149780 122.583252 -163.359970
788 21.446609 123.630981 -163.359970
789 21.446609 122.932495 -163.697479
790 22.149780 122.932495 -163.697479
791 22.677155 124.154831 -164.203766
792 21.446609 124.329453 -163.359970
793 21.622406 122.757874 -163.866241
794 22.325577 124.504074 -163.191208
795 20.743439 123.281738 -164.035004
796 21.270828 122.757874 -162.516159
797 22.501373 123.980209 -163.697479
798 21.973984 123.456360 -162.178635
799 22.852951 124.678696 -162.684921
800 22.325577 123.456360 -163.528717
801 21.973984 122.757874 -165.553848
802 21.095032 122.932495 -163.697479
803 22.501373 123.281738 -163.359970
804 20.216064 122.408630 -163.866241
805 20.919235 123.456360 -164.541290
806 22.501373 123.281738 -164.035004
807 22.325577 123.805588 -163.528717
808 21.798203 122.932495 -164.035004
809 21.095032 122.932495 -163.697479
810 22.325577 122.757874 -162.853683
811 21.973984 123.456360 -163.191208
812 20.567657 122.757874 -162.178635
813 20.919235 123.456360 -163.528717
814 21.446609 123.980209 -164.035004
815 20.919235 122.757874 -163.528717
816 21.446609 122.932495 -163.697479
817 21.798203 124.329453 -164.710052
818 21.446609 122.583252 -163.022446
819 22.677155 124.504074 -163.528717
820 21.270828 122.059402 -164.203766
821 22.501373 122.932495 -163.022446
822 21.446609 125.027939 -164.710052
823 22.852951 123.980209 -164.035004
824 21.446609 123.281738 -163.022446
825 21.446609 122.932495 -164.372528
826 21.622406 122.408630 -163.528717
827 22.852951 122.234009 -164.372528
828 21.446609 123.630981 -163.697479
829 21.798203 125.027939 -162.684921
830 21.270828 122.757874 -162.853683
831 21.270828 123.456360 -163.866241
832 20.743439 124.329453 -164.035004
833 22.325577 122.408630 -164.203766
834 22.501373 122.932495 -164.035004
835 23.204529 123.630981 -164.372528
836 21.798203 123.630981 -163.697479
837 20.919235 123.107117 -163.866241
838 21.270828 122.757874 -163.528717
839 20.743439 122.932495 -164.035004
840 20.391861 123.630981 -164.372528
841 22.677155 121.360916 -165.216324
842 21.095032 124.329453 -163.359970
843 20.919235 123.456360 -163.528717
844 21.622406 124.504074 -163.866241
845 22.325577 123.456360 -163.191208
846 21.446609 123.630981 -164.035004
847 22.325577 121.360916 -163.866241
848 22.501373 123.630981 -163.359970
849 21.446609 123.630981 -163.697479
850 21.270828 121.710159 -164.203766
851 22.149780 122.932495 -163.697479
852 22.325577 123.107117 -164.203766
853 21.973984 123.107117 -162.853683
854 20.919235 121.710159 -164.541290
855 20.919235 123.107117 -164.203766
856 21.446609 125.027939 -164.035004
857 21.446609 123.980209 -163.697479
858 22.149780 123.630981 -163.697479
859 22.852951 122.583252 -165.047562
860 22.677155 123.805588 -163.866241
861 21.973984 123.456360 -163.528717
862 20.919235 123.805588 -164.541290
863 21.973984 124.504074 -163.528717
864 21.446609 123.980209 -164.372528
865 22.149780 122.583252 -162.684921
866 22.149780 125.027939 -163.022446
867 21.095032 122.234009 -162.684921
868 21.798203 123.980209 -163.359970
869 21.446609 122.583252 -163.022446
870 20.919235 122.408630 -164.203766
871 20.743439 123.630981 -163.022446
872 22.501373 123.630981 -162.684921
873 21.798203 123.630981 -164.035004
874 20.391861 122.234009 -163.697479
875 20.391861 121.535538 -164.710052
876 21.798203 123.281738 -163.022446
877 20.743439 122.583252 -163.697479
878 22.149780 123.980209 -163.359970
879 21.622406 124.504074 -164.203766
880 21.798203 124.329453 -164.035004
881 23.204529 124.329453 -164.372528
882 22.325577 122.408630 -163.866241
883 20.919235 122.408630 -163.866241
884 21.095032 122.234009 -164.035004
885 20.743439 123.980209 -164.035004
886 22.677155 123.805588 -163.866241
887 21.622406 123.805588 -163.866241
888 21.973984 124.504074 -164.203766
889 21.622406 123.107117 -164.878799
890 21.973984 123.456360 -163.866241
891 21.095032 124.678696 -162.347397
892 21.798203 123.630981 -164.035004
893 21.798203 122.932495 -163.697479
894 22.325577 123.107117 -163.866241
895 20.391861 122.932495 -165.047562
896 22.501373 122.932495 -163.022446
897 21.973984 123.805588 -163.866241
898 22.325577 123.805588 -163.866241
899 22.325577 124.504074 -164.203766
900 22.501373 123.281738 -163.697479
901 22.149780 123.630981 -163.022446
902 22.852951 124.329453 -164.035004
903 21.622406 122.757874 -163.866241
904 21.446609 123.630981 -164.035004
905 21.446609 123.630981 -163.359970
906 21.270828 124.154831 -164.203766
907 19.688690 123.281738 -163.359970
908 22.325577 123.107117 -164.878799
909 21.446609 123.281738 -163.359970
910 21.973984 124.504074 -163.866241
911 22.677155 123.805588 -164.541290
912 22.325577 121.710159 -164.203766
913 20.216064 124.154831 -162.853683
914 21.270828 125.551788 -164.541290
915 21.095032 125.027939 -164.710052
916 20.743439 122.932495 -164.035004
917 21.622406 123.107117 -163.866241
918 22.501373 123.980209 -163.359970
919 20.040283 123.630981 -164.372528
920 22.325577 123.456360 -163.528717
921 21.095032 123.630981 -163.359970
922 21.446609 124.329453 -164.035004
923 22.852951 122.932495 -163.359970
924 21.095032 125.027939 -163.359970
925 21.973984 123.805588 -164.203766
926 21.622406 124.154831 -163.866241
927 20.216064 123.456360 -163.528717
928 21.270828 124.154831 -163.528717
929 22.677155 124.154831 -163.191208
930 21.095032 123.281738 -163.359970
931 21.622406 122.408630 -164.541290
932 22.677155 122.757874 -164.203766
933 22.149780 122.583252 -162.684921
934 22.677155 123.107117 -164.541290
935 22.149780 123.281738 -163.697479
936 22.149780 123.281738 -164.372528
937 22.677155 124.853317 -163.528717
938 21.622406 124.154831 -163.191208
939 21.973984 124.154831 -163.866241
940 21.095032 122.583252 -164.372528
941 20.919235 123.805588 -162.853683
942 20.391861 123.281738 -164.035004
943 21.270828 122.757874 -163.191208
944 23.204529 124.329453 -164.035004
945 21.622406 122.059402 -164.203766
946 21.798203 122.932495 -163.697479
947 21.095032 123.630981 -163.022446
948 23.028748 125.202560 -163.191208
949 22.852951 123.630981 -164.035004
950 21.446609 124.329453 -162.684921
951 21.446609 121.884781 -162.684921
952 20.567657 124.154831 -164.541290
953 23.204529 122.932495 -164.035004
954 21.446609 123.980209 -163.359970
955 22.325577 124.154831 -164.541290
956 22.677155 123.456360 -162.853683
957 21.973984 124.154831 -162.516159
958 21.446609 122.583252 -163.359970
959 21.095032 122.583252 -163.359970
960 22.325577 122.059402 -164.203766
961 22.149780 123.630981 -163.022446
962 22.501373 123.281738 -164.372528
963 21.973984 122.408630 -162.853683
964 21.973984 124.504074 -163.866241
965 22.852951 122.932495 -163.359970
966 21.798203 122.583252 -163.697479
967 23.028748 123.107117 -164.541290
968 21.798203 122.932495 -164.372528
969 21.973984 124.154831 -165.553848
970 22.501373 122.932495 -163.697479
971 21.973984 124.154831 -163.528717
972 20.216064 122.408630 -163.528717
973 20.919235 124.504074 -164.203766
974 22.149780 123.630981 -162.684921
975 20.040283 122.583252 -163.697479
976 21.095032 123.281738 -164.035004
977 21.095032 123.281738 -163.022446
978 21.095032 123.630981 -162.684921
979 21.973984 124.853317 -162.516159
980 21.270828 123.805588 -163.866241
981 21.973984 122.757874 -163.528717
982 20.216064 122.408630 -164.203766
983 22.501373 122.583252 -163.359970
984 22.852951 122.583252 -164.035004
985 21.270828 123.456360 -164.878799
986 21.622406 123.107117 -163.528717
987 20.743439 123.281738 -163.022446
988 21.622406 123.107117 -163.191208
989 22.325577 122.757874 -163.191208
990 22.677155 122.757874 -163.866241
991 23.028748 122.408630 -163.866241
992 22.325577 123.456360 -164.203766
993 21.270828 123.805588 -164.541290
994 21.270828 123.456360 -163.528717
