1 71.898911 149.649353 -171.291702
2 73.481033 150.173218 -172.135498
3 73.832626 150.522461 -173.148056
4 71.898911 149.998596 -172.304260
5 72.250488 150.697083 -171.966736
6 72.250488 149.649353 -171.966736
7 72.074707 151.919418 -171.460464
8 71.019958 150.871704 -172.810547
9 72.777878 150.522461 -171.797974
10 72.250488 150.697083 -173.316818
11 71.898911 150.697083 -172.304260
12 72.250488 151.395554 -171.629211
13 70.492569 150.347839 -173.316818
14 71.723114 150.173218 -171.122940
15 72.777878 149.823975 -172.810547
16 71.547333 150.697083 -172.304260
17 72.602081 149.998596 -172.304260
18 72.602081 149.300125 -171.966736
19 72.426285 150.522461 -172.135498
20 70.668365 150.871704 -172.135498
21 72.602081 149.998596 -174.666901
22 73.656830 151.395554 -171.629211
23 72.426285 150.522461 -172.135498
24 71.371536 150.173218 -171.797974
25 71.195740 151.046326 -170.954178
26 72.953659 150.347839 -172.979294
27 72.602081 150.697083 -172.641785
28 72.074707 150.522461 -172.810547
29 71.547333 149.998596 -171.629211
30 71.371536 148.776260 -172.473022
31 72.426285 149.474747 -173.485580
32 72.777878 149.823975 -172.473022
33 73.481033 149.474747 -171.797974
34 71.898911 150.697083 -171.966736
35 71.371536 150.522461 -173.823105
36 70.668365 150.871704 -173.148056
37 72.953659 149.998596 -172.304260
38 73.129456 149.823975 -172.810547
39 72.953659 149.649353 -172.304260
40 72.602081 150.697083 -171.629211
41 70.668365 149.823975 -171.797974
42 71.723114 149.823975 -172.810547
43 72.074707 149.125504 -172.135498
44 72.953659 149.998596 -172.641785
45 71.019958 147.728546 -171.797974
46 71.371536 149.474747 -171.122940
47 71.723114 151.570175 -170.447891
48 70.668365 149.125504 -173.148056
49 72.426285 150.522461 -172.810547
50 72.250488 151.046326 -171.291702
51 72.602081 149.998596 -172.979294
52 72.426285 149.823975 -173.485580
53 72.074707 150.871704 -172.135498
54 71.547333 149.649353 -170.954178
55 71.195740 151.046326 -171.629211
56 72.250488 149.300125 -172.641785
57 71.723114 149.125504 -171.797974
58 72.074707 149.823975 -171.122940
59 71.019958 150.173218 -173.823105
60 72.602081 149.649353 -173.654343
61 71.898911 151.744797 -172.641785
62 71.195740 149.300125 -172.304260
63 71.195740 150.347839 -171.291702
64 71.195740 150.347839 -173.316818
65 72.074707 150.522461 -173.148056
66 71.019958 150.173218 -171.122940
67 73.305252 149.998596 -171.966736
68 72.426285 150.871704 -172.473022
69 72.074707 150.173218 -173.485580
70 71.195740 151.744797 -171.966736
71 72.074707 150.173218 -173.823105
72 71.371536 151.220947 -171.122940
73 71.898911 151.744797 -171.966736
74 72.953659 151.046326 -171.291702
75 71.723114 150.173218 -171.122940
76 71.547333 150.697083 -171.966736
77 71.898911 149.998596 -172.641785
78 71.371536 150.522461 -172.135498
79 71.019958 149.125504 -173.148056
80 71.547333 150.697083 -171.966736
81 71.019958 150.173218 -171.797974
82 72.074707 149.474747 -173.148056
83 71.371536 150.871704 -171.797974
84 71.547333 149.998596 -172.304260
85 72.426285 150.522461 -172.810547
86 71.195740 149.300125 -172.641785
87 72.602081 149.649353 -171.966736
88 71.371536 149.823975 -172.473022
89 72.074707 151.919418 -172.135498
90 72.602081 151.046326 -172.979294
91 72.777878 149.474747 -173.148056
92 71.547333 149.998596 -172.304260
93 72.602081 149.649353 -172.641785
94 71.195740 149.300125 -172.304260
95 71.723114 150.173218 -171.460464
96 71.723114 150.522461 -171.460464
97 71.195740 150.347839 -171.629211
98 72.074707 150.522461 -172.473022
99 71.898911 151.046326 -172.641785
100 71.195740 149.300125 -172.641785
101 72.602081 149.649353 -171.629211
102 72.953659 151.395554 -172.304260
103 71.898911 151.046326 -172.304260
104 72.602081 150.347839 -172.304260
105 72.074707 151.220947 -172.473022
106 72.426285 151.570175 -172.135498
107 73.305252 151.046326 -172.304260
108 71.723114 149.823975 -171.797974
109 72.074707 151.220947 -172.135498
110 72.074707 149.823975 -172.810547
111 71.547333 152.094040 -170.954178
112 72.953659 151.046326 -171.291702
113 72.426285 150.871704 -173.148056
114 73.129456 149.823975 -174.160629
115 71.371536 151.220947 -172.810547
116 71.898911 149.649353 -173.654343
117 72.426285 150.173218 -173.148056
118 73.481033 150.173218 -172.473022
119 72.250488 149.649353 -171.629211
120 71.723114 150.871704 -173.823105
121 73.656830 150.347839 -172.641785
122 72.602081 151.046326 -172.979294
123 72.074707 150.173218 -172.135498
124 73.129456 150.871704 -172.473022
125 73.832626 150.173218 -172.135498
126 72.602081 150.697083 -172.979294
127 73.305252 149.300125 -173.316818
128 71.898911 150.347839 -172.979294
129 73.656830 149.998596 -172.641785
130 72.074707 150.173218 -172.810547
131 72.426285 150.522461 -172.135498
132 71.898911 150.697083 -173.654343
133 71.371536 150.173218 -171.797974
134 71.898911 149.300125 -173.991867
135 72.074707 150.173218 -171.460464
136 71.723114 150.871704 -172.810547
137 72.777878 149.823975 -172.135498
138 72.777878 150.173218 -171.460464
139 72.777878 149.823975 -172.810547
140 72.074707 150.522461 -171.460464
141 72.602081 151.395554 -172.304260
142 71.723114 149.125504 -172.473022
143 70.844162 149.998596 -172.979294
144 71.019958 149.474747 -172.473022
145 72.074707 150.522461 -172.135498
146 72.250488 149.998596 -172.979294
147 72.953659 149.300125 -173.316818
148 70.844162 150.347839 -172.641785
149 71.195740 148.950882 -172.979294
150 72.250488 151.046326 -172.304260
151 71.019958 150.173218 -174.160629
152 72.602081 151.046326 -172.641785
153 71.195740 150.697083 -171.966736
154 72.426285 152.268661 -172.135498
155 72.250488 150.347839 -172.979294
156 72.250488 151.046326 -171.966736
157 72.074707 149.823975 -172.810547
158 73.481033 151.570175 -173.148056
159 70.844162 149.998596 -172.979294
160 72.250488 150.347839 -171.966736
161 71.547333 150.697083 -171.966736
162 71.371536 150.871704 -172.473022
163 72.602081 150.347839 -171.291702
164 73.305252 151.744797 -173.316818
165 72.777878 149.125504 -173.485580
166 72.074707 151.220947 -173.485580
167 71.547333 148.601639 -172.979294
168 72.953659 151.046326 -172.979294
169 72.777878 151.220947 -172.135498
170 72.953659 149.300125 -171.291702
171 73.656830 149.998596 -173.316818
172 72.602081 152.094040 -172.304260
173 72.250488 150.347839 -172.304260
174 73.129456 150.871704 -173.148056
175 72.426285 149.823975 -171.797974
176 72.777878 149.823975 -172.473022
177 71.898911 149.998596 -171.966736
178 72.602081 150.347839 -171.291702
179 72.777878 150.173218 -172.810547
180 72.250488 149.998596 -172.304260
181 72.250488 150.697083 -171.966736
182 72.426285 149.474747 -172.810547
183 71.371536 149.125504 -172.135498
184 71.195740 148.950882 -170.954178
185 73.832626 150.522461 -171.460464
186 71.195740 149.300125 -172.304260
187 71.547333 150.697083 -171.291702
188 72.426285 150.871704 -171.460464
189 71.723114 149.474747 -173.148056
190 71.371536 151.220947 -171.797974
191 71.898911 151.395554 -172.641785
192 72.602081 149.649353 -173.654343
193 72.250488 151.395554 -173.316818
194 72.250488 148.252396 -171.291702
195 73.129456 149.823975 -172.135498
196 73.656830 148.950882 -172.641785
197 71.195740 149.998596 -171.291702
198 73.832626 150.173218 -172.473022
199 72.777878 150.522461 -171.122940
200 73.481033 149.125504 -172.473022
201 71.898911 149.300125 -173.316818
202 70.668365 148.427017 -172.135498
203 71.898911 151.046326 -172.304260
204 71.898911 150.347839 -171.966736
205 71.898911 150.347839 -172.979294
206 72.074707 149.823975 -172.473022
207 71.723114 149.125504 -172.473022
208 71.898911 150.347839 -172.641785
209 72.777878 150.173218 -172.473022
210 72.777878 149.823975 -172.473022
211 70.668365 151.220947 -172.473022
212 70.844162 151.395554 -172.641785
213 72.602081 149.300125 -171.291702
214 71.371536 149.474747 -172.135498
215 72.426285 150.173218 -171.460464
216 72.074707 151.220947 -172.473022
217 73.129456 150.871704 -172.810547
218 73.129456 150.522461 -172.135498
219 71.371536 149.823975 -172.473022
220 72.426285 151.220947 -171.797974
221 72.777878 150.522461 -172.473022
222 71.371536 150.522461 -173.148056
223 71.547333 149.998596 -173.316818
224 71.195740 150.697083 -173.991867
225 71.898911 148.950882 -172.304260
226 71.898911 149.649353 -171.291702
227 71.019958 150.871704 -172.473022
228 73.656830 149.649353 -172.979294
229 72.777878 149.823975 -173.148056
230 71.547333 151.046326 -172.979294
231 73.129456 149.125504 -171.122940
232 72.602081 150.347839 -172.304260
233 72.074707 150.871704 -172.473022
234 71.195740 150.697083 -171.966736
235 71.195740 150.697083 -172.304260
236 72.250488 149.998596 -172.304260
237 70.492569 149.998596 -171.291702
238 72.074707 150.871704 -173.485580
239 71.898911 151.046326 -172.304260
240 71.898911 148.601639 -172.304260
241 72.953659 149.300125 -172.979294
242 72.250488 151.395554 -172.641785
243 72.250488 149.998596 -172.641785
244 70.492569 149.998596 -172.304260
245 72.250488 150.697083 -172.304260
246 72.074707 151.220947 -171.797974
247 71.371536 151.220947 -172.473022
248 71.898911 151.744797 -171.291702
249 72.250488 149.998596 -174.329376
250 72.426285 149.125504 -173.485580
251 71.547333 149.300125 -172.979294
252 72.426285 149.823975 -171.460464
253 70.492569 151.744797 -172.641785
254 72.602081 150.347839 -170.954178
255 72.250488 148.950882 -171.966736
256 72.777878 149.474747 -172.135498
257 72.777878 149.823975 -173.148056
258 71.371536 150.871704 -171.122940
259 71.547333 149.998596 -171.966736
260 72.074707 149.823975 -171.460464
261 72.777878 150.522461 -171.797974
262 72.602081 149.998596 -173.991867
263 72.426285 150.173218 -171.122940
264 72.426285 150.871704 -172.135498
265 72.250488 151.744797 -172.304260
266 73.832626 151.220947 -172.810547
267 71.723114 149.823975 -172.473022
268 71.898911 148.252396 -173.316818
269 72.426285 150.173218 -171.797974
270 72.250488 149.649353 -171.629211
271 71.723114 149.474747 -173.485580
272 71.898911 149.998596 -172.641785
273 72.074707 150.522461 -173.485580
274 72.777878 150.522461 -172.473022
275 71.371536 149.823975 -171.460464
276 72.602081 151.395554 -172.641785
277 72.074707 150.522461 -172.810547
278 72.602081 150.697083 -172.641785
279 71.547333 150.347839 -172.979294
280 72.074707 150.871704 -172.810547
281 72.074707 150.871704 -172.810547
282 71.547333 148.950882 -171.629211
283 71.019958 149.823975 -172.473022
284 72.426285 150.173218 -172.135498
285 71.547333 151.046326 -171.966736
286 71.547333 149.300125 -171.966736
287 71.898911 150.697083 -171.629211
288 72.602081 149.649353 -171.966736
289 71.723114 150.522461 -171.122940
290 73.129456 150.173218 -171.122940
291 71.898911 149.300125 -172.304260
292 72.250488 151.046326 -171.966736
293 72.426285 150.173218 -173.148056
294 72.426285 151.220947 -172.135498
295 72.250488 149.300125 -171.629211
296 70.668365 150.871704 -172.473022
297 72.250488 151.046326 -172.641785
298 73.129456 149.823975 -171.460464
299 70.844162 149.649353 -172.304260
300 71.898911 149.998596 -172.304260
301 72.426285 151.570175 -171.460464
302 72.602081 150.697083 -172.304260
303 71.195740 151.046326 -173.316818
304 71.898911 149.649353 -172.641785
305 70.668365 150.173218 -172.473022
306 72.602081 150.697083 -171.629211
307 72.426285 150.173218 -172.135498
308 72.602081 150.697083 -171.966736
309 71.019958 149.823975 -172.473022
310 72.426285 150.173218 -173.148056
311 72.426285 150.871704 -172.473022
312 72.602081 149.998596 -172.979294
313 72.074707 150.522461 -172.135498
314 71.371536 151.220947 -171.797974
315 71.371536 151.570175 -173.148056
316 71.195740 149.998596 -172.641785
317 71.723114 151.570175 -173.148056
318 71.195740 149.300125 -172.304260
319 72.426285 150.522461 -171.460464
320 72.426285 150.522461 -173.148056
321 71.019958 150.522461 -173.148056
322 73.129456 150.173218 -174.160629
323 71.547333 150.697083 -172.304260
324 72.602081 148.950882 -170.954178
325 71.547333 151.046326 -173.316818
326 72.074707 149.823975 -172.810547
327 72.250488 151.046326 -172.641785
328 72.602081 150.347839 -172.304260
329 72.953659 149.649353 -172.979294
330 71.195740 149.300125 -173.654343
331 71.898911 149.649353 -171.966736
332 71.547333 151.046326 -172.641785
333 72.602081 150.347839 -173.991867
334 72.250488 149.649353 -173.316818
335 71.019958 149.125504 -171.460464
336 70.316788 151.570175 -172.135498
337 71.898911 149.998596 -171.291702
338 71.547333 149.649353 -172.979294
339 72.426285 150.173218 -173.148056
340 71.547333 149.649353 -171.629211
341 72.250488 150.697083 -172.304260
342 71.547333 150.347839 -171.966736
343 72.250488 150.347839 -172.304260
344 71.547333 150.697083 -171.629211
345 72.426285 151.220947 -172.473022
346 73.481033 151.220947 -172.473022
347 71.723114 150.173218 -171.797974
348 72.602081 149.998596 -170.954178
349 71.371536 150.522461 -171.460464
350 72.250488 149.998596 -171.966736
351 71.371536 149.823975 -172.135498
352 72.074707 149.823975 -172.810547
353 71.723114 149.474747 -172.135498
354 71.371536 149.823975 -172.473022
355 71.723114 150.871704 -171.797974
356 72.953659 149.300125 -172.304260
357 72.426285 150.522461 -173.485580
358 73.305252 149.649353 -173.316818
359 72.426285 149.823975 -171.460464
360 72.953659 149.649353 -172.979294
361 72.426285 150.871704 -172.810547
362 71.898911 151.395554 -171.629211
363 71.898911 151.395554 -172.304260
364 71.547333 150.347839 -170.954178
365 71.898911 149.998596 -171.966736
366 72.250488 149.998596 -170.616653
367 71.195740 150.347839 -172.979294
368 72.777878 151.220947 -172.473022
369 70.316788 150.173218 -172.810547
370 72.953659 151.046326 -171.629211
371 71.547333 149.300125 -172.641785
372 73.305252 150.347839 -172.979294
373 71.371536 150.173218 -172.135498
374 71.898911 149.300125 -172.304260
375 70.140991 149.998596 -172.304260
376 72.602081 149.998596 -172.304260
377 73.129456 150.173218 -173.823105
378 72.250488 149.998596 -172.304260
379 71.723114 150.871704 -173.485580
380 71.371536 151.220947 -171.797974
381 71.371536 149.823975 -170.785416
382 71.898911 149.649353 -171.966736
383 72.074707 150.871704 -172.135498
384 71.723114 150.522461 -171.797974
385 71.898911 150.697083 -170.616653
386 71.195740 149.649353 -172.641785
387 71.019958 150.522461 -172.135498
388 72.602081 150.697083 -173.654343
389 72.953659 149.998596 -172.304260
390 72.602081 150.697083 -172.979294
391 71.723114 149.823975 -172.473022
392 74.008423 149.998596 -171.966736
393 72.602081 148.601639 -171.629211
394 72.426285 150.522461 -171.797974
395 72.250488 149.649353 -172.304260
396 71.898911 150.697083 -171.629211
397 71.195740 149.300125 -171.629211
398 71.723114 150.173218 -174.160629
399 71.195740 150.697083 -173.316818
400 71.547333 149.649353 -173.316818
401 72.074707 149.474747 -172.810547
402 70.668365 149.823975 -172.135498
403 72.074707 150.173218 -173.485580
404 72.602081 149.998596 -172.979294
405 72.074707 150.871704 -171.797974
406 71.371536 150.173218 -172.473022
407 72.250488 150.697083 -172.304260
408 70.844162 148.950882 -172.641785
409 72.426285 151.570175 -172.135498
410 72.602081 149.998596 -172.304260
411 72.777878 150.173218 -170.785416
412 72.250488 149.998596 -171.291702
413 72.074707 150.173218 -172.135498
414 72.250488 149.998596 -171.966736
415 72.953659 150.697083 -171.966736
416 72.074707 150.173218 -172.135498
417 71.898911 149.998596 -171.629211
418 71.723114 150.173218 -172.473022
419 73.129456 150.522461 -171.122940
420 71.723114 150.522461 -173.485580
421 72.250488 150.347839 -172.304260
422 72.426285 150.173218 -173.148056
423 70.844162 149.998596 -170.954178
424 71.723114 151.220947 -172.135498
425 71.723114 149.125504 -170.785416
426 72.074707 151.570175 -172.473022
427 72.250488 150.347839 -172.304260
428 72.074707 149.823975 -173.485580
429 72.250488 150.697083 -173.991867
430 74.535797 148.776260 -171.122940
431 71.547333 149.649353 -171.291702
432 72.074707 150.871704 -172.473022
433 71.195740 150.347839 -172.641785
434 72.074707 149.474747 -172.135498
435 72.074707 149.823975 -172.135498
436 72.250488 151.395554 -170.954178
437 71.898911 149.300125 -171.291702
438 71.547333 150.697083 -172.304260
439 72.777878 150.871704 -172.135498
440 71.195740 148.950882 -172.979294
441 72.250488 149.649353 -171.966736
442 72.250488 149.649353 -171.966736
443 72.426285 150.871704 -172.473022
444 72.250488 149.998596 -172.304260
445 72.602081 149.649353 -172.979294
446 73.305252 150.347839 -172.304260
447 72.602081 149.998596 -172.304260
448 71.898911 149.649353 -172.979294
449 71.898911 150.697083 -172.641785
450 71.547333 150.347839 -172.304260
451 73.832626 151.570175 -171.460464
452 72.602081 149.300125 -170.954178
453 72.074707 150.871704 -171.797974
454 72.074707 150.522461 -173.485580
455 71.195740 151.046326 -171.629211
456 70.844162 149.300125 -172.641785
457 72.426285 150.522461 -170.785416
458 70.844162 149.649353 -171.629211
459 70.844162 151.046326 -173.991867
460 73.656830 150.697083 -173.316818
461 72.426285 150.173218 -173.148056
462 71.547333 149.300125 -172.304260
463 72.602081 148.950882 -172.304260
464 73.305252 150.347839 -169.941620
465 72.602081 149.998596 -173.316818
466 70.140991 149.998596 -170.954178
467 72.602081 150.347839 -170.954178
468 71.019958 152.268661 -172.135498
469 72.426285 149.823975 -172.473022
470 72.074707 150.522461 -171.797974
471 71.898911 151.046326 -172.641785
472 71.547333 152.094040 -172.304260
473 74.008423 150.347839 -171.966736
474 72.250488 150.697083 -172.304260
475 72.953659 149.300125 -169.941620
476 72.426285 149.125504 -171.797974
477 72.250488 149.998596 -171.966736
478 71.898911 150.347839 -171.629211
479 71.898911 149.300125 -171.966736
480 72.426285 148.776260 -171.797974
481 72.250488 150.347839 -172.304260
482 71.723114 150.173218 -172.135498
483 71.547333 149.649353 -172.304260
484 72.602081 149.300125 -172.304260
485 72.777878 149.823975 -171.797974
486 72.426285 150.522461 -172.135498
487 72.426285 150.522461 -172.135498
488 71.371536 149.823975 -171.460464
489 72.602081 151.395554 -172.304260
490 71.723114 150.173218 -171.797974
491 71.547333 149.998596 -172.304260
492 72.426285 149.823975 -171.460464
493 72.250488 151.046326 -171.291702
494 72.602081 149.649353 -172.304260
495 72.250488 149.300125 -171.291702
496 73.481033 149.474747 -172.473022
497 72.602081 150.347839 -172.641785
498 72.074707 149.823975 -171.460464
499 72.074707 150.522461 -171.797974
500 72.602081 149.998596 -171.966736
501 72.777878 150.871704 -173.485580
502 71.898911 151.046326 -173.654343
503 71.898911 149.998596 -173.654343
504 72.426285 149.823975 -171.460464
505 73.656830 151.046326 -172.641785
506 72.777878 149.823975 -172.135498
507 71.371536 149.823975 -171.797974
508 71.723114 148.776260 -172.135498
509 73.481033 149.823975 -171.460464
510 72.953659 151.046326 -172.304260
511 72.602081 150.347839 -172.641785
512 71.547333 149.649353 -171.629211
513 72.250488 149.998596 -173.316818
514 72.426285 149.474747 -173.823105
515 71.371536 148.776260 -170.447891
516 71.898911 149.998596 -171.629211
517 73.129456 149.823975 -172.135498
518 71.898911 149.998596 -169.941620
519 73.129456 149.823975 -172.135498
520 71.723114 149.823975 -173.148056
521 73.129456 151.570175 -170.785416
522 71.723114 148.427017 -171.797974
523 72.250488 149.649353 -171.966736
524 71.019958 149.474747 -171.797974
525 72.250488 148.950882 -172.304260
526 71.898911 151.046326 -172.979294
527 72.250488 150.697083 -172.641785
528 72.250488 150.347839 -171.629211
529 71.019958 150.173218 -171.797974
530 71.371536 149.474747 -172.810547
531 71.195740 149.649353 -171.966736
532 72.074707 151.220947 -172.135498
533 71.898911 151.046326 -171.291702
534 72.426285 149.474747 -171.122940
535 71.195740 149.300125 -172.641785
536 71.898911 149.649353 -172.641785
537 72.074707 150.522461 -172.135498
538 72.250488 151.046326 -172.641785
539 73.129456 149.823975 -171.122940
540 71.547333 150.347839 -171.629211
541 72.602081 151.395554 -171.291702
542 71.898911 149.649353 -172.304260
543 71.723114 150.522461 -171.797974
544 72.777878 150.522461 -171.460464
545 71.547333 150.697083 -172.641785
546 71.019958 150.871704 -172.135498
547 71.547333 149.300125 -172.304260
548 72.074707 149.474747 -173.148056
549 72.602081 149.998596 -172.979294
550 72.074707 149.125504 -171.797974
551 71.547333 149.649353 -172.304260
552 71.898911 150.697083 -171.966736
553 71.019958 150.871704 -170.785416
554 72.250488 150.347839 -172.304260
555 69.789413 151.046326 -171.629211
556 72.602081 149.300125 -171.291702
557 72.777878 150.871704 -171.797974
558 70.492569 149.998596 -171.966736
559 71.898911 150.697083 -172.304260
560 72.426285 150.871704 -172.135498
561 70.844162 150.347839 -171.966736
562 72.777878 150.173218 -171.797974
563 71.723114 150.522461 -171.460464
564 72.074707 149.474747 -172.135498
565 72.250488 149.649353 -171.291702
566 72.602081 150.347839 -173.654343
567 72.602081 150.347839 -171.291702
568 71.898911 149.998596 -171.629211
569 71.898911 149.649353 -171.966736
570 72.250488 150.347839 -172.641785
571 72.250488 150.697083 -173.316818
572 72.426285 149.823975 -171.797974
573 72.250488 148.950882 -172.979294
574 72.074707 149.125504 -174.160629
575 72.426285 150.173218 -173.148056
576 72.602081 149.300125 -172.641785
577 71.195740 151.395554 -173.316818
578 72.953659 148.950882 -173.316818
579 72.777878 150.522461 -172.473022
580 72.426285 150.522461 -173.148056
581 71.723114 150.522461 -172.135498
582 72.602081 150.347839 -171.629211
583 70.316788 150.173218 -171.797974
584 72.953659 151.046326 -172.304260
585 71.723114 149.474747 -172.810547
586 71.723114 150.522461 -171.122940
587 72.250488 150.347839 -171.629211
588 72.602081 149.649353 -171.629211
589 71.898911 149.998596 -171.291702
590 72.953659 151.744797 -172.641785
591 72.426285 150.173218 -172.810547
592 71.547333 150.347839 -172.641785
593 71.547333 149.998596 -171.291702
594 71.898911 149.649353 -172.979294
595 71.547333 149.649353 -172.979294
596 72.777878 150.173218 -172.810547
597 71.019958 150.173218 -171.460464
598 72.426285 150.173218 -172.473022
599 72.426285 150.173218 -171.122940
600 73.129456 151.220947 -171.122940
601 72.953659 150.347839 -172.641785
602 71.547333 151.046326 -171.629211
603 71.371536 151.220947 -172.810547
604 72.074707 149.823975 -172.135498
605 71.723114 150.173218 -171.122940
606 72.074707 149.474747 -172.135498
607 72.074707 150.173218 -171.797974
608 74.184204 150.173218 -171.460464
609 72.074707 149.823975 -173.148056
610 70.140991 149.300125 -171.966736
611 72.074707 150.173218 -171.460464
612 72.426285 149.474747 -171.122940
613 71.547333 151.046326 -171.629211
614 72.250488 149.998596 -172.641785
615 70.844162 151.395554 -172.979294
616 71.723114 150.871704 -172.473022
617 71.195740 150.697083 -172.304260
618 71.898911 149.998596 -171.291702
619 71.723114 149.823975 -172.473022
620 72.777878 151.220947 -171.122940
621 72.074707 150.522461 -172.135498
622 72.074707 149.823975 -171.797974
623 71.898911 149.998596 -172.304260
624 72.250488 150.697083 -171.966736
625 71.019958 150.173218 -172.810547
626 71.898911 150.347839 -171.291702
627 72.602081 150.697083 -172.979294
628 71.195740 149.998596 -172.304260
629 71.195740 151.046326 -172.304260
630 70.844162 148.950882 -171.966736
631 72.602081 149.998596 -172.641785
632 71.723114 149.823975 -171.797974
633 70.492569 149.998596 -172.979294
634 70.844162 150.697083 -171.629211
635 71.371536 150.522461 -170.447891
636 71.547333 149.998596 -171.966736
637 71.898911 149.998596 -172.641785
638 72.074707 149.474747 -172.135498
639 72.953659 151.046326 -173.654343
640 71.019958 149.474747 -173.148056
641 72.602081 150.347839 -171.291702
642 72.426285 150.173218 -172.810547
643 71.371536 150.522461 -170.785416
644 72.602081 151.046326 -171.966736
645 74.008423 149.649353 -171.629211
646 72.426285 149.474747 -171.460464
647 72.426285 150.871704 -173.148056
648 71.723114 150.173218 -172.810547
649 72.250488 150.347839 -171.291702
650 72.602081 151.046326 -171.291702
651 71.898911 151.395554 -170.616653
652 72.250488 150.347839 -172.304260
653 72.426285 149.823975 -171.797974
654 71.723114 149.823975 -172.473022
655 71.723114 149.823975 -172.810547
656 71.547333 151.395554 -172.304260
657 72.777878 150.871704 -171.797974
658 72.953659 150.697083 -172.641785
659 71.195740 149.649353 -171.629211
660 73.129456 149.474747 -171.122940
661 72.602081 152.094040 -170.954178
662 72.953659 150.347839 -172.641785
663 72.426285 150.173218 -172.135498
664 72.250488 150.347839 -171.291702
665 72.953659 148.950882 -172.641785
666 71.195740 149.649353 -172.304260
667 71.723114 149.823975 -171.797974
668 72.426285 149.823975 -172.473022
669 71.898911 150.347839 -172.641785
670 72.953659 150.697083 -171.629211
671 72.953659 150.697083 -172.304260
672 72.953659 150.697083 -173.316818
673 71.195740 151.395554 -172.641785
674 72.250488 149.998596 -172.304260
675 72.426285 150.173218 -171.797974
676 73.129456 150.173218 -171.460464
677 72.602081 149.998596 -171.629211
678 72.777878 149.823975 -172.473022
679 72.250488 151.395554 -171.629211
680 71.898911 151.744797 -172.304260
681 72.953659 149.300125 -171.629211
682 73.129456 149.474747 -172.135498
683 72.426285 150.173218 -171.460464
684 72.777878 149.474747 -171.797974
685 71.547333 151.395554 -171.629211
686 72.777878 150.173218 -171.460464
687 72.777878 149.823975 -172.135498
688 71.019958 150.522461 -173.148056
689 71.898911 151.046326 -172.641785
690 72.074707 149.823975 -171.797974
691 72.953659 149.998596 -171.291702
692 72.602081 149.649353 -171.966736
693 72.602081 150.347839 -174.329376
694 70.844162 150.697083 -171.629211
695 73.481033 149.125504 -172.473022
696 72.250488 150.347839 -172.304260
697 71.723114 149.823975 -171.460464
698 72.777878 149.823975 -171.797974
699 72.074707 151.220947 -171.460464
700 72.777878 149.474747 -172.135498
701 71.371536 151.570175 -172.810547
702 72.777878 150.173218 -172.135498
703 71.898911 149.998596 -172.641785
704 71.723114 151.570175 -172.135498
705 72.602081 149.998596 -172.641785
706 72.953659 151.395554 -171.291702
707 72.074707 150.173218 -173.823105
708 72.777878 149.823975 -170.785416
709 72.602081 149.998596 -173.654343
710 72.953659 149.300125 -170.954178
711 72.602081 150.697083 -170.954178
712 73.129456 149.823975 -171.122940
713 72.074707 150.173218 -172.473022
714 72.777878 148.427017 -172.810547
715 72.426285 149.474747 -172.810547
716 71.371536 148.077774 -172.135498
717 71.898911 151.046326 -170.616653
718 72.953659 149.649353 -171.966736
719 71.371536 149.125504 -172.135498
720 71.547333 149.998596 -170.616653
721 72.602081 151.046326 -171.966736
722 73.129456 151.919418 -172.473022
723 71.195740 149.649353 -171.966736
724 71.723114 150.522461 -172.473022
725 71.371536 151.220947 -172.473022
726 73.129456 150.173218 -170.785416
727 72.777878 149.125504 -173.148056
728 71.547333 149.649353 -171.966736
729 71.547333 149.649353 -172.304260
730 71.898911 149.998596 -172.979294
731 73.481033 151.220947 -172.135498
732 71.898911 151.046326 -171.966736
733 72.074707 149.474747 -172.135498
734 71.898911 149.998596 -172.641785
735 72.602081 151.395554 -171.629211
736 72.074707 150.173218 -172.473022
737 71.019958 150.522461 -171.460464
738 72.953659 149.998596 -172.641785
739 71.019958 149.474747 -172.473022
740 71.723114 150.871704 -173.148056
741 71.898911 151.395554 -172.641785
742 72.602081 151.744797 -170.616653
743 73.305252 150.347839 -172.304260
744 72.074707 150.522461 -172.473022
745 71.723114 148.776260 -173.148056
746 71.898911 150.347839 -170.954178
747 72.426285 150.871704 -172.810547
748 72.602081 149.998596 -171.966736
749 71.898911 149.998596 -171.291702
750 71.898911 149.300125 -172.641785
751 72.426285 150.522461 -173.148056
752 72.777878 150.522461 -172.135498
753 70.316788 149.823975 -172.135498
754 72.074707 149.474747 -172.135498
755 72.602081 151.395554 -172.979294
756 72.250488 151.046326 -172.641785
757 72.426285 149.474747 -171.797974
758 73.129456 150.522461 -170.785416
759 72.426285 149.125504 -171.797974
760 72.953659 151.395554 -172.304260
761 72.777878 149.125504 -172.135498
762 72.602081 149.649353 -171.966736
763 73.481033 149.823975 -172.810547
764 71.723114 149.823975 -171.122940
765 71.547333 150.347839 -169.266571
766 72.777878 150.871704 -171.460464
767 71.371536 149.823975 -171.797974
768 71.547333 149.998596 -172.979294
769 72.426285 151.220947 -171.122940
770 71.898911 150.697083 -171.629211
771 72.602081 149.649353 -171.966736
772 71.371536 150.173218 -171.797974
773 73.656830 151.046326 -171.966736
774 72.074707 151.919418 -172.473022
775 71.547333 149.998596 -172.979294
776 72.777878 149.125504 -172.473022
777 72.953659 152.443283 -171.966736
778 72.074707 150.871704 -172.473022
779 72.777878 151.919418 -172.473022
780 70.844162 150.697083 -172.641785
781 72.250488 149.300125 -172.304260
782 72.250488 149.649353 -172.979294
783 73.305252 149.300125 -173.654343
784 71.898911 148.950882 -172.979294
785 71.898911 149.998596 -173.654343
786 71.723114 148.077774 -171.797974
787 71.898911 151.046326 -172.304260
788 73.832626 150.871704 -172.135498
789 72.074707 149.125504 -173.485580
790 71.723114 149.474747 -173.148056
791 72.426285 150.871704 -170.785416
792 74.008423 148.601639 -172.304260
793 72.426285 149.474747 -171.797974
794 72.426285 151.220947 -171.122940
795 72.426285 149.823975 -171.460464
796 71.898911 150.347839 -172.304260
797 71.019958 150.522461 -172.135498
798 72.250488 150.697083 -170.954178
799 71.898911 149.649353 -172.304260
800 71.371536 150.522461 -172.810547
801 72.777878 150.871704 -171.797974
802 71.547333 151.046326 -171.629211
803 71.371536 151.220947 -172.473022
804 72.777878 151.220947 -172.810547
805 73.129456 150.173218 -171.460464
806 72.074707 150.173218 -171.797974
807 72.250488 150.697083 -171.966736
808 71.723114 150.173218 -172.810547
809 71.371536 151.220947 -172.810547
810 72.074707 150.173218 -172.135498
811 72.250488 150.347839 -171.629211
812 71.371536 151.220947 -171.797974
813 72.953659 150.347839 -172.641785
814 71.371536 151.220947 -172.135498
815 71.898911 151.046326 -169.941620
816 73.129456 150.522461 -172.135498
817 72.426285 150.173218 -172.135498
818 71.195740 150.347839 -172.641785
819 73.129456 149.823975 -172.810547
820 71.547333 148.950882 -171.629211
821 74.008423 150.347839 -172.641785
822 71.547333 148.950882 -172.979294
823 73.129456 149.823975 -172.473022
824 71.547333 149.300125 -172.641785
825 72.250488 149.998596 -171.966736
826 71.019958 150.173218 -172.810547
827 72.777878 150.522461 -172.473022
828 72.602081 150.347839 -171.291702
829 71.723114 150.522461 -173.823105
830 71.019958 149.474747 -172.810547
831 73.129456 149.125504 -172.473022
832 73.129456 149.125504 -172.135498
833 72.602081 151.395554 -172.641785
834 73.129456 149.125504 -171.797974
835 71.723114 149.125504 -172.810547
836 70.668365 150.871704 -171.797974
837 72.777878 148.776260 -173.148056
838 72.426285 149.823975 -172.135498
839 73.656830 149.998596 -171.966736
840 71.723114 150.522461 -173.148056
841 71.547333 150.347839 -172.641785
842 72.953659 151.046326 -172.979294
843 72.953659 148.950882 -171.291702
844 72.602081 150.347839 -172.979294
845 70.316788 149.823975 -171.122940
846 73.481033 150.173218 -171.460464
847 74.008423 150.697083 -171.966736
848 71.547333 151.395554 -171.966736
849 72.777878 149.823975 -170.785416
850 72.250488 148.950882 -171.966736
851 71.547333 149.998596 -171.291702
852 73.481033 149.474747 -172.135498
853 71.898911 149.998596 -171.966736
854 72.250488 150.347839 -173.316818
855 72.602081 149.998596 -170.954178
856 72.777878 150.522461 -173.148056
857 71.723114 151.220947 -171.797974
858 73.481033 149.125504 -171.460464
859 71.723114 149.474747 -172.473022
860 72.953659 149.300125 -171.629211
861 72.602081 150.347839 -172.304260
862 71.723114 150.173218 -171.460464
863 71.547333 150.697083 -172.641785
864 71.898911 150.697083 -171.629211
865 71.898911 149.300125 -171.966736
866 71.019958 150.522461 -173.148056
867 72.074707 150.173218 -172.473022
868 72.426285 149.823975 -171.460464
869 71.898911 150.347839 -172.304260
870 72.953659 151.046326 -172.641785
871 72.602081 149.649353 -172.641785
872 70.492569 150.347839 -173.316818
873 71.371536 149.823975 -172.810547
874 72.074707 150.871704 -172.810547
875 71.547333 149.998596 -171.629211
876 71.898911 150.347839 -171.291702
877 72.777878 149.823975 -171.460464
878 71.371536 148.427017 -172.135498
879 71.371536 149.474747 -171.797974
880 72.777878 150.173218 -171.797974
881 71.195740 149.649353 -171.966736
882 73.656830 151.046326 -171.966736
883 72.953659 151.744797 -171.629211
884 71.371536 150.522461 -172.810547
885 70.844162 150.347839 -173.316818
886 72.602081 150.697083 -172.979294
887 71.547333 150.347839 -171.629211
888 71.898911 150.347839 -171.291702
889 70.668365 151.570175 -173.148056
890 71.547333 149.998596 -170.616653
891 73.832626 150.522461 -172.135498
892 72.426285 148.776260 -172.810547
893 72.953659 150.347839 -171.966736
894 73.129456 151.220947 -171.797974
895 71.547333 148.950882 -171.629211
896 72.426285 149.474747 -172.473022
897 71.898911 149.649353 -171.966736
898 72.426285 149.823975 -172.135498
899 72.426285 149.474747 -172.135498
900 72.074707 150.173218 -171.797974
901 72.250488 150.347839 -173.654343
902 72.250488 150.697083 -173.654343
903 73.305252 150.697083 -172.641785
904 72.250488 150.347839 -171.966736
905 72.953659 150.347839 -172.979294
906 72.250488 149.998596 -173.654343
907 72.074707 149.474747 -173.148056
908 72.250488 149.649353 -172.979294
909 71.898911 150.697083 -171.966736
910 72.074707 150.173218 -171.797974
911 72.426285 149.125504 -170.447891
912 71.019958 150.173218 -172.135498
913 72.250488 150.697083 -172.979294
914 71.019958 149.474747 -172.473022
915 71.019958 149.474747 -171.460464
916 71.195740 151.046326 -171.291702
917 72.953659 150.697083 -171.629211
918 72.250488 149.998596 -173.654343
919 71.723114 150.173218 -171.460464
920 71.898911 149.649353 -171.966736
921 72.953659 149.998596 -170.954178
922 71.898911 149.649353 -171.966736
923 71.723114 149.823975 -173.485580
924 71.898911 149.998596 -172.979294
925 72.074707 150.522461 -172.810547
926 72.074707 150.871704 -172.473022
927 71.898911 150.347839 -171.966736
928 72.250488 151.046326 -172.641785
929 69.789413 150.697083 -173.991867
930 72.426285 149.823975 -171.460464
931 71.547333 151.046326 -173.316818
932 72.250488 151.395554 -171.291702
933 71.195740 149.649353 -170.616653
934 72.426285 148.776260 -171.122940
935 71.371536 149.823975 -172.135498
936 71.723114 149.823975 -172.473022
937 71.195740 149.649353 -173.316818
938 71.723114 149.823975 -172.473022
939 72.777878 149.823975 -172.135498
940 72.250488 149.998596 -171.966736
941 71.723114 150.173218 -172.135498
942 72.602081 151.395554 -171.291702
943 71.547333 149.300125 -172.304260
944 71.898911 149.998596 -172.641785
945 72.777878 151.570175 -173.485580
946 71.723114 149.823975 -172.135498
947 70.844162 151.395554 -171.629211
948 72.426285 149.474747 -172.473022
949 71.898911 150.697083 -170.954178
950 73.305252 151.744797 -171.291702
951 71.195740 151.046326 -171.966736
952 72.777878 149.125504 -170.785416
953 72.074707 150.871704 -171.797974
954 72.426285 149.823975 -172.135498
955 71.898911 151.395554 -172.304260
956 71.547333 151.046326 -172.979294
957 71.547333 149.649353 -170.954178
958 72.250488 149.649353 -172.641785
959 72.250488 149.998596 -171.629211
960 70.668365 149.823975 -172.473022
961 73.129456 150.522461 -171.122940
962 71.019958 149.474747 -172.473022
963 71.898911 149.998596 -171.291702
964 72.074707 149.823975 -171.797974
965 72.074707 150.871704 -170.447891
966 72.777878 150.871704 -170.447891
967 70.668365 150.871704 -172.473022
968 72.426285 150.173218 -171.797974
969 71.371536 150.522461 -171.460464
970 72.074707 150.871704 -172.473022
971 71.371536 150.522461 -172.473022
972 70.844162 151.046326 -170.954178
973 72.250488 151.046326 -172.304260
974 71.898911 149.300125 -173.316818
975 71.195740 149.998596 -171.966736
976 72.602081 151.046326 -171.291702
977 71.723114 150.173218 -172.135498
978 73.305252 149.998596 -172.304260
979 72.602081 149.998596 -171.966736
980 72.602081 149.649353 -172.641785
981 70.668365 151.220947 -172.473022
982 72.602081 150.347839 -172.304260
983 72.777878 149.474747 -172.473022
984 73.832626 151.220947 -173.148056
985 72.426285 150.173218 -170.785416
986 72.426285 150.522461 -172.473022
987 72.250488 149.998596 -171.966736
988 71.019958 150.522461 -172.473022
989 71.195740 151.046326 -172.979294
990 71.898911 151.046326 -171.629211
991 71.547333 151.046326 -171.966736
992 70.844162 149.649353 -171.966736
993 73.305252 149.649353 -170.954178
994 72.602081 150.347839 -171.966736
995 71.898911 150.347839 -171.966736
996 71.723114 150.871704 -171.122940
997 72.602081 149.649353 -171.629211
998 72.602081 149.649353 -172.641785
999 71.371536 148.776260 -171.460464
1000 72.953659 149.300125 -171.629211
1001 70.844162 149.998596 -172.304260
1002 71.019958 150.871704 -172.135498
1003 71.019958 148.776260 -170.785416
1004 71.547333 150.347839 -171.291702
1005 72.426285 150.522461 -171.797974
1006 71.723114 150.871704 -171.460464
1007 71.019958 151.570175 -171.460464
1008 72.602081 151.395554 -173.654343
1009 72.777878 150.871704 -171.460464
1010 72.250488 151.395554 -171.966736
1011 71.019958 150.871704 -172.135498
1012 71.019958 150.871704 -172.135498
1013 72.602081 151.046326 -172.979294
1014 70.492569 149.649353 -171.291702
1015 71.019958 151.220947 -171.460464
1016 72.426285 150.173218 -171.460464
1017 72.426285 150.173218 -173.148056
1018 72.250488 151.744797 -171.291702
1019 71.898911 150.347839 -172.304260
