1 73.481033 147.728546 -172.135498
2 72.777878 150.173218 -172.473022
3 71.371536 150.173218 -172.135498
4 71.371536 150.173218 -172.135498
5 72.250488 149.649353 -171.629211
6 72.953659 150.347839 -172.979294
7 72.250488 149.649353 -173.316818
8 71.547333 151.046326 -172.641785
9 72.602081 149.300125 -170.616653
10 71.195740 150.347839 -172.979294
11 71.019958 150.522461 -171.797974
12 71.723114 150.173218 -172.810547
13 71.019958 150.522461 -172.135498
14 72.953659 150.347839 -172.979294
15 72.777878 151.220947 -172.135498
16 72.250488 150.347839 -172.979294
17 72.602081 148.950882 -172.979294
18 71.898911 149.649353 -170.954178
19 71.898911 150.697083 -172.641785
20 71.371536 150.871704 -171.122940
21 72.250488 151.046326 -171.966736
22 71.723114 150.173218 -172.473022
23 72.602081 151.395554 -171.629211
24 71.547333 149.300125 -172.304260
25 72.602081 151.744797 -171.966736
26 71.547333 149.649353 -171.629211
27 72.250488 151.744797 -171.291702
28 72.250488 150.697083 -172.641785
29 72.250488 150.697083 -173.316818
30 72.777878 150.522461 -172.473022
31 72.250488 151.395554 -171.966736
32 71.371536 150.173218 -172.473022
33 72.602081 150.347839 -172.979294
34 71.371536 151.570175 -171.797974
35 72.602081 151.395554 -172.641785
36 72.074707 150.871704 -171.797974
37 72.953659 150.697083 -172.304260
38 72.426285 150.522461 -171.797974
39 72.777878 150.871704 -171.797974
40 73.656830 151.046326 -172.641785
41 71.723114 149.474747 -172.810547
42 72.074707 151.570175 -173.148056
43 73.481033 149.823975 -172.473022
44 72.426285 149.823975 -173.485580
45 72.250488 149.998596 -172.979294
46 71.898911 149.649353 -172.641785
47 72.953659 149.998596 -172.304260
48 71.547333 149.649353 -172.304260
49 72.953659 149.998596 -173.316818
50 71.723114 151.570175 -172.473022
51 71.898911 151.046326 -172.979294
52 72.074707 150.173218 -172.135498
53 71.019958 149.474747 -173.148056
54 71.547333 149.998596 -172.304260
55 72.777878 150.522461 -173.485580
56 72.426285 150.871704 -173.485580
57 73.656830 149.998596 -172.304260
58 71.019958 151.220947 -173.823105
59 72.602081 150.697083 -172.979294
60 72.426285 149.823975 -173.148056
61 71.723114 150.522461 -171.460464
62 71.898911 150.697083 -172.641785
63 73.305252 150.347839 -171.629211
64 72.953659 148.252396 -172.304260
65 73.129456 150.522461 -170.785416
66 72.074707 149.474747 -172.473022
67 72.953659 151.046326 -173.991867
68 71.723114 150.173218 -173.148056
69 72.602081 149.998596 -172.641785
70 72.426285 150.173218 -171.797974
71 72.250488 150.347839 -172.304260
72 71.898911 150.697083 -172.979294
73 71.547333 149.649353 -172.979294
74 72.250488 150.697083 -171.966736
75 71.547333 150.347839 -172.979294
76 71.371536 150.173218 -172.135498
77 72.777878 150.173218 -171.460464
78 72.250488 148.601639 -172.304260
79 72.602081 148.601639 -173.654343
80 71.898911 148.950882 -171.291702
81 70.844162 150.347839 -171.291702
82 71.547333 149.649353 -172.641785
83 71.547333 150.697083 -171.966736
84 71.898911 150.347839 -172.304260
85 72.602081 150.697083 -172.641785
86 72.602081 150.697083 -170.954178
87 73.129456 150.871704 -171.797974
88 71.547333 150.347839 -171.291702
89 71.898911 151.046326 -170.954178
90 71.898911 150.697083 -171.629211
91 72.074707 150.173218 -172.810547
92 70.668365 150.871704 -171.460464
93 72.426285 150.871704 -172.135498
94 71.547333 150.697083 -171.966736
95 72.074707 150.173218 -170.110382
96 70.844162 149.998596 -172.304260
97 71.371536 150.522461 -173.148056
98 73.656830 150.697083 -172.304260
99 71.195740 150.697083 -171.629211
100 71.019958 150.522461 -171.797974
101 72.602081 149.998596 -171.629211
102 71.547333 150.347839 -172.979294
103 71.898911 149.998596 -172.304260
104 72.777878 149.823975 -172.135498
105 72.250488 149.649353 -172.641785
106 72.074707 150.173218 -172.135498
107 71.898911 150.697083 -172.304260
108 73.832626 149.474747 -172.135498
109 72.426285 150.173218 -172.810547
110 71.898911 149.300125 -171.629211
111 73.129456 150.871704 -171.797974
112 71.898911 149.649353 -172.641785
113 72.250488 150.347839 -172.979294
114 72.602081 148.950882 -171.291702
115 72.953659 149.649353 -171.629211
116 72.426285 150.522461 -171.460464
117 73.305252 151.046326 -172.641785
118 72.426285 150.173218 -172.135498
119 71.547333 150.347839 -172.979294
120 72.426285 150.173218 -172.135498
121 72.777878 149.125504 -172.473022
122 72.250488 150.347839 -171.629211
123 72.250488 149.300125 -171.966736
124 71.898911 149.649353 -173.316818
125 72.426285 149.823975 -173.148056
126 71.898911 151.046326 -170.954178
127 71.723114 149.823975 -171.460464
128 72.250488 150.347839 -171.291702
129 71.723114 149.474747 -171.460464
130 71.019958 150.173218 -172.135498
131 72.426285 149.823975 -171.797974
132 72.250488 150.697083 -170.954178
133 71.371536 149.474747 -171.460464
134 70.668365 150.173218 -172.810547
135 71.195740 151.395554 -172.641785
136 70.316788 150.522461 -171.797974
137 71.547333 151.395554 -171.629211
138 72.250488 148.950882 -171.291702
139 71.723114 149.823975 -174.160629
140 72.250488 150.347839 -173.316818
141 71.371536 148.776260 -173.148056
142 73.129456 150.522461 -172.473022
143 72.602081 149.649353 -172.641785
144 73.481033 150.522461 -173.823105
145 72.602081 151.046326 -171.629211
146 72.953659 150.697083 -171.291702
147 70.668365 150.871704 -171.797974
148 71.195740 151.046326 -173.316818
149 71.723114 151.570175 -172.473022
150 73.305252 150.697083 -172.304260
151 72.426285 151.220947 -171.797974
152 71.547333 150.697083 -172.979294
153 72.250488 149.998596 -171.291702
154 73.481033 149.823975 -171.460464
155 71.723114 150.173218 -172.473022
156 71.371536 150.173218 -172.135498
157 70.668365 150.173218 -173.148056
158 72.074707 150.173218 -172.810547
159 72.602081 149.300125 -173.654343
160 72.953659 150.347839 -172.641785
161 72.426285 150.173218 -171.460464
162 72.426285 150.522461 -170.447891
163 72.777878 151.220947 -172.473022
164 71.195740 149.649353 -172.641785
165 71.723114 150.173218 -171.797974
166 71.898911 149.649353 -172.304260
167 71.019958 150.173218 -173.148056
168 72.953659 152.094040 -172.979294
169 71.723114 150.173218 -172.135498
170 71.371536 151.220947 -171.797974
171 71.898911 149.649353 -170.616653
172 71.898911 149.300125 -171.629211
173 72.953659 150.697083 -172.641785
174 71.898911 150.347839 -172.641785
175 73.481033 149.474747 -171.122940
176 71.019958 150.871704 -172.810547
177 71.195740 151.046326 -171.291702
178 72.074707 149.823975 -171.460464
179 70.844162 150.697083 -170.954178
180 70.844162 151.046326 -172.304260
181 71.723114 151.220947 -172.810547
182 71.547333 150.697083 -172.641785
183 72.777878 149.474747 -172.810547
184 71.898911 150.697083 -171.629211
185 72.426285 150.173218 -172.473022
186 72.777878 150.871704 -172.810547
187 71.723114 149.823975 -173.823105
188 70.140991 150.347839 -171.629211
189 73.129456 151.919418 -170.785416
190 72.074707 149.823975 -172.473022
191 71.195740 150.347839 -171.291702
192 72.426285 150.173218 -171.460464
193 71.371536 151.220947 -171.460464
194 72.426285 150.173218 -171.797974
195 72.074707 150.173218 -172.473022
196 70.668365 149.125504 -172.810547
197 72.426285 150.522461 -171.460464
198 72.250488 150.697083 -171.291702
199 73.481033 150.522461 -172.135498
200 71.723114 149.474747 -172.810547
201 70.844162 150.347839 -173.316818
202 71.723114 150.522461 -172.473022
203 71.195740 150.697083 -170.954178
204 71.723114 149.125504 -174.160629
205 71.898911 150.697083 -171.966736
206 72.602081 149.998596 -172.641785
207 71.723114 150.522461 -173.148056
208 72.953659 150.697083 -172.641785
209 73.305252 151.046326 -172.641785
210 73.129456 149.823975 -172.810547
211 72.074707 148.776260 -171.460464
212 71.547333 149.300125 -171.966736
213 71.547333 149.998596 -173.654343
214 73.129456 149.823975 -170.447891
215 72.250488 150.347839 -171.966736
216 70.844162 150.697083 -172.641785
217 73.481033 150.173218 -171.460464
218 70.140991 150.347839 -172.641785
219 72.953659 151.046326 -171.291702
220 71.723114 150.173218 -171.797974
221 72.953659 149.300125 -172.304260
222 72.602081 148.601639 -171.291702
223 72.250488 151.395554 -171.966736
224 71.371536 150.871704 -172.473022
225 71.723114 150.522461 -171.797974
226 72.250488 151.046326 -172.979294
227 72.250488 150.697083 -172.641785
228 71.898911 151.744797 -171.966736
229 71.371536 149.474747 -173.148056
230 71.898911 149.649353 -172.304260
231 71.547333 148.950882 -171.629211
232 71.547333 149.649353 -171.291702
233 72.426285 150.522461 -171.797974
234 71.547333 148.950882 -172.641785
235 71.195740 150.347839 -173.654343
236 73.129456 149.823975 -171.797974
237 70.668365 150.173218 -172.473022
238 72.602081 150.347839 -171.966736
239 71.898911 149.300125 -172.304260
240 72.250488 150.347839 -172.304260
241 72.426285 150.871704 -172.473022
242 71.898911 149.998596 -173.991867
243 73.129456 148.776260 -172.810547
244 71.547333 152.094040 -172.304260
245 72.953659 149.998596 -172.304260
246 72.777878 150.871704 -171.460464
247 73.832626 150.871704 -172.135498
248 72.250488 150.347839 -170.954178
249 72.426285 150.173218 -173.148056
250 72.250488 148.601639 -173.316818
251 72.953659 149.998596 -172.304260
252 73.129456 151.220947 -173.148056
253 71.019958 149.474747 -172.810547
254 72.074707 150.173218 -172.810547
255 72.602081 149.998596 -172.979294
256 72.777878 149.823975 -172.135498
257 72.602081 150.697083 -171.966736
258 71.547333 150.347839 -172.641785
259 73.832626 151.220947 -171.122940
260 72.074707 151.220947 -173.823105
261 72.074707 150.173218 -172.135498
262 70.844162 150.347839 -172.979294
263 71.019958 151.220947 -171.797974
264 72.777878 149.823975 -172.473022
265 71.898911 151.046326 -171.966736
266 72.426285 149.474747 -171.797974
267 72.074707 150.173218 -170.785416
268 71.371536 149.823975 -172.473022
269 71.019958 150.522461 -171.797974
270 72.250488 148.601639 -172.979294
271 72.074707 150.522461 -171.797974
272 71.371536 150.173218 -171.797974
273 71.723114 150.173218 -172.810547
274 71.898911 150.347839 -171.966736
275 72.426285 150.173218 -172.473022
276 71.019958 150.173218 -172.135498
277 71.723114 149.823975 -172.135498
278 71.898911 149.998596 -171.629211
279 72.074707 150.522461 -172.473022
280 72.074707 150.522461 -172.135498
281 71.547333 150.697083 -172.304260
282 72.777878 151.220947 -173.823105
283 72.602081 149.300125 -172.641785
284 74.184204 151.220947 -173.148056
285 71.547333 150.347839 -172.304260
286 72.426285 150.522461 -172.810547
287 71.019958 149.823975 -172.473022
288 71.898911 150.347839 -172.641785
289 71.195740 149.998596 -172.979294
290 71.723114 148.776260 -170.110382
291 72.074707 150.522461 -171.797974
292 70.668365 150.522461 -173.148056
293 71.547333 151.046326 -171.629211
294 72.426285 150.173218 -171.797974
295 72.074707 151.570175 -172.135498
296 71.019958 150.871704 -172.135498
297 72.953659 149.300125 -171.966736
298 72.602081 150.347839 -172.641785
299 71.547333 149.649353 -172.304260
300 72.602081 149.998596 -172.641785
301 72.777878 149.125504 -172.473022
302 71.547333 151.744797 -171.291702
303 71.019958 150.173218 -172.473022
304 72.426285 149.125504 -171.460464
305 71.019958 149.823975 -171.460464
306 71.547333 151.046326 -171.291702
307 72.250488 149.649353 -173.316818
308 73.481033 149.474747 -171.460464
309 71.898911 150.347839 -172.304260
310 72.777878 150.173218 -172.135498
311 71.371536 149.474747 -172.810547
312 72.250488 151.395554 -171.629211
313 71.898911 149.998596 -171.629211
314 71.547333 151.046326 -171.966736
315 73.481033 150.173218 -172.473022
316 70.140991 148.950882 -172.641785
317 71.547333 150.697083 -172.304260
318 71.723114 150.522461 -172.473022
319 72.250488 148.601639 -171.291702
320 72.953659 148.950882 -171.966736
321 71.723114 150.871704 -171.460464
322 71.371536 150.522461 -173.148056
323 72.426285 150.871704 -172.473022
324 73.305252 149.998596 -172.979294
325 72.602081 151.046326 -172.979294
326 72.426285 150.173218 -172.135498
327 71.547333 149.998596 -171.966736
328 72.250488 150.697083 -171.629211
329 71.547333 149.300125 -171.629211
330 72.602081 149.998596 -171.966736
331 71.723114 149.823975 -172.473022
332 71.723114 150.173218 -171.797974
333 73.305252 150.697083 -172.304260
334 71.898911 150.697083 -171.629211
335 72.074707 150.173218 -171.797974
336 73.305252 149.649353 -173.316818
337 72.074707 150.871704 -172.135498
338 71.371536 150.871704 -172.473022
339 71.723114 148.776260 -171.797974
340 71.723114 149.823975 -172.473022
341 71.723114 151.220947 -171.797974
342 72.250488 149.649353 -171.629211
343 72.602081 150.347839 -170.954178
344 71.723114 149.823975 -173.485580
345 73.481033 150.522461 -172.473022
346 71.195740 150.697083 -173.316818
347 71.898911 149.300125 -172.304260
348 71.723114 150.871704 -171.797974
349 72.250488 149.649353 -172.641785
350 72.074707 149.474747 -171.460464
351 72.602081 150.347839 -171.291702
352 73.305252 150.347839 -171.291702
353 70.492569 151.046326 -172.979294
354 72.602081 149.998596 -172.641785
355 71.371536 151.570175 -172.135498
356 71.547333 149.649353 -170.954178
357 72.777878 149.474747 -172.473022
358 71.898911 151.046326 -173.991867
359 72.074707 150.522461 -172.473022
360 71.195740 149.300125 -170.616653
361 72.074707 151.570175 -173.485580
362 72.074707 150.871704 -172.135498
363 71.547333 149.998596 -172.641785
364 73.129456 151.220947 -173.148056
365 71.547333 151.046326 -171.629211
366 71.547333 149.998596 -170.954178
367 72.602081 150.347839 -172.641785
368 72.074707 150.173218 -172.810547
369 71.898911 149.998596 -171.966736
370 70.668365 150.173218 -172.473022
371 71.898911 151.744797 -172.304260
372 71.898911 150.347839 -172.304260
373 71.723114 151.220947 -171.797974
374 70.316788 150.522461 -172.135498
375 70.844162 151.395554 -172.304260
376 72.602081 149.649353 -171.629211
377 71.019958 149.474747 -171.460464
378 71.547333 150.347839 -171.966736
379 72.426285 151.220947 -172.473022
380 72.250488 149.649353 -172.304260
381 71.371536 150.173218 -172.135498
382 71.019958 151.220947 -172.473022
383 71.195740 149.998596 -171.966736
384 71.723114 150.522461 -172.810547
385 72.074707 149.474747 -172.473022
386 71.195740 149.649353 -171.966736
387 72.953659 149.998596 -171.291702
388 71.723114 149.125504 -172.810547
389 71.723114 151.220947 -172.135498
390 72.953659 151.395554 -170.279129
391 72.250488 149.998596 -173.654343
392 71.723114 150.173218 -172.135498
393 72.426285 149.125504 -172.473022
394 72.602081 149.300125 -171.291702
395 72.953659 150.347839 -170.616653
396 71.371536 149.823975 -171.460464
397 73.656830 149.998596 -172.979294
398 71.547333 151.046326 -171.966736
399 70.316788 150.871704 -172.135498
400 71.371536 151.919418 -172.135498
401 70.492569 150.347839 -173.316818
402 72.426285 150.871704 -171.797974
403 70.668365 149.474747 -172.473022
404 70.668365 150.522461 -172.135498
405 71.195740 150.697083 -172.641785
406 71.371536 150.522461 -171.460464
407 72.074707 150.871704 -171.460464
408 71.019958 149.474747 -173.485580
409 69.613617 151.220947 -171.460464
410 72.602081 151.395554 -172.641785
411 72.426285 149.823975 -171.797974
412 72.953659 150.347839 -172.304260
413 72.953659 151.744797 -171.629211
414 71.371536 150.871704 -172.135498
415 71.898911 150.347839 -172.641785
416 72.777878 151.220947 -171.460464
417 70.844162 151.046326 -171.291702
418 71.898911 150.347839 -171.291702
419 71.898911 149.998596 -172.304260
420 72.250488 149.998596 -171.966736
421 72.602081 150.347839 -171.629211
422 73.129456 150.173218 -172.810547
423 71.723114 149.474747 -172.473022
424 71.019958 150.522461 -172.135498
425 72.074707 150.871704 -172.135498
426 71.371536 151.220947 -171.460464
427 72.426285 150.173218 -171.797974
428 72.250488 149.649353 -173.316818
429 71.019958 149.474747 -172.810547
430 71.195740 149.998596 -171.966736
431 71.723114 149.823975 -172.810547
432 73.305252 150.697083 -170.954178
433 71.547333 150.347839 -172.641785
434 71.371536 150.173218 -171.122940
435 71.371536 151.220947 -172.810547
436 71.723114 150.173218 -171.122940
437 72.777878 151.919418 -172.810547
438 72.953659 150.347839 -171.291702
439 71.371536 151.220947 -171.460464
440 72.074707 151.570175 -172.135498
441 72.250488 151.046326 -172.304260
442 72.426285 148.427017 -172.135498
443 73.129456 149.823975 -171.460464
444 71.547333 151.395554 -171.966736
445 71.371536 149.125504 -171.460464
446 71.898911 150.347839 -171.629211
447 72.074707 151.570175 -172.135498
448 72.250488 150.697083 -172.979294
449 72.953659 149.649353 -172.641785
450 71.195740 150.347839 -171.966736
451 71.371536 149.474747 -171.460464
452 71.547333 149.998596 -172.641785
453 71.898911 149.300125 -171.291702
454 72.250488 149.300125 -170.954178
455 72.777878 152.268661 -172.473022
456 71.371536 149.474747 -172.135498
457 71.723114 150.871704 -172.473022
458 71.547333 149.649353 -170.954178
459 71.898911 149.649353 -172.641785
460 70.316788 150.173218 -171.797974
461 72.074707 150.173218 -172.810547
462 72.250488 149.998596 -170.954178
463 72.426285 150.871704 -172.473022
464 72.777878 150.522461 -171.122940
465 72.426285 150.173218 -172.473022
466 72.426285 150.522461 -171.460464
467 71.723114 150.173218 -172.135498
468 71.723114 149.474747 -172.473022
469 71.547333 149.649353 -173.316818
470 72.426285 149.125504 -172.473022
471 71.723114 150.173218 -171.460464
472 71.547333 149.649353 -172.979294
473 71.371536 150.522461 -172.135498
474 71.898911 150.347839 -172.304260
475 71.898911 149.300125 -172.641785
476 70.492569 149.649353 -172.641785
477 72.953659 150.697083 -172.979294
478 72.074707 151.220947 -172.473022
479 71.898911 150.347839 -173.316818
480 72.602081 149.998596 -172.641785
481 71.547333 149.998596 -173.316818
482 72.602081 149.300125 -170.954178
483 72.602081 152.094040 -170.616653
484 72.953659 150.697083 -171.966736
485 70.844162 150.697083 -172.304260
486 71.371536 149.823975 -171.797974
487 72.953659 149.998596 -172.304260
488 72.426285 150.173218 -170.785416
489 72.074707 151.220947 -172.135498
490 71.371536 149.125504 -171.122940
491 71.371536 149.125504 -172.135498
492 72.602081 149.649353 -173.316818
493 73.481033 150.871704 -172.135498
494 72.602081 149.649353 -171.291702
495 71.898911 149.300125 -172.641785
496 71.723114 150.522461 -172.473022
497 73.656830 151.046326 -172.304260
498 73.481033 150.522461 -172.135498
499 72.777878 150.173218 -171.460464
500 72.426285 150.173218 -172.473022
501 72.074707 149.823975 -172.135498
502 71.195740 150.697083 -173.991867
503 71.547333 149.300125 -172.979294
504 70.668365 150.522461 -171.460464
505 70.844162 149.998596 -171.966736
506 71.898911 152.094040 -171.966736
507 72.074707 149.125504 -172.473022
508 71.898911 150.347839 -172.304260
509 71.371536 150.173218 -171.122940
510 72.250488 149.998596 -172.304260
511 72.602081 150.347839 -172.304260
512 71.019958 149.474747 -172.810547
513 71.898911 149.998596 -171.291702
514 72.602081 150.347839 -172.641785
515 73.481033 150.522461 -173.148056
516 72.250488 149.300125 -171.629211
517 71.547333 149.998596 -172.304260
518 71.723114 150.522461 -172.473022
519 72.074707 149.474747 -172.135498
520 71.019958 150.173218 -173.148056
521 73.481033 149.474747 -173.148056
522 72.250488 150.347839 -171.966736
523 71.019958 148.427017 -171.460464
524 71.371536 150.522461 -172.473022
525 72.953659 151.395554 -172.641785
526 72.426285 150.871704 -173.823105
527 72.074707 148.427017 -171.797974
528 71.195740 149.300125 -172.304260
529 73.832626 150.173218 -173.148056
530 71.195740 151.395554 -173.316818
531 71.547333 151.046326 -172.979294
532 72.602081 148.950882 -171.629211
533 70.844162 151.395554 -170.954178
534 73.481033 149.474747 -172.135498
535 72.602081 151.046326 -171.629211
536 72.074707 150.871704 -171.797974
537 71.371536 150.522461 -172.810547
538 73.481033 150.173218 -172.810547
539 71.547333 150.697083 -172.304260
540 71.371536 149.823975 -171.122940
541 71.723114 150.173218 -172.135498
542 72.250488 151.046326 -172.979294
543 72.602081 150.697083 -173.316818
544 72.426285 150.871704 -170.785416
545 71.898911 149.998596 -172.979294
546 71.019958 150.522461 -171.797974
547 72.602081 150.347839 -172.641785
548 73.129456 150.173218 -172.135498
549 71.898911 149.649353 -171.966736
550 71.019958 150.871704 -172.473022
551 72.074707 150.871704 -172.135498
552 70.316788 150.173218 -173.823105
553 72.074707 151.220947 -173.148056
554 72.426285 150.173218 -171.122940
555 72.602081 150.347839 -171.629211
556 73.481033 150.173218 -172.135498
557 73.656830 149.649353 -171.966736
558 71.195740 151.046326 -171.291702
559 71.898911 150.697083 -171.629211
560 71.723114 150.173218 -171.122940
561 72.074707 150.522461 -171.797974
562 71.371536 149.823975 -171.460464
563 72.602081 149.300125 -172.641785
564 71.723114 150.173218 -171.797974
565 73.656830 148.950882 -173.316818
566 71.371536 150.522461 -172.135498
567 71.898911 151.046326 -173.316818
568 71.547333 149.998596 -172.304260
569 72.250488 149.998596 -172.979294
570 72.777878 150.173218 -172.810547
571 72.953659 149.998596 -173.654343
572 71.723114 150.871704 -171.797974
573 71.019958 150.522461 -172.473022
574 73.129456 150.871704 -172.473022
575 72.250488 149.998596 -171.629211
576 70.844162 150.697083 -171.966736
577 72.777878 150.173218 -172.473022
578 71.898911 152.094040 -172.304260
579 73.129456 150.522461 -173.485580
580 71.898911 151.395554 -173.316818
581 72.426285 150.522461 -172.473022
582 72.426285 151.220947 -171.460464
583 71.547333 149.998596 -172.641785
584 72.074707 151.570175 -172.473022
585 71.547333 151.046326 -172.641785
586 72.602081 150.347839 -171.629211
587 71.195740 149.649353 -171.966736
588 72.426285 149.823975 -172.135498
589 71.371536 149.474747 -172.473022
590 72.426285 151.220947 -171.797974
591 73.305252 151.395554 -172.641785
592 71.371536 149.823975 -172.810547
593 72.777878 150.522461 -171.460464
594 71.723114 150.173218 -172.473022
595 72.250488 149.998596 -171.291702
596 72.426285 150.871704 -172.473022
597 72.250488 150.697083 -171.966736
598 72.074707 150.173218 -171.122940
599 72.426285 150.173218 -171.122940
600 73.129456 150.173218 -172.473022
601 72.074707 151.220947 -172.810547
602 71.019958 150.522461 -172.473022
603 73.129456 149.823975 -172.810547
604 72.777878 149.823975 -172.135498
605 72.074707 149.474747 -172.135498
606 71.898911 150.347839 -173.316818
607 72.074707 150.522461 -171.797974
608 70.316788 148.776260 -172.473022
609 71.723114 151.220947 -173.485580
610 71.898911 150.697083 -171.629211
611 70.844162 151.395554 -172.641785
612 72.074707 150.522461 -173.485580
613 72.426285 149.823975 -172.473022
614 74.008423 151.046326 -170.954178
615 72.426285 151.570175 -172.810547
616 71.898911 149.649353 -173.654343
617 71.371536 149.823975 -172.473022
618 72.074707 150.173218 -171.797974
619 70.140991 149.998596 -171.966736
620 71.723114 149.474747 -172.135498
621 70.492569 149.300125 -173.316818
622 71.898911 148.601639 -172.641785
623 72.953659 149.998596 -172.304260
624 71.195740 151.046326 -171.966736
625 71.195740 150.697083 -171.966736
626 72.074707 149.474747 -171.460464
627 72.602081 149.649353 -173.316818
628 71.195740 150.697083 -172.979294
629 71.195740 150.697083 -172.979294
630 71.371536 150.871704 -172.473022
631 71.723114 149.474747 -173.148056
632 72.953659 151.744797 -172.304260
633 71.371536 149.474747 -172.135498
634 71.898911 149.300125 -171.966736
635 72.074707 148.427017 -171.797974
636 72.426285 149.823975 -171.797974
637 71.019958 150.522461 -173.148056
638 72.953659 150.347839 -171.966736
639 72.250488 149.998596 -172.304260
640 70.316788 149.125504 -173.823105
641 71.195740 150.697083 -171.629211
642 71.898911 150.347839 -172.641785
643 74.184204 150.522461 -171.797974
644 72.426285 150.522461 -171.122940
645 73.481033 151.570175 -171.797974
646 71.898911 148.252396 -172.641785
647 72.074707 150.871704 -172.473022
648 71.371536 149.474747 -172.473022
649 71.547333 149.300125 -172.641785
650 73.481033 150.173218 -172.810547
651 72.426285 149.823975 -171.122940
652 71.898911 150.697083 -172.304260
653 71.723114 148.776260 -173.485580
654 71.723114 150.522461 -172.473022
655 71.371536 150.871704 -173.148056
656 71.019958 150.871704 -171.460464
657 72.426285 150.871704 -172.135498
658 71.898911 149.998596 -171.966736
659 72.602081 150.347839 -171.291702
660 72.250488 149.998596 -172.979294
661 70.844162 149.998596 -171.966736
662 72.602081 151.395554 -172.304260
663 72.250488 149.649353 -171.966736
664 71.371536 150.522461 -173.148056
665 72.250488 150.697083 -171.291702
666 71.723114 150.871704 -170.785416
667 71.371536 148.776260 -171.797974
668 72.250488 151.046326 -172.304260
669 72.426285 150.173218 -172.810547
670 71.898911 150.697083 -172.641785
671 72.074707 149.125504 -172.810547
672 71.898911 150.697083 -171.629211
673 73.481033 150.522461 -171.797974
674 73.305252 150.697083 -172.304260
675 72.074707 149.474747 -172.473022
676 71.371536 151.919418 -172.810547
677 71.371536 151.220947 -172.473022
678 72.426285 150.871704 -170.785416
679 72.250488 150.347839 -171.629211
680 73.305252 150.697083 -170.954178
681 71.195740 148.950882 -171.291702
682 71.547333 150.347839 -173.316818
683 71.723114 150.522461 -173.148056
684 71.723114 149.823975 -171.797974
685 71.723114 149.823975 -172.135498
686 72.953659 149.649353 -171.966736
687 72.602081 150.347839 -172.304260
688 72.953659 150.347839 -172.641785
689 72.074707 150.522461 -172.473022
690 71.898911 149.998596 -171.291702
691 72.602081 151.395554 -171.291702
692 72.250488 150.697083 -172.304260
693 71.371536 149.474747 -172.473022
694 71.195740 150.347839 -171.629211
695 72.777878 150.173218 -172.473022
696 72.602081 151.395554 -173.316818
697 71.371536 149.823975 -173.485580
698 71.371536 150.871704 -172.473022
699 72.074707 149.474747 -171.460464
700 73.305252 149.649353 -172.979294
701 70.668365 150.173218 -172.135498
702 71.195740 150.347839 -171.291702
703 71.723114 149.474747 -170.785416
704 72.777878 151.220947 -172.135498
705 72.074707 150.871704 -172.135498
706 72.426285 149.823975 -171.460464
707 71.547333 148.950882 -172.641785
708 72.777878 149.823975 -172.810547
709 72.777878 149.823975 -171.122940
710 73.129456 149.474747 -172.810547
711 71.898911 149.998596 -172.979294
712 71.898911 149.998596 -171.629211
713 72.426285 150.871704 -172.473022
714 73.481033 151.919418 -171.797974
715 71.019958 150.522461 -171.460464
716 70.844162 148.950882 -170.954178
717 71.898911 151.395554 -172.641785
718 70.844162 151.046326 -171.966736
719 72.777878 150.173218 -172.135498
720 71.019958 150.871704 -172.810547
721 71.723114 152.268661 -171.797974
722 72.250488 150.697083 -172.304260
723 71.898911 149.649353 -172.641785
724 70.844162 150.347839 -172.304260
725 72.426285 149.823975 -171.122940
726 71.371536 150.173218 -171.460464
727 71.898911 151.046326 -172.641785
728 71.019958 150.173218 -172.473022
729 71.898911 149.998596 -172.304260
730 72.602081 148.950882 -171.966736
731 71.547333 149.998596 -172.304260
732 71.371536 150.522461 -173.148056
733 71.723114 151.570175 -171.122940
734 71.723114 150.173218 -172.473022
735 73.129456 149.125504 -171.122940
736 71.723114 149.823975 -171.797974
737 71.371536 150.522461 -173.485580
738 72.426285 150.173218 -171.797974
739 73.129456 150.871704 -172.473022
740 72.250488 150.347839 -172.979294
741 72.953659 149.649353 -172.641785
742 70.844162 150.697083 -171.966736
743 73.305252 150.697083 -172.979294
744 72.953659 150.347839 -172.979294
745 71.898911 151.046326 -171.966736
746 72.074707 150.173218 -173.148056
747 71.547333 150.347839 -171.291702
748 73.305252 150.697083 -171.966736
749 72.074707 149.474747 -172.810547
750 72.074707 149.823975 -172.135498
751 70.668365 151.220947 -173.148056
752 72.074707 150.871704 -173.823105
753 72.602081 150.347839 -170.954178
754 71.019958 150.871704 -172.473022
755 71.547333 148.950882 -171.966736
756 72.426285 151.220947 -171.797974
757 71.371536 149.823975 -172.135498
758 71.371536 149.823975 -173.148056
759 71.195740 149.998596 -172.641785
760 73.481033 149.474747 -173.823105
761 72.777878 150.871704 -173.148056
762 72.074707 150.173218 -173.485580
763 72.250488 149.998596 -171.629211
764 71.019958 149.125504 -172.473022
765 71.019958 150.522461 -171.460464
766 72.426285 150.871704 -172.473022
767 72.777878 149.823975 -171.797974
768 71.898911 150.347839 -171.629211
769 72.074707 149.823975 -172.135498
770 72.602081 151.046326 -171.629211
771 72.426285 150.871704 -173.148056
772 71.195740 150.697083 -172.304260
773 72.250488 150.697083 -172.641785
774 72.953659 150.347839 -172.979294
775 72.602081 148.601639 -171.629211
776 71.898911 150.347839 -171.629211
777 72.250488 149.998596 -171.966736
778 72.777878 151.220947 -172.135498
779 71.547333 148.950882 -173.316818
780 72.250488 150.697083 -171.629211
781 72.426285 150.871704 -172.473022
782 72.953659 149.998596 -171.966736
783 72.777878 149.474747 -171.460464
784 70.844162 151.744797 -172.641785
785 72.777878 150.871704 -172.135498
786 70.492569 149.998596 -172.979294
787 71.371536 149.823975 -172.473022
788 72.602081 150.347839 -171.966736
789 71.019958 150.173218 -171.460464
790 71.195740 149.649353 -171.966736
791 71.547333 149.300125 -171.291702
792 72.074707 150.173218 -172.135498
793 71.371536 151.220947 -173.823105
794 71.371536 150.522461 -173.148056
795 72.953659 150.697083 -172.641785
796 72.074707 150.173218 -173.148056
797 71.371536 150.173218 -171.122940
798 71.547333 149.998596 -172.641785
799 72.426285 149.823975 -173.485580
800 71.723114 149.474747 -171.797974
801 70.844162 151.046326 -171.629211
802 73.129456 150.871704 -172.473022
803 72.777878 150.522461 -171.797974
804 72.953659 150.347839 -173.316818
805 71.723114 150.522461 -171.797974
806 71.898911 149.649353 -172.304260
807 70.668365 150.173218 -172.810547
808 71.019958 150.173218 -172.810547
809 72.250488 149.649353 -171.966736
810 71.723114 149.823975 -171.460464
811 71.723114 149.125504 -171.797974
812 72.777878 149.474747 -172.810547
813 72.602081 151.395554 -172.641785
814 71.898911 149.649353 -173.654343
815 71.371536 150.871704 -173.485580
816 72.426285 149.474747 -172.473022
817 72.426285 149.823975 -172.135498
818 71.371536 149.474747 -171.797974
819 72.602081 149.649353 -171.966736
820 71.547333 149.649353 -172.304260
821 73.305252 149.649353 -172.641785
822 71.195740 150.347839 -172.304260
823 71.371536 149.823975 -173.148056
824 71.898911 147.903152 -172.304260
825 71.898911 150.347839 -171.629211
826 71.371536 150.871704 -171.797974
827 72.426285 150.522461 -172.135498
828 71.723114 150.871704 -172.473022
829 72.250488 149.649353 -173.316818
830 71.898911 149.998596 -173.654343
831 71.019958 150.871704 -173.823105
832 71.547333 150.347839 -173.316818
833 71.723114 150.871704 -172.810547
834 71.195740 151.046326 -173.316818
835 71.371536 150.871704 -172.135498
836 72.953659 150.347839 -172.979294
837 71.898911 150.697083 -172.304260
838 73.305252 149.649353 -172.979294
839 72.250488 149.998596 -171.629211
840 72.074707 150.522461 -173.485580
841 71.547333 151.395554 -172.641785
842 73.656830 151.395554 -172.304260
843 70.668365 149.125504 -172.135498
844 72.602081 150.347839 -171.291702
845 73.481033 150.173218 -172.473022
846 74.008423 151.744797 -171.966736
847 71.723114 150.522461 -171.460464
848 71.195740 150.347839 -172.304260
849 71.898911 149.998596 -171.966736
850 71.547333 150.697083 -171.629211
851 71.898911 149.998596 -171.629211
852 72.250488 149.649353 -172.641785
853 72.426285 151.220947 -171.797974
854 72.426285 151.220947 -173.148056
855 71.723114 151.570175 -172.473022
856 71.195740 149.998596 -173.316818
857 71.547333 150.347839 -172.304260
858 72.426285 150.173218 -171.460464
859 71.723114 150.173218 -172.473022
860 71.898911 150.347839 -171.629211
861 69.789413 150.697083 -172.979294
862 71.195740 151.046326 -171.966736
863 71.371536 151.220947 -171.460464
864 72.426285 149.823975 -172.473022
865 72.602081 150.347839 -171.291702
866 72.426285 151.220947 -171.797974
867 72.953659 151.395554 -171.966736
868 71.898911 151.046326 -171.291702
869 71.898911 149.998596 -172.979294
870 71.723114 149.823975 -173.485580
871 71.195740 150.347839 -172.979294
872 71.019958 150.173218 -172.810547
873 72.426285 150.871704 -172.810547
874 72.953659 149.998596 -171.629211
875 71.547333 149.998596 -171.966736
876 71.898911 149.998596 -173.316818
877 72.602081 151.395554 -172.641785
878 71.898911 148.950882 -172.979294
879 71.195740 149.998596 -170.279129
880 72.602081 148.950882 -172.641785
881 72.074707 149.474747 -172.473022
882 71.019958 149.474747 -172.810547
883 72.777878 149.474747 -171.122940
884 73.129456 150.522461 -173.148056
885 71.195740 149.300125 -172.304260
886 71.195740 149.998596 -170.954178
887 71.195740 149.300125 -172.304260
888 72.426285 150.173218 -173.148056
889 73.129456 151.570175 -172.810547
890 71.547333 150.347839 -171.966736
891 72.074707 150.173218 -172.810547
892 71.898911 148.950882 -172.641785
893 72.602081 151.395554 -172.979294
894 71.371536 149.125504 -171.797974
895 70.140991 149.998596 -173.316818
896 72.777878 150.871704 -173.148056
897 72.074707 151.220947 -173.823105
898 72.250488 151.744797 -173.654343
899 72.777878 149.474747 -171.460464
900 71.547333 152.094040 -171.629211
901 72.602081 150.697083 -171.629211
902 72.250488 150.697083 -172.979294
903 72.777878 150.522461 -172.473022
904 71.723114 149.474747 -172.473022
905 72.777878 150.522461 -172.135498
906 71.547333 149.998596 -171.629211
907 71.898911 150.697083 -172.304260
908 71.723114 149.823975 -171.460464
909 71.019958 149.474747 -173.823105
910 72.426285 149.823975 -171.797974
911 70.668365 149.474747 -172.135498
912 71.898911 149.649353 -172.304260
913 72.777878 149.125504 -174.160629
914 71.195740 149.300125 -172.641785
915 71.195740 152.094040 -171.966736
916 72.426285 149.823975 -171.797974
917 72.250488 151.046326 -172.304260
918 72.953659 150.697083 -171.629211
919 72.953659 150.347839 -172.641785
920 71.723114 150.173218 -172.810547
921 71.898911 150.347839 -172.641785
922 71.898911 149.998596 -171.291702
923 71.547333 151.046326 -171.966736
924 72.250488 150.697083 -172.641785
925 70.844162 148.252396 -171.966736
926 71.723114 149.823975 -170.785416
927 72.250488 149.649353 -173.316818
928 71.195740 150.347839 -171.629211
929 73.129456 150.173218 -172.135498
930 73.129456 150.173218 -173.148056
931 72.602081 150.347839 -172.979294
932 72.250488 148.950882 -171.966736
933 72.250488 150.347839 -172.641785
934 70.668365 149.474747 -172.810547
935 72.074707 151.570175 -172.810547
936 71.195740 151.046326 -171.966736
937 72.074707 150.871704 -171.797974
938 73.481033 150.173218 -172.135498
939 71.547333 149.998596 -173.654343
940 71.195740 149.649353 -171.966736
941 71.723114 149.823975 -172.810547
942 72.250488 149.649353 -172.304260
943 71.723114 151.220947 -170.785416
944 71.723114 149.474747 -173.148056
945 71.723114 149.823975 -172.810547
946 71.723114 150.871704 -172.135498
947 72.602081 151.744797 -173.654343
948 71.723114 150.871704 -171.460464
949 73.129456 150.173218 -171.797974
950 73.656830 150.697083 -171.629211
951 71.547333 149.300125 -173.316818
952 71.547333 149.300125 -171.291702
953 71.723114 150.871704 -172.135498
954 72.074707 149.474747 -173.823105
955 72.953659 149.998596 -171.291702
956 72.250488 151.046326 -172.979294
957 70.668365 151.220947 -172.473022
958 71.723114 150.871704 -173.148056
959 71.898911 149.998596 -172.641785
960 72.953659 151.395554 -171.291702
961 72.074707 150.173218 -173.823105
962 72.250488 150.697083 -169.941620
963 71.371536 150.871704 -172.135498
964 71.898911 150.347839 -173.316818
965 72.074707 150.522461 -173.148056
966 72.602081 151.744797 -173.316818
967 71.723114 150.173218 -172.473022
968 72.777878 151.919418 -172.135498
969 71.898911 149.649353 -171.966736
970 72.602081 150.697083 -173.654343
971 72.250488 150.697083 -171.291702
972 72.250488 149.998596 -171.966736
973 72.426285 150.173218 -173.823105
974 72.777878 150.173218 -173.485580
975 72.074707 151.220947 -171.122940
976 72.250488 149.998596 -171.966736
977 72.426285 150.522461 -172.810547
978 72.250488 149.300125 -170.954178
979 72.250488 149.998596 -171.291702
980 73.129456 150.173218 -172.473022
981 72.250488 150.347839 -173.316818
982 72.777878 151.220947 -171.797974
983 72.426285 149.125504 -172.473022
984 72.602081 152.094040 -172.979294
985 72.426285 150.522461 -172.810547
986 72.953659 149.649353 -172.641785
987 72.074707 149.125504 -172.473022
988 72.426285 150.522461 -172.135498
989 72.777878 149.125504 -174.498138
990 73.305252 149.998596 -172.304260
991 72.074707 151.220947 -173.148056
992 71.547333 150.347839 -172.641785
993 72.250488 148.950882 -172.979294
994 72.777878 150.522461 -172.810547
995 73.305252 149.649353 -172.979294
996 72.777878 149.823975 -172.810547
997 69.789413 151.046326 -171.966736
998 71.547333 151.046326 -171.629211
999 73.305252 150.697083 -172.979294
1000 70.844162 150.697083 -171.291702
1001 71.547333 150.697083 -171.966736
1002 71.723114 150.522461 -173.148056
1003 71.195740 148.950882 -171.966736
1004 71.195740 149.300125 -171.966736
1005 71.547333 148.950882 -173.654343
1006 72.250488 151.395554 -172.304260
1007 73.129456 149.474747 -172.135498
1008 72.074707 150.173218 -171.122940
