1 63.988266 142.140701 -154.584427
2 65.043030 142.489944 -154.246902
3 63.109314 141.616837 -155.428223
4 63.988266 141.791458 -154.246902
5 63.636688 141.092972 -156.272034
6 64.691437 142.839172 -155.934509
7 63.812485 141.616837 -155.765747
8 64.164062 142.664566 -154.753189
9 63.285110 141.092972 -156.272034
10 65.570404 143.013794 -154.415665
11 63.812485 141.966080 -155.765747
12 64.164062 141.616837 -155.765747
13 63.988266 141.791458 -155.259476
14 64.339859 140.743744 -154.584427
15 64.339859 142.489944 -155.934509
16 63.109314 141.267593 -156.440796
17 64.691437 142.140701 -155.934509
18 64.339859 142.140701 -154.921951
19 64.164062 142.315323 -154.753189
20 65.746185 141.791458 -155.259476
21 64.164062 142.664566 -154.415665
22 64.164062 141.267593 -155.090714
23 64.339859 142.140701 -155.934509
24 63.460892 141.966080 -155.090714
25 65.570404 141.267593 -155.428223
26 65.218811 140.569122 -154.753189
27 64.867233 142.664566 -155.090714
28 63.285110 141.791458 -153.571869
29 64.515656 142.315323 -155.090714
30 63.812485 141.616837 -156.440796
31 64.339859 143.188416 -154.246902
32 62.054565 141.616837 -157.115829
33 65.746185 140.394501 -155.596985
34 64.691437 142.140701 -155.259476
35 64.164062 141.966080 -155.090714
36 63.460892 141.616837 -155.428223
37 64.691437 141.442215 -154.584427
38 64.867233 142.315323 -156.778305
39 63.636688 141.791458 -153.571869
40 64.339859 141.442215 -155.259476
41 62.406143 141.616837 -155.090714
42 64.515656 142.664566 -155.428223
43 65.043030 141.092972 -155.596985
44 65.043030 140.743744 -154.921951
45 64.867233 140.918365 -155.428223
46 63.988266 142.140701 -155.596985
47 63.812485 141.616837 -156.103271
48 64.164062 142.664566 -154.415665
49 65.570404 143.013794 -155.765747
50 63.988266 142.839172 -155.259476
51 63.812485 141.267593 -155.090714
52 63.812485 142.315323 -155.765747
53 63.988266 144.236145 -155.934509
54 63.812485 142.315323 -155.765747
55 64.164062 141.966080 -155.428223
56 65.394608 141.791458 -155.259476
57 64.867233 141.267593 -155.765747
58 65.921982 140.569122 -156.440796
59 64.164062 141.616837 -154.415665
60 65.394608 141.442215 -153.571869
61 63.636688 141.442215 -155.934509
62 63.812485 141.616837 -155.090714
63 63.460892 141.616837 -154.415665
64 63.460892 142.315323 -155.765747
65 64.164062 143.013794 -154.078140
66 64.691437 140.045258 -154.921951
67 63.812485 142.315323 -156.103271
68 62.757736 141.267593 -154.753189
69 64.867233 142.315323 -155.765747
70 64.515656 141.267593 -155.090714
71 63.285110 142.489944 -154.921951
72 63.460892 143.013794 -155.090714
73 65.043030 142.489944 -154.584427
74 63.636688 142.489944 -154.584427
75 65.746185 141.791458 -155.596985
76 64.515656 142.315323 -155.428223
77 63.988266 141.442215 -155.596985
78 63.636688 140.743744 -155.259476
79 64.164062 143.363037 -155.428223
80 65.043030 141.442215 -155.934509
81 65.746185 142.140701 -154.246902
82 63.812485 140.569122 -155.090714
83 64.691437 142.489944 -155.596985
84 65.218811 140.918365 -155.428223
85 63.812485 142.315323 -154.078140
86 63.460892 143.013794 -156.440796
87 62.230347 141.791458 -153.909393
88 64.515656 141.267593 -156.103271
89 63.812485 140.569122 -155.428223
90 63.285110 141.791458 -154.921951
91 64.164062 141.966080 -154.415665
92 64.339859 142.839172 -155.259476
93 62.757736 141.966080 -156.440796
94 63.109314 142.664566 -155.090714
95 64.339859 140.045258 -154.921951
96 64.691437 141.092972 -155.596985
97 63.988266 142.140701 -154.584427
98 66.097778 141.092972 -155.259476
99 63.988266 141.442215 -155.259476
100 65.394608 142.839172 -155.259476
101 64.339859 141.791458 -156.609558
102 64.691437 142.140701 -154.584427
103 63.285110 142.489944 -155.934509
104 63.636688 142.140701 -155.934509
105 64.164062 141.267593 -154.078140
106 65.043030 141.442215 -154.921951
107 64.339859 142.839172 -154.246902
108 65.043030 140.394501 -155.259476
109 63.812485 141.616837 -154.753189
110 62.757736 141.966080 -154.078140
111 64.515656 142.315323 -155.428223
112 63.988266 141.092972 -154.921951
113 64.339859 141.791458 -156.272034
114 63.988266 142.140701 -153.909393
115 64.164062 142.315323 -154.415665
116 65.218811 141.966080 -155.428223
117 64.691437 141.791458 -154.921951
118 63.460892 141.616837 -155.090714
119 64.515656 140.918365 -155.428223
120 63.460892 140.219879 -156.440796
121 63.988266 141.442215 -153.909393
122 63.109314 141.267593 -154.415665
123 65.218811 139.172165 -155.428223
124 64.164062 142.664566 -154.753189
125 65.218811 141.616837 -154.415665
126 63.988266 142.489944 -155.259476
127 62.230347 142.140701 -155.596985
128 65.570404 142.664566 -154.753189
129 64.164062 141.267593 -155.765747
130 65.394608 142.140701 -154.921951
131 64.339859 141.092972 -156.272034
132 64.164062 142.664566 -154.415665
133 65.043030 141.442215 -155.596985
134 64.164062 140.219879 -155.428223
135 65.218811 141.966080 -153.740631
136 64.867233 142.315323 -154.753189
137 63.636688 141.791458 -155.596985
138 65.043030 143.188416 -155.596985
139 63.988266 142.140701 -154.584427
140 65.394608 140.743744 -155.934509
141 64.867233 141.616837 -154.415665
142 63.812485 141.616837 -154.415665
143 63.812485 142.664566 -154.078140
144 65.570404 141.267593 -154.415665
145 64.164062 142.315323 -155.090714
146 64.164062 142.315323 -155.428223
147 65.043030 142.839172 -154.584427
148 65.218811 141.616837 -154.415665
149 63.988266 143.537659 -155.934509
150 64.164062 141.267593 -154.415665
151 64.867233 142.664566 -154.415665
152 65.218811 142.315323 -153.403107
153 65.043030 142.839172 -154.246902
154 63.988266 142.140701 -155.596985
155 64.515656 142.664566 -154.753189
156 63.636688 141.092972 -155.934509
157 63.636688 141.092972 -156.272034
158 64.515656 143.013794 -155.428223
159 63.812485 141.616837 -155.765747
160 65.218811 143.013794 -155.428223
161 64.515656 140.918365 -154.753189
162 65.394608 141.791458 -154.921951
163 64.339859 141.791458 -153.909393
164 63.988266 141.791458 -155.596985
165 63.988266 140.743744 -155.596985
166 64.691437 140.394501 -155.596985
167 65.218811 143.363037 -155.428223
168 63.812485 141.966080 -155.765747
169 64.164062 141.616837 -154.753189
170 63.636688 141.442215 -155.596985
171 64.691437 143.188416 -155.596985
172 63.636688 143.188416 -154.584427
173 64.339859 143.537659 -154.584427
174 64.691437 142.839172 -154.921951
175 63.812485 140.569122 -154.415665
176 65.218811 141.267593 -154.415665
177 63.285110 142.839172 -154.246902
178 63.285110 142.839172 -155.596985
179 64.691437 141.791458 -153.234344
180 65.043030 141.442215 -155.259476
181 66.449356 142.839172 -154.584427
182 65.043030 141.442215 -154.921951
183 63.460892 141.616837 -154.753189
184 65.394608 141.092972 -155.259476
185 64.691437 142.140701 -155.596985
186 63.988266 141.791458 -155.934509
187 64.164062 142.315323 -155.765747
188 63.812485 143.013794 -154.415665
189 64.515656 141.616837 -154.078140
190 63.812485 141.966080 -156.103271
191 63.812485 141.966080 -155.090714
192 63.460892 141.616837 -154.753189
193 64.164062 142.315323 -155.765747
194 65.043030 140.394501 -155.596985
195 63.460892 140.918365 -155.428223
196 63.285110 143.537659 -154.584427
197 64.867233 141.966080 -154.753189
198 63.988266 142.489944 -155.596985
199 64.339859 143.188416 -154.584427
200 64.691437 141.442215 -155.259476
201 62.581940 142.489944 -154.246902
202 64.339859 144.236145 -154.584427
203 63.988266 142.140701 -155.596985
204 63.636688 140.394501 -155.259476
205 64.691437 142.489944 -154.246902
206 63.636688 142.140701 -154.921951
207 64.691437 141.442215 -154.246902
208 63.636688 142.140701 -154.584427
209 65.043030 141.791458 -154.246902
210 63.285110 143.188416 -154.921951
211 64.164062 143.712280 -155.090714
212 63.988266 141.092972 -153.909393
213 63.988266 142.140701 -153.909393
214 63.460892 141.966080 -155.090714
215 63.812485 140.569122 -154.753189
216 65.043030 142.489944 -154.246902
217 64.691437 142.839172 -155.934509
218 64.515656 141.267593 -154.078140
219 65.394608 142.140701 -154.921951
220 63.636688 141.092972 -154.921951
221 63.460892 140.569122 -156.103271
222 63.988266 142.489944 -154.921951
223 64.691437 141.092972 -154.584427
224 64.339859 142.140701 -154.246902
225 64.691437 142.489944 -154.921951
226 64.339859 141.791458 -154.921951
227 64.515656 141.267593 -155.090714
228 65.043030 140.743744 -154.584427
229 64.867233 140.569122 -155.765747
230 64.867233 141.966080 -154.415665
231 64.164062 142.315323 -155.765747
232 65.394608 142.489944 -155.259476
233 64.691437 140.743744 -155.259476
234 62.933517 142.839172 -154.584427
235 63.460892 141.966080 -154.415665
236 65.921982 140.569122 -155.428223
237 65.043030 142.839172 -154.584427
238 64.515656 142.315323 -155.090714
239 63.460892 141.616837 -155.765747
240 65.570404 142.315323 -155.090714
241 64.339859 141.442215 -154.584427
242 63.988266 141.791458 -155.259476
243 64.691437 142.839172 -155.596985
244 64.691437 141.092972 -155.259476
245 64.867233 142.315323 -155.090714
246 63.812485 141.616837 -156.103271
247 62.933517 140.045258 -154.921951
248 63.285110 141.442215 -154.246902
249 62.933517 142.839172 -153.909393
250 66.097778 142.489944 -154.584427
251 65.218811 143.712280 -153.403107
252 63.988266 140.743744 -154.584427
253 63.636688 142.489944 -155.259476
254 64.867233 142.664566 -154.753189
255 63.988266 141.442215 -153.909393
256 64.339859 141.442215 -154.584427
257 63.812485 140.918365 -155.765747
258 64.339859 142.489944 -155.259476
259 64.691437 142.839172 -155.596985
260 64.691437 141.442215 -154.584427
261 63.812485 141.616837 -154.753189
262 64.515656 141.966080 -155.090714
263 64.867233 140.569122 -154.753189
264 62.054565 141.616837 -153.740631
265 64.515656 142.315323 -154.078140
266 64.339859 141.791458 -154.921951
267 64.339859 142.140701 -155.259476
268 63.636688 142.140701 -155.259476
269 65.394608 141.791458 -154.584427
270 63.812485 141.966080 -155.090714
271 64.339859 142.140701 -155.596985
272 63.812485 141.616837 -155.428223
273 63.285110 141.442215 -154.246902
274 63.636688 140.394501 -155.934509
275 64.515656 141.267593 -154.753189
276 64.339859 142.839172 -155.259476
277 65.218811 140.569122 -154.415665
278 63.636688 141.092972 -154.921951
279 63.285110 141.092972 -154.246902
280 65.570404 141.966080 -154.415665
281 64.867233 142.315323 -156.103271
282 64.867233 142.315323 -155.428223
283 63.460892 141.267593 -154.415665
284 64.164062 142.315323 -153.740631
285 63.988266 142.140701 -153.909393
286 64.339859 142.140701 -154.584427
287 63.636688 143.188416 -154.246902
288 64.691437 143.188416 -156.609558
289 65.218811 141.616837 -155.090714
290 64.691437 141.092972 -155.934509
291 64.691437 141.092972 -154.921951
292 64.691437 140.394501 -153.571869
293 64.164062 140.918365 -154.753189
294 64.515656 141.267593 -154.415665
295 64.867233 141.616837 -155.090714
296 63.636688 141.442215 -155.259476
297 65.043030 142.489944 -154.584427
298 63.109314 141.966080 -155.090714
299 64.164062 141.966080 -154.753189
300 65.570404 141.966080 -155.765747
301 63.285110 143.188416 -155.259476
302 64.691437 141.442215 -155.934509
303 63.460892 140.569122 -156.103271
304 65.394608 141.791458 -154.921951
305 65.394608 141.442215 -154.921951
306 63.460892 143.712280 -154.753189
307 64.339859 141.791458 -154.921951
308 64.339859 141.442215 -155.596985
309 64.515656 141.966080 -154.415665
310 64.515656 143.363037 -155.428223
311 63.460892 141.966080 -154.753189
312 63.636688 141.791458 -154.584427
313 63.636688 141.442215 -155.259476
314 65.394608 142.489944 -155.259476
315 64.339859 142.140701 -154.921951
316 66.800949 142.140701 -154.921951
317 64.339859 141.791458 -153.571869
318 64.691437 142.839172 -155.596985
319 63.988266 142.489944 -155.259476
320 65.218811 141.616837 -154.753189
321 63.988266 141.791458 -155.934509
322 64.339859 140.743744 -154.584427
323 65.043030 141.791458 -154.921951
324 62.406143 140.569122 -154.753189
325 64.339859 142.140701 -156.609558
326 65.746185 141.442215 -154.584427
327 64.515656 140.918365 -154.753189
328 63.636688 140.743744 -155.934509
329 65.043030 141.791458 -154.584427
330 64.339859 141.442215 -155.596985
331 64.339859 140.394501 -153.909393
332 64.867233 141.966080 -154.078140
333 65.218811 141.966080 -156.103271
334 63.636688 141.791458 -154.246902
335 63.988266 142.140701 -156.272034
336 64.867233 141.267593 -154.078140
337 65.043030 141.791458 -153.571869
338 63.812485 142.664566 -155.428223
339 64.515656 141.966080 -154.753189
340 64.691437 142.140701 -154.584427
341 63.636688 142.489944 -154.921951
342 64.339859 141.442215 -154.246902
343 63.988266 142.140701 -155.596985
344 63.812485 142.664566 -155.090714
345 64.867233 142.664566 -155.428223
346 63.812485 143.363037 -154.415665
347 64.867233 142.315323 -156.440796
348 65.218811 141.267593 -154.753189
349 64.164062 142.315323 -155.090714
350 62.757736 140.918365 -154.415665
351 63.460892 142.315323 -155.090714
352 65.218811 140.569122 -155.765747
353 64.515656 142.315323 -155.090714
354 64.515656 143.363037 -155.765747
355 64.867233 143.013794 -154.415665
356 64.515656 142.315323 -154.753189
357 63.285110 142.839172 -154.921951
358 63.988266 141.442215 -154.921951
359 64.515656 142.664566 -154.415665
360 64.691437 141.442215 -155.259476
361 63.285110 142.839172 -155.259476
362 65.043030 142.839172 -154.921951
363 65.746185 143.188416 -156.272034
364 64.867233 141.616837 -155.090714
365 62.406143 141.966080 -155.428223
366 65.043030 142.140701 -155.596985
367 63.812485 141.616837 -155.090714
368 63.988266 141.442215 -154.921951
369 64.867233 142.664566 -155.765747
370 63.460892 141.616837 -155.765747
371 64.339859 141.791458 -154.246902
372 63.636688 142.140701 -155.596985
373 64.691437 141.791458 -155.259476
374 64.515656 142.315323 -155.090714
375 62.933517 141.442215 -155.259476
376 63.988266 142.489944 -154.584427
377 65.394608 141.442215 -155.934509
378 63.109314 141.616837 -154.415665
379 64.515656 141.616837 -154.753189
380 64.515656 141.267593 -155.090714
381 63.285110 141.092972 -154.246902
382 64.515656 141.267593 -155.765747
383 63.285110 142.839172 -154.246902
384 64.164062 141.267593 -154.078140
385 63.460892 143.712280 -154.753189
386 65.218811 141.616837 -153.065582
387 64.515656 140.918365 -155.428223
388 63.460892 140.569122 -154.415665
389 64.515656 141.616837 -154.415665
390 64.515656 141.616837 -154.753189
391 64.691437 141.791458 -155.259476
392 65.218811 142.315323 -154.753189
393 64.164062 141.616837 -155.765747
394 64.691437 142.140701 -154.584427
395 64.164062 141.267593 -155.765747
396 63.460892 141.966080 -155.428223
397 64.515656 141.616837 -153.740631
398 63.812485 141.267593 -154.415665
399 63.812485 141.966080 -155.090714
400 65.218811 141.966080 -155.090714
401 64.691437 141.791458 -154.246902
402 63.812485 141.966080 -155.090714
403 64.164062 141.616837 -154.415665
404 65.043030 141.791458 -155.259476
405 65.921982 141.616837 -155.428223
406 64.691437 143.188416 -154.921951
407 64.515656 142.664566 -156.440796
408 64.515656 141.267593 -155.090714
409 64.867233 143.013794 -153.740631
410 65.218811 141.616837 -155.090714
411 65.218811 141.966080 -153.740631
412 64.164062 142.664566 -155.090714
413 63.285110 141.442215 -155.259476
414 62.757736 142.664566 -155.090714
415 63.285110 140.743744 -154.921951
416 63.636688 142.839172 -154.584427
417 63.460892 141.966080 -155.090714
418 63.636688 142.839172 -155.934509
419 62.757736 141.616837 -155.090714
420 64.339859 142.140701 -155.596985
421 64.867233 141.966080 -154.753189
422 65.570404 143.013794 -155.428223
423 64.691437 142.489944 -154.246902
424 64.164062 142.315323 -155.090714
425 64.867233 141.966080 -155.428223
426 63.460892 141.966080 -155.428223
427 65.570404 143.013794 -154.078140
428 65.394608 142.489944 -154.584427
429 63.988266 142.140701 -154.921951
430 64.515656 141.616837 -154.753189
431 64.164062 140.918365 -154.415665
432 63.812485 141.267593 -156.103271
433 64.515656 141.966080 -155.090714
434 65.043030 142.140701 -154.584427
435 64.339859 140.394501 -154.584427
436 63.636688 141.442215 -154.921951
437 65.218811 142.664566 -155.428223
438 64.339859 141.092972 -154.584427
439 65.921982 141.267593 -154.753189
440 64.515656 142.315323 -155.090714
441 63.812485 140.918365 -155.090714
442 63.812485 142.664566 -155.090714
443 65.043030 141.791458 -156.609558
444 63.636688 142.140701 -154.921951
445 65.218811 141.966080 -156.440796
446 65.394608 141.791458 -154.584427
447 65.570404 142.315323 -153.403107
448 65.218811 141.267593 -154.415665
449 64.339859 141.442215 -154.584427
450 64.164062 141.966080 -155.428223
451 65.043030 142.489944 -156.272034
452 64.867233 141.616837 -154.753189
453 64.515656 141.267593 -155.428223
454 63.460892 141.616837 -154.415665
455 63.812485 141.966080 -155.090714
456 63.988266 141.791458 -155.259476
457 63.988266 143.886902 -154.584427
458 64.691437 142.839172 -155.934509
459 64.515656 140.918365 -155.090714
460 64.867233 141.616837 -156.103271
461 65.394608 142.489944 -155.596985
462 63.285110 141.442215 -154.584427
463 64.691437 142.140701 -153.909393
464 65.394608 142.839172 -155.596985
465 63.988266 141.791458 -155.259476
466 64.867233 143.013794 -154.415665
467 63.460892 141.966080 -157.115829
468 65.218811 141.966080 -154.753189
469 63.285110 142.140701 -154.584427
470 65.043030 140.394501 -154.921951
471 64.164062 140.219879 -154.078140
472 64.339859 141.791458 -155.934509
473 63.812485 141.966080 -154.753189
474 64.164062 142.315323 -155.090714
475 64.164062 141.616837 -155.090714
476 64.339859 140.394501 -154.246902
477 64.339859 141.092972 -155.596985
478 64.164062 140.569122 -154.078140
479 63.285110 141.791458 -154.921951
480 64.867233 141.966080 -154.415665
481 66.097778 141.791458 -156.609558
482 64.164062 141.616837 -154.753189
483 64.339859 142.839172 -154.921951
484 63.636688 142.489944 -155.259476
485 64.867233 141.616837 -155.428223
486 64.691437 142.489944 -154.921951
487 63.988266 141.092972 -153.909393
488 64.339859 141.092972 -154.246902
489 63.812485 143.013794 -155.428223
490 64.515656 141.966080 -154.415665
491 64.339859 141.791458 -154.246902
492 64.515656 140.918365 -155.765747
493 64.691437 141.791458 -154.921951
494 63.812485 141.966080 -156.103271
495 64.164062 140.569122 -156.778305
496 64.515656 141.616837 -154.753189
497 64.164062 141.267593 -155.428223
498 65.043030 142.839172 -154.921951
499 64.867233 142.664566 -154.078140
500 65.043030 142.489944 -157.284592
501 64.867233 142.664566 -155.765747
502 64.339859 140.394501 -154.921951
503 64.515656 142.315323 -155.090714
504 64.867233 141.267593 -155.428223
505 64.515656 142.315323 -154.753189
506 64.867233 142.664566 -155.428223
507 64.164062 142.664566 -155.090714
508 64.867233 141.616837 -155.765747
509 64.691437 141.442215 -155.596985
510 64.867233 141.267593 -154.753189
511 64.339859 142.140701 -155.259476
512 64.515656 141.616837 -155.765747
513 64.867233 144.410767 -155.765747
514 64.867233 140.569122 -154.753189
515 63.812485 141.966080 -155.090714
516 63.636688 142.140701 -153.571869
517 63.460892 142.315323 -154.078140
518 65.043030 143.188416 -154.584427
519 65.043030 142.489944 -155.596985
520 63.460892 143.363037 -155.090714
521 64.164062 142.315323 -155.428223
522 65.570404 140.918365 -156.103271
523 64.339859 141.791458 -154.584427
524 63.636688 141.442215 -154.921951
525 66.097778 142.489944 -155.259476
526 62.757736 141.267593 -155.090714
527 63.812485 141.966080 -155.428223
528 64.515656 141.267593 -155.765747
529 64.867233 141.966080 -153.740631
530 63.636688 142.489944 -153.571869
531 64.339859 141.442215 -154.921951
532 65.043030 141.092972 -155.259476
533 64.164062 142.315323 -154.415665
534 64.691437 141.791458 -155.934509
535 64.691437 142.839172 -154.921951
536 63.988266 141.442215 -154.246902
537 64.164062 141.616837 -155.090714
538 64.339859 142.140701 -154.584427
539 65.043030 143.188416 -155.259476
540 65.218811 141.966080 -155.090714
541 63.285110 141.092972 -155.934509
542 64.164062 142.315323 -154.753189
543 64.164062 141.966080 -155.428223
544 63.812485 141.267593 -154.078140
545 63.812485 141.616837 -154.078140
546 64.515656 141.616837 -156.103271
547 63.988266 142.489944 -154.246902
548 65.394608 141.092972 -155.934509
549 63.636688 141.791458 -154.584427
550 64.515656 142.664566 -155.090714
551 65.043030 141.791458 -156.609558
552 64.164062 141.616837 -155.090714
553 64.691437 142.140701 -154.246902
554 64.515656 141.616837 -154.753189
555 63.812485 142.664566 -153.740631
556 64.515656 141.966080 -155.765747
557 64.867233 142.664566 -155.765747
558 64.164062 141.966080 -155.090714
559 64.515656 141.267593 -155.765747
560 63.636688 142.839172 -155.934509
561 63.460892 141.267593 -154.753189
562 63.460892 142.315323 -154.078140
563 63.460892 141.966080 -155.428223
564 63.636688 140.743744 -155.596985
565 63.460892 141.267593 -154.078140
566 64.691437 142.140701 -153.909393
567 64.515656 140.918365 -155.090714
568 63.285110 142.839172 -153.909393
569 64.515656 141.616837 -154.753189
570 65.570404 142.315323 -156.103271
571 64.867233 141.267593 -155.428223
572 64.339859 140.743744 -154.584427
573 66.097778 143.188416 -154.246902
574 65.570404 142.315323 -155.765747
575 64.339859 143.188416 -155.259476
576 65.218811 142.664566 -155.090714
577 63.988266 141.442215 -154.584427
578 66.097778 142.489944 -153.909393
579 63.636688 142.140701 -154.921951
580 65.043030 141.791458 -155.934509
581 64.164062 139.870636 -156.103271
582 65.043030 142.140701 -154.921951
583 65.570404 143.363037 -155.428223
584 64.867233 141.966080 -155.090714
585 65.746185 141.791458 -155.259476
586 63.109314 141.966080 -154.753189
587 64.515656 141.267593 -154.753189
588 65.043030 142.140701 -154.921951
589 63.812485 141.267593 -154.078140
590 64.691437 141.092972 -156.272034
591 65.218811 141.966080 -155.090714
592 64.339859 141.442215 -154.584427
593 64.515656 143.013794 -155.090714
594 64.515656 141.616837 -154.753189
595 64.339859 142.140701 -154.584427
596 63.812485 141.966080 -154.753189
597 64.339859 140.743744 -154.921951
598 65.043030 142.140701 -154.246902
599 64.867233 141.267593 -154.078140
600 64.691437 141.791458 -155.259476
601 64.867233 143.013794 -154.415665
602 63.460892 141.267593 -155.428223
603 65.218811 142.664566 -155.428223
604 63.988266 141.791458 -154.921951
605 64.339859 142.140701 -154.584427
606 63.636688 142.839172 -153.571869
607 63.812485 141.616837 -154.753189
608 64.164062 141.267593 -153.740631
609 64.339859 141.791458 -154.246902
610 63.636688 141.092972 -154.246902
611 64.339859 141.092972 -155.934509
612 62.757736 141.966080 -154.753189
613 64.164062 142.315323 -155.090714
614 63.460892 142.315323 -154.415665
615 65.043030 141.442215 -154.921951
616 65.218811 141.616837 -156.440796
617 65.043030 141.442215 -155.596985
618 65.218811 141.966080 -153.740631
619 64.164062 143.013794 -154.415665
620 64.867233 141.966080 -154.753189
621 63.636688 142.839172 -155.259476
622 64.867233 142.315323 -155.090714
623 64.164062 141.267593 -154.753189
624 64.515656 141.966080 -153.740631
625 64.515656 143.363037 -154.415665
626 64.515656 142.315323 -154.753189
627 65.746185 142.140701 -154.921951
628 65.218811 141.966080 -155.090714
629 65.043030 142.839172 -154.246902
630 63.109314 141.267593 -155.428223
631 64.867233 142.664566 -154.753189
632 64.867233 141.616837 -154.753189
633 64.164062 142.664566 -155.090714
634 62.581940 142.140701 -156.272034
635 64.515656 142.315323 -154.753189
636 63.988266 142.140701 -155.596985
637 63.636688 141.791458 -155.259476
638 65.043030 141.791458 -153.909393
639 63.988266 141.092972 -155.596985
640 63.460892 141.616837 -155.090714
641 62.757736 141.966080 -154.415665
642 63.636688 142.140701 -155.259476
643 64.515656 140.918365 -154.078140
644 64.867233 142.315323 -155.090714
645 64.867233 143.013794 -155.090714
646 65.043030 142.489944 -155.596985
647 64.339859 141.442215 -155.934509
648 64.515656 141.966080 -155.428223
649 63.988266 142.140701 -155.596985
650 63.812485 142.315323 -155.090714
651 63.109314 142.664566 -155.090714
652 63.109314 141.966080 -155.090714
653 63.460892 141.966080 -155.428223
654 63.812485 141.616837 -154.415665
655 65.921982 142.315323 -155.765747
656 64.515656 141.966080 -155.765747
657 63.460892 142.315323 -155.765747
658 63.812485 141.966080 -155.428223
659 62.581940 142.489944 -155.259476
660 64.515656 141.267593 -154.078140
661 64.339859 142.839172 -155.596985
662 65.043030 142.140701 -155.259476
663 64.691437 141.791458 -154.921951
664 65.043030 142.140701 -154.921951
665 64.164062 141.966080 -155.428223
666 65.746185 141.442215 -155.259476
667 64.339859 141.791458 -156.272034
668 64.691437 141.791458 -155.596985
669 64.867233 141.267593 -154.415665
670 63.636688 141.442215 -154.584427
671 64.691437 144.585373 -154.584427
672 64.339859 140.394501 -156.272034
673 64.515656 142.315323 -154.753189
674 63.285110 142.489944 -154.921951
675 63.988266 143.886902 -156.272034
676 65.921982 142.315323 -154.753189
677 62.581940 141.791458 -155.259476
678 63.988266 142.140701 -154.584427
679 64.515656 141.966080 -155.090714
680 65.043030 142.489944 -153.909393
681 64.691437 141.092972 -153.571869
682 63.988266 142.839172 -154.921951
683 65.218811 142.315323 -153.065582
684 65.746185 141.442215 -154.921951
685 63.285110 141.791458 -153.909393
686 62.933517 142.489944 -154.921951
687 63.285110 142.140701 -153.909393
688 65.921982 141.267593 -155.090714
689 64.515656 140.918365 -156.103271
690 65.394608 142.489944 -155.596985
691 63.109314 140.918365 -155.090714
692 63.460892 142.315323 -154.415665
693 66.097778 141.442215 -154.584427
694 65.043030 141.442215 -154.584427
695 65.218811 142.315323 -155.765747
696 65.746185 140.394501 -154.921951
697 64.164062 142.664566 -154.078140
698 63.460892 143.712280 -154.753189
699 64.339859 141.791458 -154.921951
700 63.285110 142.489944 -154.921951
701 64.339859 143.537659 -155.596985
702 64.867233 140.918365 -154.415665
703 65.746185 141.092972 -155.259476
704 64.164062 141.616837 -155.765747
705 64.339859 142.839172 -155.259476
706 64.515656 140.918365 -155.765747
707 63.636688 142.140701 -156.609558
708 63.636688 141.442215 -155.596985
709 64.339859 142.140701 -155.596985
710 64.339859 141.791458 -155.596985
711 64.515656 141.616837 -154.415665
712 65.043030 142.140701 -153.571869
713 65.570404 143.013794 -154.415665
714 63.636688 142.489944 -154.584427
715 63.636688 142.489944 -154.584427
716 65.570404 143.013794 -154.415665
717 64.515656 141.267593 -156.103271
718 64.691437 142.140701 -154.584427
719 64.515656 140.918365 -154.753189
720 64.164062 142.315323 -154.078140
721 63.460892 142.315323 -156.440796
722 63.109314 141.616837 -154.753189
723 64.164062 141.966080 -155.428223
724 64.691437 143.188416 -155.934509
725 64.339859 141.791458 -154.584427
726 64.339859 141.092972 -155.934509
727 62.757736 141.267593 -154.078140
728 64.515656 141.616837 -155.765747
729 65.921982 141.966080 -155.765747
730 64.867233 141.966080 -155.428223
731 64.867233 141.616837 -155.428223
732 64.867233 140.569122 -156.440796
733 64.164062 141.616837 -155.090714
734 65.043030 142.140701 -154.246902
735 66.097778 141.791458 -154.584427
736 64.691437 142.839172 -154.584427
737 64.691437 142.489944 -154.584427
738 63.285110 143.188416 -154.246902
739 63.988266 140.743744 -155.259476
740 64.691437 143.188416 -155.596985
741 64.691437 142.839172 -155.259476
742 63.988266 142.839172 -154.584427
743 63.636688 141.791458 -153.909393
744 64.164062 141.966080 -154.753189
745 64.867233 140.918365 -154.415665
746 63.109314 141.616837 -156.103271
747 64.867233 142.664566 -154.078140
748 64.515656 142.315323 -156.103271
749 63.988266 142.489944 -154.921951
750 63.812485 141.966080 -154.415665
751 64.339859 143.537659 -155.259476
752 64.164062 141.966080 -154.753189
753 65.043030 141.791458 -153.909393
754 63.109314 141.966080 -155.765747
755 64.867233 141.966080 -156.778305
756 65.921982 142.315323 -156.103271
757 64.515656 141.966080 -155.090714
758 63.109314 142.315323 -155.765747
759 63.636688 142.489944 -154.921951
760 66.097778 142.839172 -153.909393
761 64.867233 141.966080 -155.765747
762 65.218811 141.616837 -155.428223
763 64.515656 141.966080 -154.753189
764 64.515656 140.569122 -153.740631
765 65.746185 142.839172 -155.934509
766 65.394608 142.839172 -155.934509
767 63.812485 143.363037 -154.415665
768 63.460892 141.267593 -154.078140
769 65.394608 140.045258 -155.596985
770 63.460892 141.616837 -155.428223
771 64.515656 143.712280 -155.428223
772 65.746185 141.442215 -153.909393
773 65.746185 142.489944 -156.272034
774 63.460892 140.219879 -154.753189
775 63.285110 141.791458 -154.584427
776 64.339859 142.140701 -155.596985
777 63.636688 141.092972 -154.921951
778 64.164062 142.664566 -155.090714
779 64.515656 140.569122 -155.428223
780 65.394608 142.140701 -155.934509
781 63.812485 142.315323 -155.090714
782 63.636688 142.489944 -154.921951
783 64.164062 140.918365 -155.765747
784 63.285110 141.791458 -155.596985
785 63.109314 142.315323 -155.090714
786 65.394608 141.791458 -154.246902
787 65.043030 142.839172 -155.596985
788 64.164062 141.267593 -156.103271
789 63.636688 141.442215 -155.934509
790 63.460892 141.966080 -155.765747
791 64.164062 140.918365 -155.765747
792 63.988266 141.442215 -155.259476
793 64.515656 140.918365 -155.428223
794 64.164062 142.664566 -154.415665
795 63.460892 142.664566 -154.753189
796 62.406143 141.616837 -154.753189
797 64.867233 142.315323 -155.765747
798 63.988266 141.442215 -155.259476
799 64.515656 142.315323 -154.078140
800 64.867233 141.966080 -155.090714
801 63.812485 142.664566 -154.078140
802 64.339859 141.442215 -155.596985
803 63.812485 143.363037 -154.753189
804 64.691437 142.489944 -154.246902
805 64.164062 141.267593 -154.078140
806 63.636688 141.442215 -154.584427
807 63.285110 141.442215 -154.921951
808 62.933517 141.092972 -154.921951
809 65.921982 141.966080 -155.090714
810 64.339859 142.489944 -154.921951
811 64.867233 141.966080 -153.740631
812 64.515656 142.664566 -154.415665
813 65.570404 141.616837 -155.765747
814 65.394608 140.743744 -154.584427
815 63.812485 141.966080 -155.428223
816 63.460892 141.616837 -155.765747
817 62.406143 141.267593 -155.428223
818 65.570404 141.267593 -154.753189
819 64.339859 141.442215 -152.221786
820 63.812485 141.616837 -155.090714
821 62.757736 141.966080 -155.428223
822 64.515656 142.315323 -154.078140
823 64.691437 142.489944 -155.596985
824 63.460892 141.966080 -155.428223
825 62.933517 141.791458 -154.921951
826 64.691437 141.791458 -155.259476
827 64.691437 142.839172 -153.909393
828 64.867233 142.315323 -155.090714
829 63.109314 141.966080 -154.753189
830 65.394608 142.140701 -155.934509
831 64.164062 141.966080 -154.753189
832 64.691437 141.791458 -154.584427
833 64.691437 140.743744 -154.921951
834 64.339859 141.791458 -155.934509
835 65.218811 140.918365 -154.078140
836 64.515656 143.363037 -155.765747
837 62.933517 143.537659 -155.934509
838 64.164062 141.966080 -154.753189
839 65.218811 142.315323 -156.103271
840 64.691437 143.188416 -154.921951
841 64.339859 140.394501 -154.921951
842 64.515656 142.315323 -155.090714
843 63.812485 141.267593 -156.778305
844 64.867233 141.966080 -154.415665
845 63.988266 142.839172 -154.584427
846 63.109314 141.267593 -154.753189
847 64.339859 142.140701 -153.909393
848 63.109314 141.966080 -155.090714
849 63.636688 141.791458 -155.259476
850 63.812485 140.918365 -155.428223
851 63.460892 142.664566 -155.090714
852 65.043030 142.140701 -154.246902
853 63.285110 142.140701 -155.934509
854 65.570404 142.664566 -154.415665
855 64.164062 142.315323 -155.428223
856 63.636688 142.140701 -154.921951
857 64.867233 141.616837 -154.753189
858 63.109314 142.315323 -154.753189
859 66.097778 141.442215 -154.584427
860 65.218811 142.315323 -155.428223
861 64.515656 141.616837 -155.428223
862 65.218811 142.315323 -154.753189
863 63.636688 141.791458 -155.596985
864 65.746185 142.140701 -154.921951
865 63.636688 140.743744 -155.259476
866 63.812485 140.918365 -154.415665
867 64.164062 142.664566 -156.103271
868 64.339859 141.442215 -154.921951
869 64.691437 142.489944 -155.259476
870 65.043030 141.791458 -155.596985
871 64.691437 141.791458 -154.584427
872 64.339859 141.791458 -154.584427
873 65.746185 143.537659 -155.259476
874 64.164062 142.664566 -154.078140
875 64.339859 141.791458 -154.921951
876 64.164062 142.664566 -154.753189
877 65.570404 141.966080 -154.753189
878 64.339859 142.140701 -155.596985
879 63.109314 143.013794 -154.415665
880 65.570404 140.569122 -155.090714
881 65.570404 140.918365 -156.440796
882 64.515656 141.267593 -156.103271
883 62.933517 141.092972 -154.921951
884 64.691437 141.442215 -153.909393
885 65.921982 142.315323 -156.103271
886 63.636688 142.839172 -153.571869
887 63.812485 143.363037 -155.765747
888 63.460892 141.616837 -154.415665
889 65.394608 142.140701 -154.584427
890 63.460892 140.569122 -155.428223
891 64.867233 142.315323 -154.415665
892 64.164062 141.267593 -155.428223
893 64.691437 141.791458 -155.259476
894 64.867233 142.664566 -154.078140
895 63.812485 140.918365 -154.753189
896 64.515656 142.315323 -154.753189
897 63.812485 142.315323 -156.103271
898 65.746185 141.791458 -154.921951
899 65.218811 141.966080 -154.415665
900 63.460892 141.966080 -154.753189
901 63.109314 143.013794 -155.090714
902 64.339859 141.442215 -154.921951
903 64.515656 142.664566 -155.765747
904 63.109314 141.966080 -154.753189
905 64.339859 141.791458 -154.921951
906 64.691437 142.489944 -155.259476
907 64.691437 141.092972 -154.246902
908 63.812485 142.315323 -156.440796
909 65.394608 141.791458 -155.934509
910 64.867233 140.569122 -156.103271
911 63.109314 141.616837 -154.415665
912 64.339859 141.442215 -153.909393
913 64.867233 141.616837 -157.115829
914 64.867233 140.918365 -154.415665
915 65.570404 142.315323 -155.090714
916 63.812485 141.616837 -154.415665
917 63.988266 142.839172 -155.934509
918 64.164062 141.267593 -154.753189
919 65.043030 140.394501 -154.584427
920 64.691437 142.489944 -154.921951
921 65.570404 143.013794 -154.753189
922 65.218811 143.013794 -155.428223
923 64.164062 141.616837 -156.440796
924 64.164062 141.616837 -154.753189
925 63.636688 143.188416 -154.921951
926 62.933517 141.791458 -154.246902
927 64.691437 141.442215 -154.921951
928 64.867233 143.363037 -154.753189
929 64.339859 142.140701 -156.272034
930 63.988266 141.442215 -153.909393
931 64.691437 143.188416 -155.596985
932 65.218811 143.013794 -155.765747
933 65.218811 141.966080 -154.415665
934 64.867233 143.712280 -155.428223
935 63.636688 142.489944 -155.934509
936 65.394608 143.188416 -155.934509
937 65.218811 140.918365 -154.753189
938 63.636688 142.140701 -155.596985
939 63.988266 141.092972 -155.934509
940 64.164062 142.664566 -153.740631
941 64.867233 141.966080 -155.428223
942 64.339859 141.442215 -155.259476
943 65.394608 141.442215 -154.921951
944 64.691437 141.791458 -154.584427
945 65.394608 142.489944 -154.921951
946 64.691437 140.743744 -155.596985
947 65.218811 141.267593 -156.103271
948 63.460892 141.966080 -155.428223
949 64.867233 142.315323 -154.415665
950 63.636688 141.092972 -155.934509
951 63.988266 142.140701 -155.259476
952 64.164062 141.966080 -155.765747
953 65.043030 141.092972 -154.921951
954 65.921982 141.616837 -155.090714
955 64.691437 141.791458 -154.584427
956 64.164062 141.616837 -154.753189
957 63.460892 141.966080 -154.753189
958 63.109314 141.267593 -154.415665
959 66.097778 143.188416 -154.584427
960 62.933517 142.140701 -155.596985
961 63.285110 142.489944 -154.246902
962 64.339859 141.791458 -154.584427
963 63.460892 141.616837 -154.078140
964 64.867233 141.966080 -154.753189
965 63.988266 142.140701 -153.909393
966 64.515656 143.013794 -153.740631
967 65.394608 143.537659 -155.259476
968 63.812485 142.664566 -155.090714
969 63.285110 142.140701 -155.934509
970 64.164062 142.315323 -154.753189
971 64.339859 142.489944 -154.921951
972 63.460892 141.966080 -156.103271
973 64.515656 143.013794 -155.765747
974 64.515656 142.315323 -154.078140
975 65.043030 142.489944 -155.259476
976 63.812485 141.966080 -154.415665
977 64.339859 140.743744 -155.596985
978 63.285110 141.442215 -154.584427
979 64.515656 141.966080 -154.078140
980 64.515656 141.966080 -154.415665
981 65.043030 142.839172 -155.596985
982 63.109314 140.918365 -154.753189
983 62.757736 140.918365 -153.403107
984 65.043030 142.140701 -153.909393
985 64.515656 141.616837 -156.440796
986 64.164062 141.966080 -154.753189
987 65.218811 141.966080 -154.415665
988 65.746185 141.442215 -154.246902
989 64.339859 143.537659 -154.921951
990 63.460892 142.664566 -154.753189
991 63.636688 143.188416 -154.584427
992 64.691437 140.394501 -156.272034
993 64.339859 140.045258 -153.909393
994 65.218811 142.664566 -154.078140
995 65.394608 141.442215 -155.259476
996 64.867233 143.363037 -155.090714
997 62.581940 141.791458 -153.571869
998 65.043030 142.140701 -154.921951
999 64.164062 142.315323 -155.765747
1000 64.691437 141.442215 -154.584427
1001 63.460892 142.664566 -156.103271
1002 64.339859 144.236145 -154.584427
1003 64.339859 142.140701 -155.259476
1004 63.285110 142.489944 -155.934509
1005 63.812485 141.616837 -154.753189
1006 63.636688 141.092972 -153.571869
1007 65.570404 141.616837 -155.090714
1008 65.218811 142.664566 -155.090714
1009 64.164062 142.315323 -154.753189
1010 63.636688 140.045258 -154.584427
1011 64.867233 142.315323 -154.753189
1012 64.339859 142.140701 -154.584427
1013 65.043030 142.140701 -154.921951
1014 63.812485 142.315323 -155.090714
1015 64.515656 141.966080 -154.415665
1016 63.636688 142.839172 -154.921951
1017 63.636688 142.839172 -154.246902
1018 63.285110 141.791458 -153.909393
1019 65.218811 141.966080 -155.765747
1020 64.691437 141.442215 -154.584427
1021 64.339859 142.140701 -154.921951
1022 63.636688 142.489944 -155.259476
1023 64.691437 142.489944 -155.934509
1024 63.109314 141.267593 -155.428223
1025 63.285110 141.791458 -154.921951
1026 63.109314 142.315323 -153.740631
1027 62.933517 141.442215 -155.259476
