1 54.319717 124.154831 -161.841125
2 54.143921 123.281738 -159.647232
3 52.561798 124.154831 -159.815994
4 53.792343 125.027939 -160.997314
5 53.616547 124.504074 -160.153519
6 52.913376 123.456360 -159.140961
7 53.616547 122.408630 -159.140961
8 53.792343 123.980209 -159.984756
9 53.440750 123.980209 -160.659805
10 54.847092 125.726410 -158.634674
11 54.143921 122.932495 -160.659805
12 53.264969 123.456360 -160.153519
13 54.319717 124.154831 -160.491043
14 53.792343 123.980209 -160.322281
15 54.143921 123.281738 -160.659805
16 54.847092 124.678696 -160.322281
17 53.968124 123.107117 -160.153519
18 53.792343 125.726410 -161.334839
19 54.143921 124.329453 -160.322281
20 54.319717 123.805588 -160.828552
21 54.143921 123.630981 -159.647232
22 54.847092 124.329453 -160.322281
23 53.968124 124.154831 -160.828552
24 53.968124 124.853317 -160.153519
25 54.847092 125.377182 -160.322281
26 55.022888 123.107117 -160.828552
27 53.440750 123.630981 -160.997314
28 54.143921 124.678696 -160.659805
29 53.616547 125.202560 -160.828552
30 54.143921 123.980209 -158.972198
31 54.671295 124.154831 -160.491043
32 53.089172 124.329453 -160.659805
33 54.495499 123.281738 -158.972198
34 53.440750 125.027939 -160.997314
35 52.737579 124.329453 -161.672363
36 54.671295 124.154831 -160.491043
37 53.089172 124.329453 -159.309723
38 53.792343 123.630981 -160.659805
39 52.737579 123.630981 -160.659805
40 53.792343 123.630981 -160.659805
41 53.616547 124.154831 -158.465912
42 53.792343 124.678696 -161.334839
43 52.737579 123.630981 -160.659805
44 54.143921 123.980209 -159.647232
45 54.495499 124.678696 -160.322281
46 54.495499 125.726410 -160.997314
47 53.792343 123.980209 -159.647232
48 53.968124 124.504074 -160.153519
49 53.968124 124.504074 -160.153519
50 53.968124 125.901031 -159.815994
51 55.198669 124.329453 -158.972198
52 55.374466 123.805588 -159.478470
53 54.143921 124.678696 -160.659805
54 53.616547 124.853317 -161.166077
55 54.319717 123.107117 -159.140961
56 54.847092 124.678696 -159.309723
57 54.495499 123.281738 -160.997314
58 53.792343 124.678696 -160.322281
59 53.264969 123.107117 -160.153519
60 54.143921 123.980209 -160.322281
61 54.495499 123.281738 -159.309723
62 54.671295 123.107117 -161.503601
63 53.440750 125.027939 -159.984756
64 53.264969 123.805588 -159.478470
65 53.089172 123.980209 -161.334839
66 53.792343 124.678696 -159.647232
67 53.264969 125.202560 -160.491043
68 54.495499 123.630981 -159.984756
69 52.737579 122.932495 -160.659805
70 53.264969 122.757874 -159.815994
71 53.968124 124.504074 -159.815994
72 53.440750 125.027939 -159.647232
73 54.143921 124.329453 -161.334839
74 51.682831 125.377182 -160.659805
75 53.440750 124.678696 -158.297150
76 54.847092 125.377182 -160.322281
77 53.264969 123.456360 -160.491043
78 54.495499 123.630981 -159.984756
79 53.968124 123.456360 -159.815994
80 54.143921 123.980209 -159.647232
81 54.671295 123.456360 -159.478470
82 55.022888 123.805588 -159.140961
83 54.319717 124.154831 -160.153519
84 53.792343 123.281738 -160.659805
85 54.495499 124.329453 -160.659805
86 53.792343 124.329453 -160.659805
87 53.968124 124.154831 -161.503601
88 53.089172 123.980209 -158.634674
89 55.022888 123.805588 -159.815994
90 55.198669 123.980209 -160.322281
91 53.968124 123.805588 -161.841125
92 53.616547 124.154831 -159.478470
93 53.264969 124.154831 -159.478470
94 52.913376 124.853317 -160.153519
95 53.616547 122.757874 -160.828552
96 55.550262 124.678696 -159.984756
97 55.022888 124.504074 -159.478470
98 54.847092 124.678696 -160.322281
99 52.737579 124.678696 -160.997314
100 53.616547 123.107117 -159.140961
101 54.319717 124.853317 -160.491043
102 54.671295 124.154831 -160.491043
103 53.968124 124.504074 -160.491043
104 53.616547 124.154831 -160.491043
105 53.440750 124.329453 -159.647232
106 54.143921 123.281738 -160.659805
107 53.264969 125.202560 -160.153519
108 55.198669 124.329453 -158.972198
109 53.089172 123.630981 -159.309723
110 53.616547 123.107117 -161.166077
111 55.550262 124.678696 -161.334839
112 53.792343 124.678696 -158.634674
113 54.671295 124.504074 -160.828552
114 55.726044 123.456360 -159.478470
115 55.198669 124.678696 -160.322281
116 54.143921 123.630981 -158.634674
117 53.616547 123.456360 -160.491043
118 53.264969 123.805588 -159.140961
119 54.319717 124.154831 -160.828552
120 54.495499 125.027939 -159.647232
121 54.671295 124.154831 -160.153519
122 54.671295 124.154831 -160.491043
123 53.264969 125.202560 -159.815994
124 53.792343 123.630981 -160.997314
125 54.143921 125.377182 -160.322281
126 53.440750 123.980209 -160.997314
127 54.671295 124.853317 -159.815994
128 53.792343 123.630981 -159.984756
129 52.913376 124.154831 -159.140961
130 54.847092 123.980209 -159.647232
131 53.440750 123.630981 -160.322281
132 55.022888 122.757874 -161.166077
133 54.143921 123.630981 -159.984756
134 53.792343 124.329453 -160.322281
135 54.143921 125.027939 -159.984756
136 53.264969 124.853317 -159.478470
137 53.792343 123.980209 -159.984756
138 54.847092 124.329453 -160.659805
139 53.440750 125.027939 -159.984756
140 55.374466 124.853317 -160.828552
141 54.319717 123.805588 -160.153519
142 54.319717 122.757874 -161.166077
143 53.792343 122.583252 -159.984756
144 53.792343 125.377182 -160.322281
145 54.495499 121.884781 -157.622116
146 54.847092 124.329453 -159.647232
147 53.792343 124.678696 -158.972198
148 54.319717 123.456360 -160.828552
149 54.143921 124.329453 -159.647232
150 53.968124 122.757874 -160.153519
151 54.847092 123.980209 -160.997314
152 55.022888 124.504074 -160.491043
153 55.022888 125.202560 -159.815994
154 53.616547 124.853317 -160.153519
155 53.616547 124.504074 -160.153519
156 54.495499 125.726410 -160.997314
157 53.616547 123.805588 -159.478470
158 53.968124 125.901031 -161.166077
159 52.913376 124.154831 -160.828552
160 55.022888 124.853317 -161.841125
161 52.913376 124.504074 -160.828552
162 53.264969 123.805588 -159.815994
163 54.143921 122.932495 -160.997314
164 53.792343 123.980209 -160.997314
165 55.550262 122.932495 -160.322281
166 53.616547 125.551788 -159.815994
167 52.737579 124.329453 -159.309723
168 53.792343 124.678696 -160.322281
169 54.319717 123.456360 -159.815994
170 54.143921 125.027939 -161.672363
171 55.022888 124.853317 -160.153519
172 53.440750 124.329453 -158.297150
173 53.792343 123.630981 -160.322281
174 53.968124 123.456360 -159.815994
175 53.616547 123.805588 -160.491043
176 53.616547 124.504074 -159.140961
177 54.319717 123.456360 -159.815994
178 54.143921 123.980209 -159.984756
179 55.022888 123.456360 -159.140961
180 53.968124 123.805588 -159.478470
181 55.022888 123.805588 -160.153519
182 53.616547 124.504074 -160.491043
183 53.440750 123.980209 -158.634674
184 55.198669 124.678696 -160.997314
185 54.319717 124.504074 -160.491043
186 54.143921 121.884781 -158.972198
187 53.968124 123.805588 -160.153519
188 54.319717 124.154831 -160.153519
189 52.210205 125.202560 -160.491043
190 53.792343 125.027939 -160.322281
191 53.968124 124.154831 -161.166077
192 53.616547 124.504074 -159.815994
193 55.550262 124.678696 -159.984756
194 53.792343 124.329453 -159.647232
195 55.374466 124.853317 -159.815994
196 54.319717 124.504074 -161.503601
197 54.319717 126.250275 -161.166077
198 54.671295 124.154831 -160.828552
199 52.913376 123.456360 -159.815994
200 52.737579 124.329453 -160.322281
201 54.319717 124.504074 -161.166077
202 54.319717 122.757874 -160.491043
203 53.440750 123.980209 -160.659805
204 55.198669 122.932495 -159.647232
205 53.616547 123.456360 -159.478470
206 52.561798 123.805588 -159.478470
207 52.913376 123.805588 -159.815994
208 53.440750 124.329453 -158.972198
209 53.616547 124.154831 -160.153519
210 53.089172 124.329453 -160.322281
211 52.737579 123.630981 -159.647232
212 53.440750 124.329453 -158.634674
213 53.440750 123.281738 -159.984756
214 52.913376 123.456360 -158.803436
215 53.089172 124.329453 -160.322281
216 53.792343 124.678696 -160.659805
217 55.022888 125.202560 -161.503601
218 52.737579 123.980209 -161.334839
219 54.319717 123.456360 -160.153519
220 52.913376 124.154831 -160.828552
221 53.089172 123.630981 -160.322281
222 54.143921 124.329453 -159.984756
223 53.792343 123.980209 -161.672363
224 54.143921 123.980209 -159.984756
225 53.968124 123.805588 -160.491043
226 53.264969 123.805588 -159.140961
227 54.495499 123.980209 -160.997314
228 53.089172 124.678696 -160.997314
229 52.737579 124.678696 -160.322281
230 54.495499 123.630981 -160.322281
231 53.792343 124.678696 -159.647232
232 52.913376 125.551788 -160.828552
233 52.737579 125.027939 -159.309723
234 53.792343 122.583252 -159.309723
235 52.913376 124.504074 -160.491043
236 54.319717 124.853317 -159.815994
237 54.143921 124.329453 -159.647232
238 55.198669 123.630981 -159.984756
239 53.792343 123.281738 -159.647232
240 53.616547 124.853317 -161.166077
241 52.737579 123.980209 -160.997314
242 52.913376 124.154831 -159.815994
243 53.968124 123.805588 -160.491043
244 52.561798 124.504074 -160.153519
245 53.792343 124.329453 -159.984756
246 52.561798 123.805588 -159.140961
247 53.792343 124.329453 -159.984756
248 53.440750 124.329453 -159.647232
249 52.561798 123.805588 -161.166077
250 54.319717 124.853317 -159.815994
251 53.264969 124.853317 -158.465912
252 53.264969 125.901031 -161.503601
253 54.671295 124.504074 -159.478470
254 53.440750 124.678696 -159.309723
255 53.616547 124.504074 -159.815994
256 52.913376 124.154831 -159.140961
257 53.968124 123.805588 -159.815994
258 54.495499 123.980209 -161.334839
259 53.440750 123.980209 -159.647232
260 53.264969 123.456360 -160.828552
261 54.143921 123.630981 -160.659805
262 54.143921 123.281738 -159.309723
263 55.022888 124.154831 -160.491043
264 55.022888 123.456360 -159.478470
265 54.143921 124.678696 -160.322281
266 53.792343 122.932495 -159.309723
267 53.440750 124.678696 -159.647232
268 53.089172 123.980209 -160.322281
269 53.089172 123.980209 -162.347397
270 54.671295 122.757874 -159.815994
271 54.495499 123.980209 -160.322281
272 53.440750 125.726410 -159.984756
273 53.968124 124.504074 -159.815994
274 53.792343 124.329453 -159.984756
275 53.968124 123.456360 -160.491043
276 52.210205 123.107117 -160.153519
277 54.143921 124.678696 -159.984756
278 53.440750 123.281738 -161.672363
279 53.616547 123.805588 -161.166077
280 53.440750 123.281738 -160.322281
281 54.319717 123.456360 -158.803436
282 55.550262 124.329453 -159.984756
283 53.440750 122.932495 -159.984756
284 53.792343 125.377182 -159.647232
285 54.319717 123.107117 -159.140961
286 52.561798 124.853317 -160.153519
287 53.616547 125.202560 -159.140961
288 53.792343 125.377182 -159.984756
289 54.495499 125.377182 -160.322281
290 53.968124 124.504074 -160.491043
291 53.440750 124.678696 -159.647232
292 53.264969 124.853317 -160.828552
293 53.968124 124.154831 -159.140961
294 53.089172 126.424896 -160.322281
295 53.264969 122.408630 -160.828552
296 54.847092 123.980209 -159.984756
297 53.792343 125.027939 -160.659805
298 55.374466 123.805588 -159.140961
299 53.089172 123.281738 -160.322281
300 52.561798 124.154831 -159.140961
301 55.374466 124.154831 -160.491043
302 54.671295 124.504074 -160.491043
303 54.847092 124.329453 -160.322281
304 53.968124 124.504074 -161.166077
305 52.386002 124.329453 -159.647232
306 53.089172 122.932495 -160.997314
307 54.847092 123.980209 -162.009888
308 54.847092 123.980209 -158.972198
309 54.847092 124.678696 -159.984756
310 54.847092 121.884781 -159.647232
311 54.495499 125.377182 -159.984756
312 52.913376 123.805588 -160.491043
313 54.847092 122.932495 -161.672363
314 54.671295 123.456360 -159.140961
315 53.616547 124.154831 -160.828552
316 54.143921 123.281738 -159.309723
317 54.143921 123.630981 -158.972198
318 53.792343 123.630981 -157.959641
319 53.616547 124.853317 -159.815994
320 54.319717 124.853317 -159.478470
321 53.616547 123.805588 -160.491043
322 53.089172 123.980209 -159.309723
323 53.968124 125.202560 -160.491043
324 53.968124 123.456360 -160.153519
325 54.143921 123.281738 -159.647232
326 54.671295 123.456360 -161.166077
327 53.616547 124.504074 -159.815994
328 54.847092 123.281738 -159.647232
329 53.616547 124.504074 -160.153519
330 52.913376 124.154831 -159.815994
331 55.726044 123.805588 -159.815994
332 53.792343 124.678696 -160.659805
333 54.143921 123.630981 -159.647232
334 54.319717 123.805588 -160.153519
335 53.616547 123.805588 -159.140961
336 54.319717 124.154831 -159.815994
337 53.440750 123.630981 -160.322281
338 53.968124 125.901031 -160.153519
339 53.440750 123.630981 -159.309723
340 53.968124 124.154831 -159.815994
341 54.319717 124.154831 -159.815994
342 54.319717 124.154831 -160.491043
343 54.143921 122.932495 -158.972198
344 52.034424 125.027939 -160.322281
345 55.022888 123.456360 -160.828552
346 53.089172 124.329453 -159.309723
347 52.561798 124.504074 -160.153519
348 53.264969 123.805588 -160.828552
349 53.264969 124.853317 -159.815994
350 54.671295 126.250275 -161.166077
351 54.143921 124.329453 -159.647232
352 54.495499 125.027939 -159.309723
353 53.616547 124.853317 -159.478470
354 53.616547 124.154831 -159.478470
355 53.968124 124.504074 -160.828552
356 54.495499 123.281738 -159.647232
357 53.616547 123.456360 -159.815994
358 52.913376 124.154831 -160.153519
359 53.440750 122.583252 -160.659805
360 54.143921 123.281738 -160.659805
361 54.671295 123.805588 -160.491043
362 54.143921 123.980209 -160.997314
363 54.319717 124.504074 -159.478470
364 55.198669 124.329453 -158.972198
365 52.561798 122.757874 -160.153519
366 54.319717 123.805588 -161.166077
367 53.968124 124.853317 -160.491043
368 52.913376 124.154831 -159.815994
369 53.792343 123.980209 -160.322281
370 53.616547 123.805588 -160.153519
371 54.319717 124.853317 -159.815994
372 52.034424 125.377182 -159.647232
373 53.089172 123.980209 -161.334839
374 53.440750 124.678696 -158.972198
375 54.319717 124.853317 -160.828552
376 52.561798 123.456360 -160.491043
377 54.671295 125.202560 -160.828552
378 53.792343 124.329453 -160.997314
379 53.264969 125.202560 -160.828552
380 53.264969 123.805588 -159.140961
381 54.671295 122.408630 -160.153519
382 53.264969 122.408630 -159.478470
383 52.210205 124.504074 -159.815994
384 55.374466 123.805588 -160.491043
385 53.440750 124.329453 -159.309723
386 54.143921 124.678696 -160.659805
387 53.792343 124.678696 -160.659805
388 55.022888 124.154831 -158.803436
389 53.616547 124.154831 -158.465912
390 55.022888 123.456360 -160.491043
391 54.495499 124.329453 -160.997314
392 53.968124 123.805588 -159.478470
393 54.143921 122.932495 -160.659805
394 53.616547 123.456360 -160.153519
395 53.616547 123.805588 -159.478470
396 54.319717 124.154831 -159.815994
397 54.143921 123.281738 -159.984756
398 54.143921 123.281738 -159.984756
399 55.374466 124.504074 -161.503601
400 53.440750 123.980209 -160.659805
401 54.319717 124.504074 -160.153519
402 54.495499 125.027939 -159.984756
403 53.089172 123.630981 -161.334839
404 54.319717 122.757874 -160.153519
405 52.737579 123.980209 -159.984756
406 53.440750 123.281738 -158.972198
407 53.968124 123.805588 -160.153519
408 54.495499 123.980209 -159.309723
409 54.319717 123.456360 -158.803436
410 53.616547 123.805588 -159.478470
411 52.561798 123.456360 -159.478470
412 53.792343 123.980209 -159.984756
413 52.386002 123.281738 -160.322281
414 53.264969 124.154831 -160.828552
415 53.968124 122.757874 -160.828552
416 54.671295 123.805588 -159.815994
417 52.386002 122.583252 -158.972198
418 54.319717 123.456360 -159.478470
419 52.737579 123.281738 -160.659805
420 52.913376 124.154831 -159.478470
421 53.264969 124.154831 -159.140961
422 54.143921 123.281738 -158.972198
423 53.616547 123.456360 -159.140961
424 54.143921 123.630981 -159.309723
425 54.671295 123.107117 -159.815994
426 52.210205 123.107117 -159.140961
427 52.737579 123.281738 -159.647232
428 53.264969 124.504074 -158.465912
429 54.495499 123.281738 -158.972198
430 53.968124 123.107117 -159.478470
431 53.089172 123.630981 -159.984756
432 53.440750 123.980209 -158.634674
433 53.264969 122.757874 -159.478470
434 53.440750 123.980209 -158.297150
435 53.616547 123.107117 -158.803436
436 53.792343 122.583252 -159.647232
437 53.792343 122.932495 -159.984756
438 53.968124 123.456360 -159.140961
439 52.913376 123.456360 -159.140961
440 54.143921 123.281738 -159.647232
441 53.264969 124.504074 -159.140961
442 53.616547 123.107117 -160.828552
443 53.616547 123.107117 -158.465912
444 53.440750 124.678696 -160.322281
445 53.616547 123.107117 -159.140961
446 54.143921 123.281738 -158.634674
447 54.495499 123.281738 -158.634674
448 54.319717 122.757874 -159.478470
449 53.792343 123.980209 -159.984756
450 53.616547 123.107117 -159.140961
451 53.792343 123.630981 -158.972198
452 55.726044 122.757874 -159.815994
453 53.440750 122.932495 -159.309723
454 54.847092 122.932495 -160.322281
455 53.440750 121.884781 -159.309723
456 52.034424 123.281738 -159.309723
457 52.561798 122.408630 -158.465912
458 52.210205 123.107117 -158.803436
459 53.968124 124.504074 -160.491043
460 53.616547 123.805588 -159.140961
461 52.913376 124.504074 -158.803436
462 52.913376 122.757874 -159.140961
463 53.968124 123.805588 -160.153519
464 53.616547 122.757874 -160.153519
465 53.616547 123.107117 -158.803436
466 55.022888 123.805588 -158.803436
467 53.792343 122.932495 -159.984756
468 52.737579 124.678696 -158.972198
469 52.913376 123.456360 -159.478470
470 53.089172 123.281738 -159.309723
471 53.616547 123.805588 -158.803436
472 53.968124 124.853317 -159.140961
473 52.561798 124.853317 -159.140961
474 53.792343 121.884781 -159.984756
475 53.792343 122.583252 -159.984756
476 53.089172 122.932495 -159.309723
477 54.143921 122.932495 -159.309723
478 52.913376 123.107117 -159.815994
479 52.737579 125.027939 -158.972198
480 53.440750 123.630981 -158.972198
481 52.561798 124.853317 -158.128387
482 52.386002 122.932495 -158.297150
483 53.968124 122.059402 -159.815994
484 53.264969 123.805588 -159.478470
485 53.792343 123.980209 -159.309723
486 53.264969 123.456360 -160.491043
487 54.319717 122.757874 -160.828552
488 53.792343 123.281738 -158.972198
489 53.616547 123.805588 -159.478470
490 51.682831 123.980209 -159.647232
491 53.968124 123.107117 -159.478470
492 53.089172 123.980209 -159.647232
493 52.737579 123.281738 -158.297150
494 53.968124 123.107117 -159.140961
495 53.440750 122.932495 -158.972198
496 53.792343 122.583252 -159.984756
497 52.210205 122.408630 -159.815994
498 53.968124 123.456360 -159.140961
499 51.682831 124.329453 -159.647232
500 53.616547 124.504074 -159.815994
501 53.089172 123.980209 -159.984756
502 53.968124 122.757874 -160.153519
503 53.616547 124.504074 -158.465912
504 54.319717 123.805588 -158.803436
505 52.561798 123.107117 -160.153519
506 53.440750 123.281738 -159.984756
507 53.440750 124.678696 -158.972198
508 52.737579 123.281738 -159.984756
509 54.671295 123.805588 -159.478470
510 52.737579 123.630981 -160.322281
511 52.737579 122.583252 -158.972198
512 52.913376 122.757874 -159.478470
513 53.089172 122.234009 -160.659805
514 51.507050 124.504074 -159.140961
515 53.792343 123.630981 -160.322281
516 52.561798 123.456360 -160.828552
517 54.143921 123.630981 -159.984756
518 52.561798 122.408630 -160.153519
519 54.671295 124.504074 -159.815994
520 54.847092 123.281738 -159.984756
521 52.737579 124.329453 -157.959641
522 53.264969 123.107117 -160.153519
523 52.737579 125.027939 -159.647232
524 52.913376 124.853317 -160.491043
525 53.968124 122.757874 -159.140961
526 55.022888 123.805588 -160.828552
527 53.089172 123.980209 -158.297150
528 53.968124 123.805588 -159.815994
529 53.264969 125.551788 -159.478470
530 53.968124 122.757874 -159.478470
531 53.968124 124.154831 -158.465912
532 52.913376 122.757874 -158.465912
533 54.495499 123.980209 -160.322281
534 52.210205 123.107117 -160.153519
535 53.968124 123.456360 -159.478470
536 53.264969 124.154831 -159.140961
537 53.968124 123.456360 -160.153519
538 52.913376 124.504074 -160.491043
539 52.561798 123.107117 -159.478470
540 53.089172 122.932495 -159.984756
541 53.264969 124.154831 -159.140961
542 53.264969 123.805588 -159.140961
543 53.616547 124.504074 -160.153519
544 53.264969 123.456360 -159.478470
545 52.737579 123.281738 -160.322281
546 53.264969 123.805588 -160.491043
547 53.264969 123.805588 -160.491043
548 54.495499 123.980209 -159.647232
549 53.264969 123.456360 -159.478470
550 52.737579 124.329453 -159.309723
551 54.671295 124.154831 -159.478470
552 54.143921 123.630981 -159.647232
553 52.913376 123.456360 -158.128387
554 53.089172 123.630981 -159.647232
555 53.792343 123.980209 -159.647232
556 52.561798 123.456360 -159.478470
557 53.440750 123.630981 -159.984756
558 53.792343 123.281738 -159.309723
559 53.792343 122.234009 -158.634674
560 52.913376 125.202560 -160.491043
561 55.198669 123.281738 -159.647232
562 54.319717 123.805588 -159.478470
563 52.913376 123.107117 -158.128387
564 53.440750 123.281738 -158.972198
565 52.913376 124.853317 -159.478470
566 52.210205 122.757874 -159.478470
567 51.155457 123.107117 -159.478470
568 53.968124 123.107117 -159.140961
569 55.550262 122.583252 -159.984756
570 53.616547 124.154831 -159.140961
571 51.682831 123.281738 -159.647232
572 52.737579 122.932495 -159.647232
573 53.792343 123.630981 -160.322281
574 52.913376 124.154831 -160.153519
575 53.792343 125.027939 -161.334839
576 54.143921 124.329453 -160.322281
577 53.968124 122.757874 -159.815994
578 54.319717 124.504074 -160.153519
579 52.737579 123.281738 -160.659805
580 53.264969 123.107117 -159.478470
581 53.616547 123.456360 -159.478470
582 55.374466 123.107117 -158.128387
583 53.440750 125.027939 -160.659805
584 52.561798 122.408630 -159.140961
585 52.561798 123.456360 -158.803436
586 54.847092 123.630981 -158.634674
587 53.792343 123.980209 -158.972198
588 53.616547 124.154831 -159.140961
589 54.143921 124.678696 -159.309723
590 53.792343 122.932495 -159.647232
591 53.440750 122.583252 -159.984756
592 52.561798 123.456360 -159.140961
593 53.264969 123.805588 -159.815994
594 53.792343 123.281738 -158.297150
595 52.386002 122.932495 -157.622116
596 52.210205 123.805588 -161.166077
597 53.089172 123.980209 -158.634674
598 52.210205 123.805588 -159.815994
599 53.089172 124.678696 -159.984756
600 55.022888 121.710159 -158.803436
601 54.143921 123.980209 -158.634674
602 52.386002 123.281738 -160.659805
603 53.264969 123.107117 -160.153519
604 52.737579 124.329453 -158.972198
605 52.386002 123.630981 -158.972198
606 54.319717 122.757874 -159.140961
607 53.089172 122.583252 -159.309723
608 54.495499 123.980209 -159.647232
609 53.089172 124.329453 -159.647232
610 53.616547 124.853317 -159.478470
611 52.913376 123.805588 -160.153519
612 53.792343 123.630981 -159.647232
613 54.495499 123.630981 -158.634674
614 53.264969 123.456360 -159.815994
615 54.671295 123.456360 -158.465912
616 54.495499 124.329453 -159.647232
617 53.264969 124.154831 -158.465912
618 52.737579 123.281738 -160.322281
619 53.440750 123.281738 -158.972198
620 53.264969 121.710159 -159.815994
621 54.671295 124.154831 -158.803436
622 52.737579 123.630981 -159.984756
623 53.792343 122.932495 -158.297150
624 52.210205 123.456360 -159.815994
625 53.089172 124.678696 -158.634674
626 51.331253 122.583252 -159.309723
627 52.386002 123.980209 -159.647232
628 53.968124 124.154831 -160.153519
629 52.913376 122.757874 -159.478470
630 53.089172 123.980209 -160.322281
631 51.507050 124.853317 -159.478470
632 53.792343 123.630981 -159.984756
633 54.671295 124.154831 -158.128387
634 52.913376 123.805588 -158.465912
635 53.968124 124.154831 -158.803436
636 53.968124 123.805588 -159.478470
637 53.792343 125.027939 -159.309723
638 53.089172 122.583252 -159.984756
639 51.682831 123.281738 -160.322281
640 53.440750 121.535538 -159.984756
641 52.386002 123.980209 -160.322281
642 52.913376 123.805588 -158.803436
643 52.386002 122.932495 -158.972198
644 53.792343 125.377182 -158.634674
645 53.440750 124.329453 -159.647232
646 53.792343 124.329453 -158.297150
647 53.089172 123.281738 -158.972198
648 53.968124 122.757874 -159.140961
649 53.089172 122.583252 -159.309723
650 53.616547 123.805588 -158.803436
651 53.616547 124.504074 -159.478470
652 52.386002 123.630981 -158.972198
653 52.210205 123.805588 -159.140961
654 55.550262 123.281738 -158.634674
655 52.737579 123.980209 -159.309723
656 53.089172 123.630981 -159.984756
657 54.495499 122.583252 -158.297150
658 53.616547 122.757874 -160.153519
659 53.089172 122.932495 -158.972198
660 53.089172 123.630981 -160.322281
661 54.319717 123.107117 -160.153519
662 54.143921 123.980209 -159.984756
663 53.792343 123.630981 -160.322281
664 53.968124 124.154831 -159.140961
665 54.143921 123.980209 -158.634674
666 53.089172 122.932495 -159.309723
667 55.022888 124.504074 -158.465912
668 53.440750 123.630981 -159.309723
669 53.264969 122.757874 -158.465912
670 54.319717 123.805588 -158.803436
671 53.440750 123.630981 -159.984756
672 53.264969 125.551788 -158.803436
673 53.264969 123.456360 -158.803436
674 53.440750 123.630981 -160.322281
675 53.264969 122.757874 -159.478470
676 54.319717 121.710159 -159.478470
677 53.440750 123.630981 -158.297150
678 52.561798 123.107117 -160.491043
679 53.440750 121.884781 -159.309723
680 53.616547 121.710159 -158.803436
681 54.143921 123.281738 -158.972198
682 54.495499 123.630981 -158.972198
683 53.792343 122.932495 -159.647232
684 53.792343 123.980209 -158.972198
685 52.210205 124.154831 -159.140961
686 54.143921 124.329453 -158.972198
687 52.034424 123.630981 -159.647232
688 53.440750 123.630981 -159.647232
689 53.089172 124.329453 -160.322281
690 55.198669 122.932495 -160.322281
691 53.792343 123.281738 -159.647232
692 54.143921 123.281738 -159.309723
693 52.913376 123.107117 -158.465912
694 52.913376 123.107117 -159.815994
695 52.034424 123.980209 -160.322281
696 54.319717 123.805588 -158.803436
697 54.319717 123.107117 -158.803436
698 52.561798 123.456360 -159.478470
699 52.737579 124.329453 -158.634674
700 54.495499 125.027939 -159.309723
701 53.616547 124.154831 -159.478470
702 53.792343 122.932495 -159.647232
703 54.671295 123.456360 -159.140961
704 55.550262 123.980209 -158.972198
705 53.264969 123.805588 -158.803436
706 54.143921 123.281738 -158.972198
707 53.792343 123.281738 -159.647232
708 53.089172 123.281738 -157.959641
709 52.737579 123.281738 -158.297150
710 52.913376 124.504074 -159.478470
711 53.089172 123.281738 -158.972198
712 53.089172 122.932495 -159.309723
713 54.143921 124.329453 -160.997314
714 53.440750 123.281738 -158.634674
715 53.616547 124.154831 -160.153519
716 53.968124 124.504074 -159.815994
717 51.155457 124.154831 -158.803436
718 53.616547 123.456360 -160.153519
719 53.792343 125.027939 -159.647232
720 53.616547 123.107117 -158.128387
721 54.319717 122.757874 -159.815994
722 54.319717 122.059402 -160.491043
723 53.792343 123.630981 -159.984756
724 54.319717 123.456360 -159.478470
725 54.143921 122.234009 -159.647232
726 53.264969 122.408630 -158.803436
727 54.143921 123.980209 -159.309723
728 52.737579 123.630981 -159.309723
729 53.616547 123.456360 -158.803436
730 52.386002 122.583252 -158.972198
731 54.143921 122.932495 -159.309723
732 53.616547 122.408630 -158.803436
733 52.737579 123.980209 -159.984756
734 53.968124 123.805588 -159.140961
735 54.143921 123.980209 -158.972198
736 53.440750 123.630981 -159.647232
737 52.561798 123.107117 -160.828552
738 52.561798 123.456360 -158.803436
739 53.089172 123.980209 -159.984756
740 54.671295 123.456360 -159.140961
741 54.143921 122.583252 -159.984756
742 53.968124 124.504074 -158.803436
743 53.968124 123.805588 -157.790878
744 54.319717 123.107117 -159.140961
745 53.440750 123.630981 -160.659805
746 53.440750 121.884781 -160.659805
747 54.319717 123.107117 -159.140961
748 53.792343 123.281738 -159.647232
749 54.671295 123.805588 -159.140961
750 55.374466 123.107117 -159.815994
751 53.089172 123.281738 -159.647232
752 53.968124 122.757874 -159.140961
753 52.210205 124.154831 -159.140961
754 53.089172 122.583252 -159.984756
755 52.737579 123.980209 -157.959641
756 53.616547 124.154831 -159.815994
757 54.143921 123.281738 -160.322281
758 53.968124 123.456360 -158.803436
759 54.671295 124.504074 -159.478470
760 54.319717 122.757874 -159.815994
761 53.264969 123.107117 -158.803436
762 52.210205 123.805588 -160.153519
763 53.792343 122.932495 -158.972198
764 53.264969 123.107117 -159.140961
765 54.143921 123.281738 -158.972198
766 54.671295 123.107117 -160.153519
767 53.089172 122.932495 -159.647232
768 52.737579 122.234009 -158.634674
769 52.386002 124.329453 -158.297150
770 52.034424 122.583252 -159.647232
771 54.319717 122.408630 -158.465912
772 53.264969 123.805588 -160.491043
773 53.089172 122.234009 -159.309723
774 53.616547 123.107117 -159.478470
775 52.737579 123.281738 -158.972198
776 52.386002 122.234009 -157.959641
777 53.616547 124.154831 -160.491043
778 54.319717 123.456360 -159.140961
779 53.616547 125.202560 -159.815994
780 53.968124 124.853317 -160.828552
781 53.616547 123.107117 -158.803436
782 54.847092 123.630981 -158.972198
783 53.792343 122.583252 -159.647232
784 51.858627 123.805588 -159.815994
785 53.264969 123.107117 -159.815994
786 53.616547 121.360916 -159.478470
787 52.210205 123.805588 -158.465912
788 53.616547 124.154831 -159.140961
789 54.495499 124.678696 -159.647232
790 53.089172 123.980209 -159.309723
791 53.440750 123.980209 -159.984756
792 53.792343 122.932495 -160.659805
793 54.847092 123.630981 -158.634674
794 53.616547 122.757874 -161.503601
795 53.616547 123.805588 -159.815994
796 52.210205 123.456360 -160.153519
797 53.440750 124.329453 -160.659805
798 53.616547 122.757874 -159.140961
799 53.264969 123.805588 -159.478470
800 52.737579 125.027939 -159.647232
801 54.319717 124.853317 -159.478470
802 53.440750 123.980209 -159.984756
803 53.089172 123.630981 -159.309723
804 53.792343 122.932495 -159.984756
805 54.143921 121.186295 -159.309723
806 53.792343 123.980209 -160.659805
807 54.143921 123.980209 -159.647232
808 52.561798 123.107117 -159.140961
809 53.792343 123.281738 -158.972198
810 53.616547 124.154831 -159.478470
811 53.440750 123.281738 -158.972198
812 53.616547 122.757874 -160.491043
813 53.264969 123.805588 -159.140961
814 54.495499 123.630981 -158.972198
815 53.968124 123.805588 -159.815994
816 53.264969 122.757874 -158.803436
817 54.143921 123.281738 -158.972198
818 53.616547 124.853317 -158.465912
819 53.089172 123.630981 -159.309723
820 51.507050 124.504074 -157.115829
821 53.440750 123.630981 -160.322281
822 54.495499 123.980209 -158.972198
823 53.089172 122.932495 -159.309723
824 52.913376 123.805588 -158.803436
825 54.495499 123.281738 -158.634674
826 52.737579 123.980209 -159.647232
827 53.616547 123.805588 -160.491043
828 53.264969 123.456360 -158.803436
829 53.089172 122.932495 -159.309723
830 53.264969 123.805588 -159.140961
831 54.847092 123.281738 -159.309723
832 52.210205 123.805588 -158.803436
833 54.319717 122.757874 -160.153519
834 53.440750 123.980209 -157.959641
835 54.319717 123.456360 -159.478470
836 53.264969 123.107117 -159.478470
837 53.089172 122.583252 -158.972198
838 52.386002 123.630981 -159.984756
839 53.264969 124.154831 -159.140961
840 53.792343 124.329453 -159.309723
841 53.440750 123.281738 -159.309723
842 52.737579 122.583252 -159.984756
843 52.737579 123.980209 -158.972198
844 53.440750 122.932495 -158.634674
845 54.143921 123.630981 -158.297150
846 53.792343 125.027939 -158.972198
847 55.198669 123.281738 -159.647232
848 52.034424 123.980209 -158.972198
849 53.616547 123.107117 -158.803436
850 54.143921 122.932495 -160.322281
851 53.264969 122.408630 -158.465912
852 54.319717 123.107117 -160.153519
853 52.737579 122.932495 -160.322281
854 53.968124 124.154831 -157.790878
855 54.143921 124.678696 -159.984756
856 52.913376 123.456360 -159.815994
857 53.440750 123.980209 -159.647232
858 52.913376 122.757874 -159.478470
859 52.737579 123.630981 -158.297150
860 52.737579 124.678696 -158.972198
861 53.089172 123.980209 -158.297150
862 53.264969 123.456360 -159.140961
863 53.616547 123.805588 -158.465912
864 53.968124 123.805588 -158.465912
865 53.968124 123.456360 -158.803436
866 53.968124 124.154831 -158.803436
867 52.210205 125.202560 -159.140961
868 54.495499 123.630981 -159.647232
869 52.210205 123.805588 -158.803436
870 53.792343 123.281738 -159.984756
871 52.737579 123.630981 -159.309723
872 53.792343 125.027939 -159.984756
873 53.968124 124.154831 -158.803436
874 55.022888 122.408630 -159.140961
875 53.968124 123.107117 -159.478470
876 54.671295 122.059402 -159.140961
877 52.737579 123.980209 -158.972198
878 54.319717 123.805588 -159.140961
879 53.089172 123.281738 -159.984756
880 53.968124 123.456360 -160.491043
881 54.847092 123.630981 -159.309723
882 53.792343 123.630981 -160.322281
883 53.089172 122.583252 -158.634674
884 54.143921 122.932495 -159.984756
885 53.089172 123.630981 -159.309723
886 53.440750 123.630981 -159.309723
887 53.792343 122.932495 -159.647232
888 53.264969 123.805588 -160.153519
889 53.792343 123.281738 -159.984756
890 54.495499 122.932495 -159.984756
891 54.143921 124.329453 -159.309723
892 54.319717 122.757874 -158.465912
893 54.671295 123.456360 -158.803436
894 53.616547 122.757874 -160.491043
895 53.089172 124.329453 -159.647232
896 55.374466 123.805588 -158.128387
897 52.737579 123.630981 -158.972198
898 52.913376 123.107117 -159.140961
899 54.319717 122.408630 -158.803436
900 52.913376 123.107117 -159.815994
901 52.034424 122.932495 -158.972198
902 53.089172 124.678696 -159.984756
903 54.143921 122.932495 -158.297150
904 53.440750 123.980209 -159.309723
905 54.143921 123.281738 -158.972198
906 52.737579 123.980209 -159.647232
907 52.561798 123.107117 -160.491043
908 53.089172 124.329453 -159.647232
909 53.616547 124.154831 -158.803436
910 52.210205 124.853317 -159.815994
911 53.616547 124.504074 -160.153519
912 53.264969 123.805588 -159.815994
913 51.858627 123.456360 -158.465912
914 53.089172 122.932495 -158.972198
915 53.440750 122.932495 -158.972198
916 54.495499 123.630981 -159.984756
917 54.319717 124.504074 -159.815994
918 54.495499 122.932495 -158.972198
919 52.913376 123.107117 -158.803436
920 54.847092 123.281738 -159.647232
921 53.792343 122.583252 -158.297150
922 55.550262 123.980209 -159.984756
923 53.792343 122.234009 -159.309723
924 54.495499 122.932495 -159.309723
925 53.089172 124.329453 -158.634674
926 52.561798 123.107117 -159.815994
927 54.319717 122.408630 -159.140961
928 52.561798 124.853317 -159.815994
929 53.968124 124.154831 -160.491043
930 53.616547 122.757874 -159.478470
931 52.913376 124.504074 -159.478470
932 53.616547 123.107117 -159.478470
933 52.561798 122.757874 -158.465912
934 53.089172 122.583252 -159.309723
935 53.264969 122.408630 -159.815994
936 53.792343 123.980209 -160.322281
937 52.913376 123.107117 -159.140961
938 53.968124 123.107117 -159.140961
939 55.022888 124.504074 -160.153519
940 53.968124 123.805588 -159.815994
941 52.913376 124.504074 -158.128387
942 54.319717 123.805588 -159.140961
943 52.561798 123.805588 -158.465912
944 53.264969 123.107117 -158.803436
945 51.682831 123.980209 -158.972198
946 53.616547 123.107117 -159.815994
947 53.264969 123.805588 -159.478470
948 54.671295 124.154831 -158.803436
949 55.198669 123.980209 -159.647232
950 53.089172 123.980209 -159.309723
951 54.143921 124.329453 -160.322281
952 51.858627 123.456360 -159.140961
953 52.386002 123.630981 -160.997314
954 53.440750 122.583252 -158.634674
955 54.847092 123.630981 -159.309723
956 53.089172 122.583252 -158.634674
957 54.495499 123.281738 -158.972198
958 53.440750 123.630981 -158.297150
959 53.264969 123.107117 -158.803436
960 53.440750 122.932495 -159.309723
961 53.264969 124.853317 -157.790878
962 53.616547 124.154831 -158.803436
963 54.143921 124.678696 -159.984756
964 54.143921 125.027939 -157.959641
965 53.089172 122.583252 -159.309723
966 55.022888 123.107117 -160.153519
967 53.616547 124.853317 -159.815994
968 53.264969 124.154831 -158.803436
969 53.616547 123.456360 -158.128387
970 53.089172 123.630981 -159.984756
971 54.495499 123.980209 -160.322281
972 53.440750 123.630981 -158.972198
973 53.264969 123.456360 -159.478470
974 53.264969 123.107117 -159.140961
975 53.440750 124.329453 -159.309723
976 55.022888 123.456360 -158.803436
977 54.319717 122.757874 -158.803436
978 53.616547 123.805588 -159.478470
979 52.737579 123.630981 -158.972198
980 53.968124 123.805588 -158.465912
981 54.671295 122.757874 -158.803436
982 54.143921 123.281738 -159.984756
983 53.968124 122.757874 -159.140961
984 53.792343 123.281738 -159.647232
985 53.089172 124.329453 -158.972198
986 54.143921 124.329453 -158.972198
987 53.089172 123.630981 -158.972198
988 52.210205 124.853317 -159.140961
989 53.792343 122.583252 -158.634674
990 54.143921 122.932495 -159.309723
991 53.616547 123.456360 -158.803436
992 52.210205 122.757874 -159.478470
993 53.440750 123.980209 -158.634674
994 52.913376 122.757874 -158.803436
995 52.913376 122.059402 -160.153519
996 53.792343 122.583252 -160.659805
997 53.616547 124.154831 -157.790878
998 53.264969 122.408630 -159.478470
999 53.440750 123.281738 -158.297150
1000 52.386002 123.630981 -160.322281
1001 53.440750 123.630981 -159.309723
1002 53.792343 122.932495 -159.647232
1003 52.913376 124.154831 -158.803436
1004 53.264969 123.107117 -159.815994
1005 53.440750 123.281738 -158.972198
1006 54.319717 124.154831 -158.465912
1007 52.913376 123.107117 -158.803436
1008 53.616547 123.107117 -159.815994
1009 53.440750 123.630981 -160.322281
1010 53.792343 123.281738 -159.309723
1011 54.495499 123.980209 -158.972198
1012 53.616547 124.504074 -158.803436
1013 51.858627 122.757874 -159.140961
1014 54.847092 123.980209 -158.634674
1015 53.616547 123.107117 -159.140961
1016 52.210205 123.456360 -159.478470
1017 53.792343 123.980209 -159.984756
1018 53.264969 123.107117 -158.803436
1019 54.671295 123.107117 -158.803436
1020 52.210205 124.504074 -159.815994
1021 53.968124 123.107117 -158.803436
1022 52.737579 123.630981 -159.984756
1023 52.561798 122.757874 -158.803436
1024 53.440750 123.630981 -160.322281
1025 53.264969 123.456360 -160.828552
1026 52.913376 123.805588 -158.803436
1027 54.143921 123.980209 -158.972198
1028 52.913376 123.456360 -159.815994
1029 53.264969 122.757874 -158.465912
1030 53.792343 122.583252 -158.634674
1031 53.968124 123.805588 -160.153519
1032 53.968124 123.456360 -158.128387
1033 52.737579 122.932495 -157.959641
1034 52.737579 122.932495 -157.959641
1035 54.143921 123.281738 -159.309723
1036 53.616547 124.154831 -158.465912
1037 55.726044 124.504074 -158.465912
1038 53.264969 122.757874 -158.803436
1039 53.968124 123.805588 -159.140961
1040 53.792343 125.377182 -159.984756
1041 54.143921 123.630981 -159.984756
1042 52.561798 123.805588 -160.491043
1043 53.440750 122.932495 -158.972198
1044 52.561798 123.107117 -159.478470
1045 54.143921 123.630981 -159.984756
1046 53.792343 122.932495 -159.647232
1047 52.737579 122.234009 -159.647232
