1 45.705902 117.693893 -144.796326
2 46.409073 117.344650 -144.121292
3 46.233276 115.773071 -143.952530
4 47.463821 119.090851 -144.121292
5 46.760666 117.344650 -145.471375
6 46.760666 116.646179 -144.458817
7 46.057495 116.646179 -144.121292
8 44.826950 116.122314 -144.290054
9 47.815414 117.344650 -143.446243
10 46.936447 117.868515 -143.277481
11 46.760666 118.043137 -142.771210
12 45.178528 116.471558 -142.939972
13 47.288040 117.170029 -142.939972
14 46.936447 115.074600 -142.939972
15 47.463821 116.646179 -145.133850
16 47.288040 116.820801 -143.952530
17 46.584869 117.519272 -142.602448
18 47.463821 115.947693 -144.458817
19 46.057495 118.392380 -143.446243
20 46.760666 115.947693 -144.121292
21 47.639618 116.471558 -142.602448
22 47.288040 116.471558 -143.615005
23 46.936447 116.471558 -142.264923
24 46.057495 116.995407 -143.446243
25 46.057495 116.296936 -143.783768
26 46.057495 116.296936 -143.783768
27 47.991196 117.519272 -144.627563
28 45.354324 115.598450 -143.783768
29 46.760666 117.344650 -144.458817
30 47.288040 116.122314 -142.939972
31 46.409073 116.296936 -144.458817
32 45.881699 116.820801 -143.615005
33 45.705902 115.947693 -144.796326
34 45.705902 116.646179 -142.771210
35 47.112244 117.344650 -144.796326
36 47.288040 117.170029 -143.615005
37 45.530121 116.122314 -143.277481
38 47.112244 117.693893 -143.783768
39 47.639618 115.773071 -144.965088
40 47.639618 117.519272 -143.952530
41 47.639618 117.519272 -143.952530
42 47.463821 115.947693 -143.783768
43 46.057495 117.693893 -143.783768
44 46.233276 117.868515 -142.602448
45 46.057495 115.947693 -143.446243
46 45.705902 116.646179 -143.783768
47 47.639618 116.820801 -143.615005
48 48.342789 116.471558 -142.939972
49 45.881699 116.471558 -142.939972
50 46.409073 116.296936 -143.108734
51 46.936447 117.170029 -143.277481
52 46.233276 116.820801 -143.952530
53 46.233276 117.519272 -142.264923
54 46.760666 116.646179 -145.133850
55 46.409073 115.598450 -144.121292
56 45.705902 115.598450 -143.446243
57 46.936447 116.471558 -143.615005
58 46.584869 116.820801 -142.602448
59 46.584869 117.170029 -142.264923
60 45.354324 116.646179 -143.446243
61 46.936447 115.423828 -143.615005
62 47.991196 115.423828 -144.627563
63 47.112244 116.296936 -143.446243
64 47.112244 116.995407 -143.446243
65 46.057495 117.344650 -142.771210
66 47.112244 117.344650 -144.458817
67 46.233276 115.773071 -143.952530
68 47.639618 116.471558 -143.277481
69 46.233276 117.519272 -142.939972
70 46.233276 115.773071 -144.627563
71 46.409073 115.598450 -143.783768
72 45.002747 116.296936 -144.121292
73 46.409073 115.947693 -144.121292
74 45.002747 115.598450 -143.108734
75 45.354324 118.392380 -143.446243
76 48.870163 116.646179 -144.121292
77 47.288040 116.471558 -143.952530
78 47.815414 115.249207 -143.783768
79 46.233276 116.820801 -143.615005
80 46.584869 116.122314 -142.602448
81 46.057495 116.995407 -142.433685
82 46.584869 115.773071 -143.952530
83 46.409073 116.995407 -144.121292
84 46.760666 115.947693 -143.446243
85 47.463821 116.646179 -142.771210
86 45.705902 117.344650 -143.108734
87 46.409073 117.693893 -143.108734
88 46.057495 117.693893 -143.108734
89 46.233276 117.519272 -143.952530
90 46.409073 117.693893 -143.108734
91 46.409073 116.646179 -143.783768
92 47.288040 117.170029 -143.615005
93 45.354324 118.741608 -144.458817
94 46.760666 117.344650 -142.433685
95 45.530121 119.265472 -143.952530
96 45.881699 117.170029 -143.952530
97 46.760666 116.995407 -144.121292
98 46.936447 116.471558 -144.627563
99 46.057495 116.296936 -144.458817
100 47.815414 115.598450 -144.121292
101 46.057495 116.646179 -143.783768
102 46.057495 115.947693 -142.433685
103 44.826950 116.820801 -143.952530
104 46.936447 116.122314 -143.277481
105 45.178528 116.122314 -142.602448
106 46.233276 117.519272 -143.615005
107 46.760666 115.598450 -143.783768
108 46.409073 116.646179 -143.108734
109 46.233276 116.471558 -144.965088
110 46.057495 116.296936 -143.446243
111 47.639618 115.773071 -142.939972
112 47.639618 116.471558 -142.939972
113 46.233276 116.820801 -143.615005
114 44.826950 116.820801 -144.627563
115 45.178528 117.170029 -142.939972
116 47.463821 116.646179 -143.108734
117 45.705902 115.947693 -143.446243
118 45.354324 116.995407 -143.783768
119 46.233276 117.170029 -143.952530
120 45.705902 117.693893 -143.108734
121 46.760666 118.043137 -143.783768
122 45.002747 116.995407 -143.446243
123 45.881699 117.868515 -143.615005
124 45.705902 116.995407 -143.446243
125 47.288040 115.423828 -143.952530
126 45.705902 117.344650 -144.458817
127 46.409073 115.947693 -143.783768
128 46.233276 116.471558 -143.615005
129 46.936447 117.868515 -143.615005
130 45.002747 116.296936 -143.783768
131 47.639618 117.170029 -143.615005
132 46.233276 117.519272 -142.602448
133 46.409073 117.344650 -143.108734
134 45.881699 116.122314 -143.277481
135 47.112244 115.598450 -143.108734
136 46.409073 116.296936 -144.121292
137 47.463821 117.693893 -143.783768
138 46.233276 115.423828 -143.952530
139 45.705902 116.995407 -144.121292
140 46.760666 116.646179 -144.121292
141 47.288040 116.820801 -143.615005
142 45.354324 116.995407 -143.783768
143 48.342789 117.868515 -142.939972
144 45.705902 116.995407 -143.108734
145 46.584869 116.471558 -143.615005
146 45.881699 117.170029 -143.952530
147 47.112244 115.598450 -143.108734
148 46.409073 116.296936 -144.796326
149 46.936447 116.820801 -144.290054
150 47.288040 118.217758 -143.615005
151 47.112244 115.947693 -144.121292
152 46.409073 117.344650 -144.796326
153 46.760666 116.995407 -143.108734
154 47.815414 117.693893 -143.783768
155 46.233276 117.519272 -144.290054
156 45.881699 117.170029 -144.627563
157 46.760666 116.296936 -144.121292
158 46.409073 117.344650 -143.783768
159 45.530121 116.820801 -143.277481
160 46.936447 116.820801 -144.627563
161 47.112244 116.646179 -143.783768
162 46.584869 117.170029 -143.615005
163 46.584869 117.868515 -142.939972
164 46.057495 116.995407 -142.096161
165 45.705902 116.646179 -143.446243
166 46.760666 115.598450 -142.771210
167 47.288040 116.471558 -142.939972
168 46.409073 116.646179 -143.783768
169 46.760666 115.947693 -145.471375
170 46.409073 115.947693 -144.121292
171 46.409073 116.646179 -142.433685
172 46.057495 116.995407 -143.446243
173 46.936447 117.170029 -143.615005
174 46.409073 117.344650 -142.771210
175 47.639618 115.423828 -143.615005
176 47.288040 116.820801 -144.290054
177 45.881699 118.217758 -143.952530
178 47.463821 116.646179 -143.446243
179 47.639618 117.519272 -144.627563
180 45.178528 116.471558 -142.939972
181 46.760666 116.995407 -142.771210
182 46.409073 118.043137 -144.121292
183 46.409073 116.296936 -143.783768
184 46.584869 116.820801 -144.290054
185 46.409073 117.693893 -143.108734
186 47.112244 118.043137 -143.108734
187 46.936447 116.820801 -143.952530
188 45.881699 116.471558 -143.277481
189 46.584869 115.773071 -143.615005
190 46.057495 116.646179 -143.783768
191 46.057495 117.344650 -143.108734
192 46.409073 115.947693 -143.108734
193 46.584869 116.122314 -143.952530
194 46.057495 116.995407 -143.783768
195 46.233276 116.820801 -144.627563
196 47.112244 115.947693 -143.446243
197 46.409073 115.249207 -143.446243
198 46.233276 115.074600 -143.952530
199 47.639618 117.868515 -143.277481
200 46.584869 116.122314 -143.615005
201 47.463821 117.693893 -143.446243
202 45.354324 116.646179 -143.783768
203 46.409073 116.646179 -144.458817
204 46.760666 117.693893 -143.783768
205 47.463821 116.296936 -143.108734
206 47.288040 116.471558 -143.952530
207 46.936447 115.773071 -143.277481
208 45.705902 117.344650 -143.783768
209 45.530121 116.820801 -143.277481
210 47.288040 116.820801 -144.627563
211 46.584869 115.423828 -144.290054
212 46.233276 115.773071 -143.615005
213 45.178528 116.122314 -144.290054
214 46.233276 116.471558 -143.277481
215 46.409073 116.296936 -145.133850
216 45.881699 115.074600 -143.615005
217 47.991196 117.519272 -141.589890
218 45.705902 118.043137 -143.108734
219 46.233276 116.122314 -144.627563
220 46.057495 115.947693 -144.121292
221 47.112244 115.947693 -144.796326
222 46.760666 116.296936 -144.458817
223 46.584869 116.122314 -144.627563
224 45.881699 117.519272 -144.290054
225 46.409073 115.249207 -143.783768
226 47.463821 117.344650 -142.771210
227 45.530121 116.471558 -142.939972
228 46.584869 116.122314 -143.615005
229 46.936447 117.519272 -143.615005
230 46.760666 115.249207 -142.433685
231 47.991196 116.471558 -142.602448
232 46.760666 117.344650 -143.783768
233 46.936447 115.773071 -143.615005
234 46.936447 116.471558 -142.939972
235 47.288040 115.773071 -143.277481
236 46.936447 116.471558 -143.277481
237 46.584869 117.519272 -142.939972
238 47.463821 115.598450 -144.121292
239 46.584869 116.122314 -144.290054
240 45.881699 116.122314 -143.277481
241 47.639618 117.170029 -143.277481
242 46.057495 118.043137 -144.121292
243 46.936447 115.423828 -143.952530
244 46.584869 116.122314 -143.615005
245 46.760666 116.995407 -144.121292
246 46.409073 115.947693 -143.783768
247 45.178528 116.820801 -143.952530
248 46.584869 116.820801 -144.627563
249 46.760666 118.043137 -142.771210
250 45.530121 115.773071 -143.615005
251 46.409073 115.249207 -143.446243
252 46.936447 118.217758 -143.277481
253 46.409073 116.296936 -144.458817
254 48.342789 117.519272 -144.290054
255 45.881699 116.471558 -143.952530
256 46.936447 116.471558 -143.952530
257 46.936447 117.170029 -142.602448
258 45.354324 116.995407 -143.783768
259 47.639618 115.423828 -144.627563
260 47.112244 116.646179 -144.121292
261 47.112244 116.296936 -145.133850
262 47.288040 116.122314 -142.602448
263 46.233276 116.820801 -143.615005
264 45.178528 115.773071 -143.615005
265 45.354324 116.646179 -143.446243
266 46.760666 118.392380 -144.458817
267 47.288040 118.567001 -144.290054
268 47.815414 117.344650 -142.433685
269 46.760666 116.995407 -143.108734
270 47.815414 116.296936 -143.108734
271 46.584869 117.868515 -144.627563
272 46.409073 116.296936 -143.108734
273 46.057495 117.693893 -142.433685
274 47.288040 115.773071 -142.939972
275 46.409073 117.344650 -144.458817
276 45.354324 116.995407 -143.783768
277 45.354324 116.646179 -144.796326
278 47.288040 116.820801 -144.627563
279 46.409073 115.598450 -143.446243
280 48.342789 118.217758 -143.952530
281 46.936447 116.820801 -143.952530
282 46.233276 116.820801 -143.277481
283 47.463821 116.646179 -143.108734
284 46.760666 115.947693 -143.108734
285 45.881699 116.471558 -143.615005
286 47.112244 116.995407 -142.771210
287 47.288040 117.519272 -144.290054
288 46.057495 116.646179 -144.458817
289 47.991196 117.170029 -143.277481
290 47.112244 117.344650 -143.108734
291 47.991196 116.122314 -143.952530
292 46.233276 116.471558 -144.290054
293 46.936447 115.423828 -143.952530
294 46.760666 116.646179 -143.783768
295 46.936447 117.868515 -143.615005
296 46.409073 116.646179 -143.108734
297 44.826950 116.471558 -143.615005
298 46.233276 116.122314 -144.290054
299 46.936447 115.423828 -142.939972
300 46.584869 115.773071 -144.290054
301 46.760666 118.043137 -145.133850
302 47.288040 117.868515 -144.627563
303 46.760666 117.693893 -143.108734
304 46.936447 117.170029 -144.965088
305 45.530121 115.074600 -143.615005
306 46.584869 117.868515 -142.602448
307 47.991196 117.868515 -143.615005
308 46.936447 116.820801 -145.640137
309 47.463821 116.296936 -143.783768
310 46.936447 116.471558 -142.939972
311 46.233276 117.170029 -143.277481
312 46.057495 115.947693 -142.433685
313 45.705902 116.296936 -143.783768
314 46.409073 116.995407 -143.783768
315 46.057495 116.296936 -144.121292
316 45.881699 116.471558 -143.277481
317 45.354324 117.344650 -144.796326
318 47.288040 117.519272 -143.615005
319 45.002747 118.043137 -142.096161
320 46.409073 115.947693 -143.446243
321 46.057495 117.344650 -143.446243
322 46.584869 116.820801 -143.277481
323 47.288040 115.773071 -143.615005
324 46.760666 117.693893 -141.758652
325 45.881699 116.820801 -143.277481
326 46.936447 116.820801 -144.627563
327 46.409073 116.646179 -143.446243
328 45.881699 118.217758 -143.277481
329 44.826950 116.122314 -143.952530
330 46.057495 116.646179 -144.796326
331 46.584869 116.820801 -144.290054
332 46.760666 116.995407 -143.108734
333 45.881699 116.820801 -143.952530
334 46.760666 117.344650 -142.433685
335 45.354324 116.646179 -144.121292
336 46.233276 116.820801 -143.277481
337 47.815414 117.344650 -143.446243
338 45.354324 117.344650 -143.783768
339 46.409073 117.693893 -142.433685
340 48.166992 115.598450 -143.783768
341 46.584869 116.122314 -143.615005
342 45.881699 116.820801 -143.952530
343 46.936447 117.170029 -142.602448
344 46.760666 116.995407 -143.783768
345 46.233276 116.471558 -144.290054
346 46.584869 117.170029 -144.290054
347 46.584869 115.773071 -143.952530
348 46.584869 117.170029 -143.952530
349 46.233276 116.471558 -144.627563
350 46.936447 117.170029 -142.264923
351 46.057495 115.947693 -144.121292
352 46.057495 116.646179 -144.121292
353 46.584869 117.170029 -143.615005
354 46.584869 114.725357 -141.589890
355 45.354324 114.899979 -143.446243
356 46.584869 117.170029 -143.277481
357 47.288040 114.725357 -143.277481
358 46.584869 115.773071 -143.952530
359 45.354324 117.344650 -143.783768
360 45.881699 116.471558 -143.952530
361 46.936447 118.217758 -143.277481
362 46.057495 117.344650 -144.458817
363 46.409073 117.344650 -142.771210
364 45.881699 116.820801 -143.277481
365 45.178528 117.170029 -143.952530
366 46.584869 117.868515 -143.277481
367 46.760666 116.995407 -143.783768
368 46.760666 116.296936 -143.783768
369 45.705902 115.249207 -143.108734
370 47.463821 116.995407 -143.446243
371 47.639618 116.122314 -142.602448
372 46.057495 115.947693 -143.446243
373 47.112244 116.995407 -143.108734
374 46.233276 116.122314 -144.290054
375 45.881699 117.519272 -144.627563
376 46.233276 116.820801 -145.302612
377 46.584869 116.471558 -144.290054
378 46.233276 116.471558 -143.277481
379 47.112244 115.598450 -144.458817
380 47.112244 117.693893 -143.783768
381 47.463821 116.995407 -142.771210
382 47.288040 116.471558 -144.290054
383 45.178528 116.122314 -144.290054
384 46.057495 116.646179 -144.796326
385 45.002747 116.995407 -142.433685
386 45.881699 116.122314 -144.290054
387 47.815414 115.598450 -144.458817
388 46.233276 116.820801 -142.602448
389 47.112244 116.995407 -142.433685
390 46.233276 116.122314 -143.277481
391 46.057495 117.344650 -143.446243
392 46.057495 116.995407 -143.783768
393 46.760666 116.646179 -143.783768
394 46.409073 116.995407 -144.458817
395 46.936447 116.820801 -143.277481
396 45.705902 117.693893 -144.121292
397 47.288040 116.820801 -143.277481
398 46.936447 118.217758 -142.264923
399 45.881699 117.170029 -143.615005
400 47.463821 117.693893 -142.771210
401 46.584869 117.170029 -144.965088
402 47.112244 116.296936 -144.121292
403 46.057495 117.344650 -143.783768
404 46.936447 116.471558 -143.277481
405 46.057495 116.646179 -143.446243
406 47.288040 117.868515 -143.277481
407 44.651154 115.947693 -144.121292
408 46.057495 117.344650 -143.446243
409 47.639618 115.773071 -143.952530
410 47.991196 116.820801 -143.615005
411 47.463821 118.043137 -143.783768
412 47.288040 116.471558 -143.277481
413 45.354324 116.995407 -144.121292
414 45.002747 116.995407 -144.458817
415 47.463821 115.947693 -143.108734
416 45.530121 116.820801 -144.290054
417 46.233276 116.820801 -142.939972
418 47.463821 115.598450 -143.446243
419 46.233276 116.122314 -142.602448
420 45.354324 117.344650 -142.771210
421 48.166992 116.296936 -143.446243
422 46.760666 117.344650 -144.458817
423 46.057495 116.296936 -144.458817
424 46.760666 116.296936 -142.433685
425 47.288040 117.170029 -143.277481
426 46.936447 117.519272 -142.264923
427 46.233276 117.519272 -142.602448
428 46.936447 116.820801 -143.952530
429 46.409073 115.249207 -143.783768
430 46.584869 117.170029 -143.615005
431 48.518585 115.598450 -143.446243
432 47.112244 116.296936 -142.771210
433 46.057495 117.344650 -143.446243
434 46.584869 118.217758 -143.952530
435 46.233276 116.471558 -143.277481
436 47.815414 117.693893 -144.796326
437 45.881699 115.773071 -144.965088
438 45.881699 116.820801 -143.277481
439 46.057495 116.296936 -144.121292
440 47.288040 117.170029 -144.290054
441 46.760666 116.296936 -143.108734
442 46.760666 116.646179 -143.446243
443 47.991196 117.170029 -142.939972
444 45.354324 118.741608 -145.133850
445 46.409073 116.646179 -143.446243
446 47.288040 117.519272 -143.615005
447 45.530121 116.820801 -144.627563
448 47.463821 116.646179 -143.446243
449 47.112244 115.947693 -143.446243
450 45.530121 116.471558 -144.627563
451 45.530121 116.820801 -143.277481
452 45.530121 117.170029 -144.290054
453 46.409073 116.646179 -143.783768
454 46.233276 116.122314 -143.952530
455 47.112244 116.646179 -144.121292
456 46.584869 116.122314 -144.290054
457 47.639618 117.868515 -144.965088
458 47.112244 116.995407 -144.796326
459 46.760666 115.947693 -144.796326
460 46.584869 116.471558 -143.952530
461 45.530121 116.820801 -144.290054
462 46.584869 116.820801 -143.952530
463 47.112244 117.344650 -143.783768
464 47.112244 118.043137 -143.446243
465 46.760666 115.947693 -144.121292
466 46.584869 117.519272 -144.965088
467 45.881699 116.820801 -142.939972
468 45.530121 117.170029 -143.952530
469 46.760666 117.693893 -143.783768
470 46.936447 117.170029 -142.939972
471 46.233276 117.868515 -142.939972
472 47.112244 116.646179 -144.458817
473 45.881699 117.519272 -142.939972
474 48.166992 117.693893 -142.771210
475 46.057495 116.646179 -144.458817
476 46.233276 116.471558 -143.952530
477 44.826950 115.773071 -143.615005
478 46.233276 117.868515 -143.615005
479 47.288040 116.471558 -143.277481
480 45.705902 115.947693 -143.446243
481 45.530121 116.820801 -145.302612
482 44.826950 117.519272 -143.952530
483 44.651154 118.043137 -143.783768
484 47.463821 116.646179 -143.783768
485 45.881699 116.820801 -143.952530
486 47.288040 117.170029 -144.290054
487 46.233276 117.519272 -143.277481
488 46.233276 115.074600 -143.952530
489 46.584869 116.471558 -143.277481
490 47.112244 116.296936 -142.771210
491 47.112244 117.344650 -144.458817
492 47.112244 115.947693 -144.458817
493 46.233276 118.567001 -143.615005
494 48.518585 115.947693 -144.121292
495 47.815414 116.995407 -144.458817
496 45.354324 115.947693 -143.783768
497 46.760666 117.693893 -142.771210
498 47.288040 116.122314 -142.939972
499 45.881699 114.725357 -143.952530
500 45.002747 117.693893 -143.446243
501 47.815414 115.947693 -143.446243
502 45.881699 117.868515 -143.615005
503 45.178528 117.170029 -144.965088
504 46.760666 116.646179 -144.796326
505 46.584869 117.170029 -144.965088
506 45.881699 116.471558 -144.965088
507 46.057495 115.249207 -144.458817
508 46.057495 115.598450 -144.458817
509 46.057495 117.693893 -143.108734
510 44.826950 116.471558 -143.952530
511 46.760666 115.598450 -143.783768
512 47.288040 116.471558 -143.952530
513 45.178528 116.471558 -143.615005
514 46.584869 115.423828 -143.277481
515 47.991196 115.773071 -144.290054
516 46.760666 116.646179 -143.108734
517 45.354324 115.598450 -144.796326
518 46.760666 116.995407 -144.458817
519 47.815414 118.392380 -144.121292
520 46.233276 116.471558 -143.952530
521 47.288040 117.170029 -143.277481
522 46.057495 115.947693 -144.121292
523 46.936447 117.170029 -144.965088
524 46.409073 115.598450 -142.771210
525 47.112244 118.043137 -143.446243
526 46.409073 118.043137 -144.796326
527 48.342789 116.122314 -143.615005
528 47.639618 117.519272 -144.290054
529 46.233276 117.519272 -145.302612
530 46.057495 118.741608 -143.446243
531 46.584869 116.820801 -144.290054
532 46.057495 116.646179 -143.446243
533 45.881699 117.868515 -144.290054
534 46.409073 117.344650 -143.783768
535 46.057495 117.344650 -144.121292
536 44.651154 115.249207 -143.783768
537 47.288040 117.519272 -143.952530
538 46.409073 115.947693 -144.121292
539 47.112244 117.693893 -144.121292
540 47.288040 117.519272 -143.277481
541 45.354324 116.296936 -143.446243
542 46.057495 115.598450 -144.796326
543 47.288040 116.820801 -143.277481
544 46.409073 117.344650 -144.458817
545 44.651154 116.995407 -144.458817
546 45.705902 114.899979 -143.446243
547 47.288040 118.217758 -144.965088
548 46.936447 115.423828 -144.290054
549 45.530121 117.170029 -142.939972
550 45.881699 116.820801 -143.277481
551 46.233276 117.519272 -143.615005
552 47.112244 116.646179 -143.108734
553 46.760666 116.995407 -143.783768
554 47.112244 116.995407 -143.783768
555 46.233276 115.423828 -143.277481
556 45.705902 117.693893 -143.108734
557 47.815414 116.296936 -143.108734
558 46.584869 117.519272 -144.290054
559 45.705902 117.344650 -145.133850
560 46.584869 115.773071 -144.290054
561 46.233276 117.170029 -144.290054
562 45.881699 116.471558 -144.965088
563 46.057495 116.995407 -143.446243
564 45.178528 117.170029 -143.615005
565 45.178528 116.122314 -144.290054
566 47.288040 117.519272 -143.952530
567 45.881699 116.820801 -143.952530
568 47.463821 115.947693 -144.458817
569 46.233276 117.170029 -143.615005
570 46.760666 116.995407 -143.783768
571 44.651154 117.344650 -144.121292
572 46.409073 116.646179 -143.446243
573 45.354324 116.995407 -143.783768
574 47.112244 115.249207 -144.458817
575 46.057495 117.344650 -142.433685
576 46.057495 115.947693 -143.446243
577 46.584869 116.471558 -143.615005
578 46.233276 115.074600 -143.952530
579 46.760666 116.995407 -145.133850
580 46.760666 116.646179 -143.446243
581 45.705902 116.646179 -143.446243
582 46.409073 115.249207 -144.458817
583 47.112244 116.646179 -144.121292
584 45.881699 117.170029 -143.615005
585 44.826950 117.170029 -143.952530
586 46.057495 116.646179 -142.771210
587 47.815414 118.043137 -142.433685
588 47.288040 116.820801 -143.952530
589 47.112244 116.296936 -143.446243
590 44.826950 115.074600 -143.615005
591 45.530121 116.820801 -143.615005
592 45.881699 117.868515 -145.302612
593 47.112244 116.995407 -144.796326
594 47.112244 116.646179 -143.108734
595 46.936447 116.122314 -144.290054
596 46.057495 116.646179 -143.108734
597 46.233276 116.820801 -144.627563
598 47.991196 115.773071 -142.939972
599 46.760666 116.646179 -143.783768
600 46.936447 116.122314 -143.615005
601 47.112244 116.646179 -143.108734
602 47.815414 116.296936 -144.121292
603 46.760666 116.646179 -143.783768
604 46.760666 115.598450 -143.446243
605 45.881699 116.122314 -144.627563
606 45.178528 116.471558 -141.927399
607 46.057495 116.995407 -144.458817
608 45.002747 116.646179 -142.771210
609 45.881699 116.471558 -144.965088
610 47.112244 116.995407 -143.108734
611 45.002747 117.693893 -142.771210
612 45.530121 117.170029 -143.952530
613 47.463821 115.249207 -144.796326
614 46.760666 117.344650 -144.458817
615 45.881699 117.170029 -144.965088
616 46.936447 117.868515 -143.615005
617 45.178528 116.471558 -143.952530
618 45.002747 116.995407 -143.446243
619 46.409073 116.995407 -143.783768
620 47.639618 117.868515 -143.615005
621 45.705902 115.947693 -142.433685
622 45.178528 116.471558 -143.615005
623 46.409073 115.598450 -143.783768
624 46.057495 116.995407 -142.096161
625 46.584869 116.471558 -143.952530
626 46.936447 117.170029 -142.939972
627 47.288040 117.170029 -144.290054
628 46.936447 116.820801 -143.952530
629 46.057495 118.043137 -144.121292
630 47.112244 117.693893 -143.446243
631 47.463821 116.646179 -144.458817
632 46.584869 116.471558 -143.277481
633 47.288040 115.773071 -143.615005
634 46.936447 115.423828 -142.602448
635 45.354324 116.646179 -143.783768
636 47.991196 116.122314 -144.627563
637 47.463821 116.995407 -145.471375
638 47.112244 116.995407 -142.771210
639 46.760666 117.344650 -144.121292
640 45.881699 117.868515 -144.290054
641 45.881699 116.471558 -142.939972
642 45.881699 117.170029 -143.615005
643 46.760666 115.249207 -144.796326
644 47.639618 117.868515 -142.939972
645 47.288040 115.773071 -143.952530
646 46.584869 117.170029 -143.952530
647 45.530121 116.122314 -143.615005
648 46.760666 116.296936 -144.458817
649 45.881699 116.122314 -143.615005
650 46.760666 117.693893 -144.796326
651 46.936447 116.820801 -145.302612
652 47.288040 116.471558 -143.952530
653 46.057495 117.693893 -143.783768
654 45.705902 117.344650 -144.121292
655 46.409073 115.598450 -143.783768
656 45.881699 116.471558 -144.627563
657 47.288040 118.217758 -143.277481
658 46.409073 116.995407 -143.783768
659 45.705902 116.296936 -143.446243
660 46.584869 115.773071 -144.627563
661 45.354324 116.296936 -143.783768
662 47.112244 115.947693 -143.783768
663 45.530121 116.471558 -143.952530
664 45.881699 117.170029 -142.264923
665 46.936447 116.122314 -143.277481
666 45.530121 116.122314 -143.615005
667 46.936447 118.217758 -143.277481
668 46.584869 116.471558 -144.290054
669 46.409073 115.947693 -143.108734
670 46.409073 117.344650 -143.446243
671 45.530121 116.122314 -142.264923
672 47.288040 117.519272 -143.615005
673 46.584869 116.122314 -143.952530
674 46.233276 117.519272 -143.615005
675 47.463821 116.296936 -143.783768
676 45.881699 116.122314 -142.939972
677 47.639618 117.868515 -143.952530
678 46.233276 117.170029 -143.952530
679 46.760666 117.693893 -145.133850
680 47.991196 117.170029 -144.290054
681 46.233276 116.471558 -142.939972
682 45.705902 116.296936 -143.108734
683 46.057495 117.693893 -146.146408
684 43.772202 116.820801 -143.277481
685 45.530121 116.471558 -143.615005
686 46.584869 116.820801 -144.290054
687 46.233276 116.471558 -143.615005
688 46.409073 117.344650 -143.446243
689 47.815414 117.693893 -143.446243
690 47.639618 116.122314 -144.627563
691 46.584869 115.773071 -143.615005
692 46.233276 116.820801 -144.627563
693 46.233276 116.820801 -143.615005
694 45.881699 116.820801 -142.939972
695 45.530121 116.471558 -145.640137
696 47.288040 115.423828 -142.939972
697 46.936447 118.217758 -143.615005
698 47.639618 116.820801 -142.939972
699 46.584869 116.820801 -144.627563
700 47.112244 116.995407 -144.796326
701 46.760666 117.693893 -143.783768
702 47.288040 116.820801 -143.952530
703 47.463821 116.995407 -143.783768
704 45.705902 115.598450 -144.121292
705 45.354324 117.344650 -144.458817
706 47.463821 117.693893 -144.121292
707 47.463821 115.249207 -143.446243
708 46.584869 116.471558 -142.939972
709 47.991196 117.868515 -143.952530
710 47.288040 116.122314 -143.615005
711 46.584869 116.471558 -142.939972
712 44.475357 117.519272 -143.615005
713 46.584869 117.519272 -143.615005
714 47.288040 115.773071 -143.952530
715 47.112244 117.693893 -144.796326
716 45.178528 116.820801 -143.277481
717 46.233276 116.122314 -144.290054
718 46.936447 116.471558 -143.615005
719 47.112244 115.947693 -144.796326
720 46.760666 118.043137 -144.121292
721 46.936447 115.423828 -143.952530
722 46.233276 116.122314 -144.965088
723 47.463821 116.646179 -143.783768
724 46.584869 117.519272 -142.602448
725 47.463821 116.995407 -145.133850
726 46.409073 116.995407 -143.108734
727 46.584869 116.122314 -143.615005
728 47.815414 116.646179 -144.121292
729 46.409073 116.646179 -144.121292
730 46.057495 116.646179 -143.783768
731 46.409073 115.598450 -142.771210
732 47.112244 115.947693 -143.783768
733 46.760666 117.693893 -144.458817
734 47.112244 117.344650 -143.783768
735 45.705902 117.344650 -144.458817
736 45.705902 115.249207 -143.783768
737 47.815414 117.344650 -142.096161
738 46.409073 116.296936 -144.121292
739 46.760666 118.741608 -144.458817
740 47.112244 116.995407 -143.446243
741 48.518585 116.995407 -144.121292
742 46.057495 117.344650 -143.446243
743 46.057495 116.296936 -144.796326
744 45.178528 116.122314 -143.277481
745 47.288040 116.122314 -144.290054
746 46.057495 116.646179 -143.446243
747 47.815414 117.344650 -143.446243
748 46.233276 117.519272 -144.627563
749 45.881699 118.567001 -145.640137
750 46.409073 116.296936 -143.446243
751 46.584869 116.820801 -141.927399
752 47.288040 116.471558 -143.277481
753 47.815414 118.043137 -144.458817
754 45.705902 117.693893 -143.783768
755 45.881699 116.820801 -143.615005
756 46.936447 116.122314 -143.615005
757 46.057495 117.344650 -145.471375
758 46.760666 116.995407 -144.121292
759 46.760666 115.598450 -143.446243
760 46.057495 115.947693 -144.121292
761 46.233276 116.471558 -142.939972
762 45.354324 116.296936 -143.108734
763 46.584869 118.217758 -144.290054
764 47.288040 116.471558 -144.627563
765 45.881699 117.519272 -143.952530
766 46.936447 117.868515 -143.277481
767 47.112244 116.646179 -144.121292
768 47.112244 115.249207 -143.446243
769 46.760666 118.392380 -142.096161
770 45.881699 115.773071 -142.939972
771 47.639618 118.916229 -143.277481
772 46.760666 116.646179 -143.783768
773 47.463821 116.995407 -143.783768
774 46.057495 114.899979 -143.108734
775 46.760666 116.646179 -143.446243
776 46.760666 115.249207 -144.458817
777 46.233276 116.471558 -143.615005
778 46.409073 116.296936 -144.458817
779 47.463821 116.646179 -143.783768
780 46.936447 116.471558 -145.640137
781 48.342789 116.471558 -143.615005
782 46.936447 116.820801 -144.627563
783 47.815414 116.995407 -142.433685
784 46.936447 116.820801 -143.615005
785 46.233276 115.074600 -144.290054
786 45.354324 117.344650 -144.458817
787 47.815414 115.598450 -143.783768
788 46.057495 115.598450 -142.433685
789 46.584869 116.820801 -144.965088
790 47.112244 117.344650 -142.771210
791 46.057495 116.646179 -143.446243
792 47.112244 116.995407 -143.783768
793 47.112244 118.043137 -144.121292
794 48.342789 117.519272 -143.277481
795 46.233276 117.868515 -143.952530
796 47.112244 116.646179 -143.108734
797 46.936447 116.820801 -143.952530
798 46.760666 114.899979 -143.783768
799 47.639618 116.122314 -144.627563
800 46.760666 116.646179 -145.133850
801 47.463821 116.296936 -143.446243
802 45.354324 117.693893 -143.783768
803 46.584869 116.471558 -143.615005
804 47.463821 116.646179 -142.096161
805 47.288040 116.471558 -143.615005
806 46.760666 115.947693 -144.796326
807 45.881699 117.170029 -143.277481
808 46.409073 116.646179 -143.783768
809 46.760666 116.646179 -143.446243
810 46.760666 115.947693 -144.458817
811 46.936447 116.122314 -142.602448
812 47.112244 117.344650 -143.108734
813 47.639618 117.519272 -142.939972
814 46.409073 116.995407 -143.446243
815 47.112244 116.646179 -143.108734
816 48.166992 118.043137 -143.108734
817 46.233276 116.820801 -144.290054
818 46.233276 115.423828 -144.627563
819 46.936447 117.519272 -143.615005
820 46.233276 117.170029 -142.264923
821 46.409073 115.947693 -144.796326
822 46.409073 117.344650 -143.446243
823 46.057495 116.646179 -143.783768
824 46.233276 116.471558 -145.640137
825 46.760666 117.344650 -144.121292
826 45.530121 118.217758 -145.302612
827 46.409073 118.043137 -142.771210
828 46.936447 115.773071 -143.615005
829 46.760666 116.296936 -143.783768
830 46.409073 116.995407 -144.458817
831 45.881699 117.170029 -143.277481
832 47.288040 116.820801 -144.290054
833 46.409073 116.296936 -142.096161
834 46.584869 117.519272 -144.290054
835 46.760666 116.646179 -144.458817
836 46.760666 115.947693 -143.783768
837 46.409073 116.296936 -144.121292
838 47.288040 117.868515 -144.290054
839 46.760666 116.296936 -143.446243
840 46.057495 117.693893 -144.121292
841 46.584869 116.820801 -143.615005
842 46.584869 118.916229 -143.952530
843 46.760666 116.995407 -144.796326
844 45.354324 117.693893 -143.108734
845 47.112244 117.344650 -144.458817
846 45.705902 116.296936 -143.446243
847 46.760666 116.296936 -143.783768
848 46.057495 118.392380 -144.796326
849 43.069031 116.122314 -142.264923
850 46.233276 117.170029 -143.277481
851 45.354324 115.598450 -143.783768
852 47.112244 117.693893 -143.783768
853 46.409073 115.947693 -143.108734
854 46.409073 116.646179 -143.783768
855 48.518585 115.598450 -144.121292
856 45.002747 116.296936 -144.121292
857 46.584869 116.471558 -142.602448
858 46.057495 116.995407 -144.121292
859 47.815414 116.646179 -143.783768
860 46.409073 117.344650 -142.771210
861 47.288040 116.471558 -142.939972
862 47.112244 116.646179 -143.783768
863 47.463821 116.296936 -143.108734
864 45.705902 117.344650 -143.783768
865 47.288040 117.170029 -143.615005
866 46.233276 116.122314 -145.302612
867 46.760666 115.598450 -144.121292
868 46.760666 116.646179 -142.433685
869 47.463821 117.344650 -144.458817
870 46.936447 117.170029 -143.277481
871 46.409073 117.344650 -144.121292
872 44.826950 116.122314 -144.965088
873 47.639618 116.122314 -142.939972
874 47.991196 115.423828 -143.277481
875 45.354324 117.344650 -143.783768
876 45.705902 117.344650 -144.121292
877 47.463821 118.392380 -145.808899
878 46.409073 116.296936 -143.446243
879 46.409073 116.995407 -144.458817
880 47.463821 117.344650 -145.133850
881 47.112244 116.296936 -144.121292
882 44.299576 116.646179 -143.108734
883 48.166992 116.646179 -144.458817
884 45.881699 115.423828 -144.290054
885 45.881699 116.820801 -143.277481
886 45.705902 117.344650 -143.783768
887 46.584869 116.820801 -143.952530
888 47.112244 116.296936 -143.446243
889 46.409073 117.693893 -144.796326
890 47.112244 116.296936 -143.783768
891 45.881699 116.122314 -144.627563
892 47.991196 116.471558 -144.965088
893 47.639618 116.471558 -142.939972
894 46.584869 117.170029 -144.290054
895 46.584869 116.820801 -143.952530
896 45.178528 117.868515 -145.977646
897 46.057495 116.296936 -144.121292
898 46.057495 116.296936 -144.458817
899 45.530121 116.471558 -143.615005
900 46.760666 116.296936 -144.121292
901 46.936447 117.170029 -143.615005
902 45.881699 115.773071 -143.952530
903 45.881699 116.122314 -143.952530
904 45.178528 115.773071 -144.290054
905 47.639618 115.773071 -144.290054
906 46.233276 115.423828 -143.277481
907 46.233276 115.773071 -141.927399
908 47.112244 118.043137 -144.121292
909 46.409073 116.646179 -144.458817
910 47.112244 117.344650 -143.783768
911 47.288040 116.122314 -142.602448
912 46.584869 118.217758 -143.277481
913 47.463821 116.296936 -142.771210
914 46.760666 115.947693 -143.446243
915 46.936447 116.820801 -144.290054
916 46.233276 116.471558 -143.615005
917 47.112244 117.693893 -143.446243
918 47.463821 116.646179 -143.446243
919 45.881699 116.820801 -143.952530
920 44.826950 116.471558 -143.952530
921 47.815414 116.646179 -143.446243
922 46.233276 116.471558 -143.615005
923 47.288040 115.423828 -143.615005
924 46.409073 116.995407 -143.783768
925 45.530121 116.471558 -142.602448
926 46.409073 116.296936 -143.446243
927 47.112244 115.947693 -142.433685
928 47.463821 114.899979 -143.108734
929 46.409073 116.296936 -144.121292
930 46.057495 116.646179 -143.783768
931 47.288040 116.471558 -143.277481
932 47.639618 116.471558 -143.952530
933 47.639618 117.519272 -142.264923
934 47.639618 115.773071 -143.615005
935 46.936447 117.519272 -143.952530
936 46.057495 116.646179 -145.133850
937 47.288040 115.423828 -143.277481
938 46.760666 118.392380 -145.133850
939 46.409073 115.249207 -142.771210
940 46.936447 116.471558 -143.952530
941 45.705902 116.646179 -142.096161
942 45.881699 116.820801 -144.290054
943 46.409073 116.296936 -144.121292
944 46.760666 116.646179 -143.783768
945 44.826950 116.122314 -144.627563
946 47.288040 116.471558 -143.952530
947 46.584869 117.519272 -143.615005
948 47.288040 116.122314 -143.952530
949 46.760666 115.947693 -144.458817
950 45.354324 117.344650 -144.121292
951 45.705902 115.947693 -144.458817
952 46.233276 116.820801 -143.615005
953 46.760666 117.344650 -144.458817
954 46.233276 116.820801 -143.277481
955 46.760666 115.249207 -143.783768
956 45.881699 117.170029 -143.615005
957 46.760666 117.344650 -143.783768
958 46.409073 116.296936 -145.133850
959 46.936447 117.170029 -142.264923
960 46.936447 117.170029 -143.615005
961 46.057495 117.344650 -144.796326
962 47.639618 116.471558 -143.952530
963 45.354324 118.043137 -143.108734
964 46.057495 115.947693 -144.121292
965 47.991196 115.773071 -144.290054
966 45.705902 115.947693 -143.108734
967 47.112244 116.646179 -143.108734
968 45.354324 116.995407 -143.108734
969 45.354324 116.995407 -143.446243
970 46.936447 117.170029 -142.602448
971 47.815414 116.995407 -142.771210
972 47.639618 117.868515 -142.939972
973 47.288040 116.471558 -142.939972
974 46.584869 117.170029 -143.615005
975 46.936447 117.519272 -143.615005
976 46.057495 116.646179 -142.771210
977 46.936447 117.170029 -143.277481
978 48.694366 117.519272 -143.952530
979 46.409073 117.693893 -143.108734
980 45.530121 117.170029 -143.615005
981 46.409073 117.344650 -145.133850
982 45.705902 115.947693 -143.108734
983 46.233276 116.122314 -144.627563
984 47.288040 117.170029 -145.302612
985 47.112244 114.899979 -144.121292
986 46.936447 116.122314 -143.952530
987 46.936447 115.773071 -142.602448
988 45.530121 116.471558 -143.277481
989 47.112244 118.741608 -143.108734
990 46.936447 116.820801 -143.952530
991 47.112244 116.296936 -143.446243
992 47.112244 115.598450 -142.771210
993 46.936447 117.868515 -142.602448
994 46.057495 117.344650 -143.783768
995 47.815414 117.344650 -143.108734
996 45.178528 117.170029 -143.277481
997 47.288040 117.170029 -144.627563
998 46.936447 116.471558 -143.952530
999 47.639618 116.820801 -143.277481
1000 46.584869 117.519272 -144.290054
1001 45.881699 117.170029 -142.939972
1002 46.760666 115.598450 -143.783768
1003 48.166992 116.646179 -143.446243
1004 47.112244 117.344650 -142.771210
1005 46.760666 116.995407 -143.108734
1006 48.166992 118.741608 -143.446243
1007 47.288040 116.122314 -143.952530
1008 48.166992 115.947693 -144.796326
1009 46.584869 116.471558 -143.952530
1010 46.409073 116.646179 -143.108734
1011 46.409073 116.646179 -144.121292
1012 47.288040 117.868515 -142.602448
1013 46.936447 116.122314 -144.290054
1014 44.475357 117.519272 -143.952530
1015 46.584869 116.820801 -145.302612
1016 46.409073 116.995407 -143.783768
1017 46.233276 115.074600 -143.277481
1018 46.409073 115.249207 -143.783768
1019 46.409073 116.646179 -144.796326
1020 46.760666 116.646179 -144.121292
1021 47.639618 116.122314 -142.939972
1022 46.584869 118.217758 -143.615005
1023 46.584869 116.820801 -143.952530
1024 47.815414 115.947693 -142.771210
1025 47.639618 116.471558 -144.290054
1026 44.651154 116.995407 -143.108734
1027 47.288040 117.170029 -143.952530
1028 47.463821 115.249207 -143.446243
1029 46.760666 116.646179 -143.108734
1030 47.112244 116.646179 -143.446243
1031 45.881699 117.170029 -143.952530
1032 46.233276 115.773071 -144.627563
1033 46.936447 117.868515 -143.615005
1034 46.936447 117.868515 -144.290054
1035 47.463821 116.995407 -143.783768
1036 46.760666 116.296936 -144.796326
1037 46.936447 116.820801 -144.965088
1038 45.881699 118.217758 -144.290054
1039 46.233276 115.773071 -143.615005
1040 46.936447 116.820801 -143.615005
1041 46.057495 116.296936 -144.458817
1042 46.584869 117.519272 -143.277481
1043 43.947983 116.296936 -143.108734
1044 46.057495 118.043137 -143.108734
1045 46.760666 115.598450 -143.783768
1046 47.639618 116.122314 -143.615005
1047 46.233276 115.773071 -142.264923
1048 47.288040 116.471558 -144.290054
1049 45.881699 116.820801 -143.952530
1050 46.409073 116.646179 -143.783768
1051 47.112244 118.043137 -143.783768
1052 45.881699 116.820801 -143.615005
1053 46.936447 116.820801 -144.290054
1054 47.815414 114.899979 -144.796326
1055 46.936447 116.820801 -144.290054
1056 46.584869 116.820801 -143.952530
1057 46.936447 116.820801 -143.615005
1058 45.530121 116.471558 -142.602448
1059 46.760666 116.995407 -143.783768
1060 46.233276 116.471558 -143.277481
1061 46.409073 116.296936 -143.783768
1062 46.584869 116.820801 -143.277481
1063 46.760666 117.344650 -142.771210
1064 46.233276 115.773071 -142.939972
1065 47.991196 116.122314 -143.615005
1066 46.760666 115.947693 -143.446243
1067 46.584869 116.820801 -142.264923
1068 44.826950 116.122314 -144.290054
1069 46.760666 117.693893 -142.433685
1070 46.584869 115.423828 -143.615005
1071 46.760666 117.344650 -142.771210
1072 47.288040 117.519272 -142.939972
1073 46.409073 115.947693 -143.108734
1074 47.112244 116.646179 -143.783768
1075 46.936447 117.519272 -143.952530
1076 48.342789 116.820801 -142.939972
1077 47.288040 116.122314 -142.602448
1078 45.530121 116.122314 -143.277481
1079 46.409073 116.995407 -144.458817
1080 47.463821 117.344650 -143.783768
1081 45.881699 116.820801 -143.952530
1082 47.112244 115.947693 -142.433685
1083 46.233276 116.471558 -143.615005
1084 47.639618 116.820801 -144.290054
1085 46.409073 117.693893 -143.446243
1086 46.584869 118.217758 -143.952530
1087 46.057495 117.344650 -143.783768
1088 45.530121 116.471558 -143.952530
1089 48.166992 117.344650 -144.121292
1090 45.881699 115.773071 -143.615005
1091 46.584869 116.820801 -144.290054
1092 47.112244 116.296936 -143.446243
1093 46.760666 117.693893 -143.783768
1094 46.760666 116.646179 -144.458817
1095 47.991196 116.820801 -144.627563
1096 46.760666 115.249207 -143.108734
1097 47.112244 116.646179 -143.783768
1098 47.288040 116.471558 -144.965088
1099 46.409073 115.947693 -144.121292
1100 45.178528 117.868515 -143.615005
1101 47.112244 116.296936 -143.446243
1102 47.639618 114.725357 -142.939972
1103 45.705902 117.344650 -142.433685
1104 45.705902 115.598450 -144.458817
1105 46.584869 115.773071 -143.615005
1106 45.881699 116.471558 -143.615005
1107 47.288040 116.471558 -144.290054
1108 46.057495 116.296936 -143.783768
1109 46.760666 115.598450 -144.121292
1110 46.233276 116.820801 -143.277481
1111 46.057495 116.646179 -144.458817
1112 47.463821 117.693893 -143.446243
1113 47.991196 117.170029 -143.615005
1114 45.881699 116.122314 -143.277481
1115 46.409073 117.344650 -143.446243
1116 44.826950 116.820801 -143.277481
1117 46.409073 116.995407 -142.096161
1118 46.760666 116.646179 -143.446243
1119 47.639618 117.519272 -144.965088
1120 46.409073 117.344650 -144.458817
1121 46.760666 116.995407 -143.783768
1122 46.409073 116.646179 -143.783768
1123 46.936447 115.074600 -144.290054
1124 46.233276 116.820801 -144.965088
1125 47.815414 116.296936 -142.771210
1126 46.760666 116.646179 -142.771210
1127 46.409073 116.646179 -143.783768
1128 44.299576 115.947693 -144.121292
1129 45.354324 116.296936 -144.458817
1130 45.881699 116.471558 -143.277481
1131 46.409073 117.344650 -142.096161
1132 46.057495 116.995407 -143.446243
1133 47.991196 115.074600 -143.615005
1134 47.815414 116.296936 -142.771210
1135 44.651154 117.693893 -143.108734
