1 53.616547 124.504074 -159.478470
2 52.561798 124.504074 -158.803436
3 53.440750 123.630981 -159.984756
4 52.386002 123.281738 -160.322281
5 53.264969 123.805588 -159.815994
6 53.440750 123.630981 -159.647232
7 54.847092 123.980209 -160.322281
8 53.616547 123.805588 -159.140961
9 53.616547 123.805588 -161.503601
10 53.792343 125.027939 -159.984756
11 54.143921 124.329453 -160.997314
12 53.792343 123.281738 -158.972198
13 53.264969 123.805588 -159.815994
14 53.616547 124.154831 -161.166077
15 53.089172 125.027939 -159.984756
16 52.913376 125.202560 -159.815994
17 53.264969 124.154831 -160.491043
18 54.319717 123.805588 -159.478470
19 55.022888 123.805588 -159.815994
20 54.671295 124.154831 -159.140961
21 54.671295 124.853317 -158.803436
22 53.264969 123.107117 -159.815994
23 53.440750 125.027939 -160.659805
24 53.264969 124.504074 -159.140961
25 53.089172 123.980209 -159.984756
26 52.737579 124.329453 -160.659805
27 54.143921 124.329453 -159.984756
28 55.198669 123.980209 -160.659805
29 52.737579 123.281738 -159.984756
30 53.440750 124.678696 -158.972198
31 53.440750 124.678696 -159.984756
32 52.913376 125.551788 -159.478470
33 55.022888 124.853317 -160.491043
34 54.319717 123.805588 -158.803436
35 53.792343 123.281738 -160.997314
36 53.792343 123.281738 -160.659805
37 52.737579 123.630981 -160.322281
38 53.616547 123.456360 -159.815994
39 54.143921 123.281738 -159.984756
40 53.440750 122.932495 -160.659805
41 53.616547 124.154831 -160.828552
42 55.374466 124.154831 -160.828552
43 54.847092 124.329453 -161.334839
44 53.968124 123.456360 -159.478470
45 55.198669 124.678696 -158.972198
46 53.792343 123.980209 -159.984756
47 54.319717 124.853317 -159.815994
48 53.089172 123.630981 -158.972198
49 53.440750 122.932495 -159.984756
50 53.440750 123.281738 -159.984756
51 53.264969 123.456360 -159.140961
52 52.737579 124.329453 -160.322281
53 54.671295 124.504074 -160.828552
54 53.968124 124.853317 -160.491043
55 53.616547 123.456360 -159.478470
56 54.671295 124.504074 -160.153519
57 53.089172 125.027939 -159.309723
58 53.616547 124.154831 -159.815994
59 53.968124 123.805588 -160.153519
60 53.968124 124.154831 -159.815994
61 53.968124 125.551788 -161.503601
62 52.913376 123.805588 -159.815994
63 54.143921 123.980209 -160.322281
64 51.858627 123.805588 -159.140961
65 53.792343 122.932495 -160.659805
66 53.440750 123.980209 -159.984756
67 54.143921 124.329453 -159.984756
68 53.440750 124.329453 -160.322281
69 54.143921 123.630981 -158.634674
70 53.440750 123.980209 -158.972198
71 54.143921 123.281738 -159.309723
72 53.264969 124.853317 -159.815994
73 53.089172 123.980209 -159.309723
74 53.264969 125.202560 -159.140961
75 53.264969 123.456360 -160.828552
76 54.319717 124.853317 -160.153519
77 54.143921 124.329453 -160.322281
78 53.792343 124.329453 -159.984756
79 53.792343 123.980209 -159.647232
80 53.792343 125.027939 -160.659805
81 53.616547 123.456360 -159.815994
82 53.792343 123.980209 -160.322281
83 53.792343 123.630981 -159.984756
84 53.616547 123.805588 -159.478470
85 53.089172 123.630981 -159.984756
86 53.440750 123.281738 -161.334839
87 53.616547 124.853317 -159.478470
88 54.495499 124.678696 -159.984756
89 53.792343 124.329453 -160.659805
90 54.319717 122.757874 -159.140961
91 54.671295 124.853317 -160.828552
92 53.792343 124.329453 -159.984756
93 55.198669 125.377182 -158.972198
94 53.616547 124.504074 -159.815994
95 53.968124 123.456360 -159.815994
96 53.792343 123.980209 -160.322281
97 54.495499 123.281738 -159.984756
98 54.495499 123.980209 -160.659805
99 53.616547 124.504074 -158.803436
100 52.913376 124.504074 -159.815994
101 54.847092 123.980209 -160.659805
102 53.616547 123.107117 -159.478470
103 53.440750 123.630981 -159.309723
104 53.616547 123.456360 -159.478470
105 53.616547 123.107117 -160.828552
106 53.616547 123.107117 -159.140961
107 54.495499 123.281738 -158.634674
108 54.319717 123.456360 -159.815994
109 52.210205 122.757874 -159.478470
110 54.495499 122.932495 -160.997314
111 53.968124 124.853317 -161.166077
112 52.913376 123.805588 -160.153519
113 53.440750 123.281738 -159.309723
114 53.968124 124.504074 -160.153519
115 53.440750 123.980209 -160.322281
116 53.089172 123.630981 -161.334839
117 53.089172 125.027939 -159.984756
118 54.143921 125.027939 -158.297150
119 53.792343 123.980209 -159.309723
120 54.495499 122.932495 -159.309723
121 52.913376 125.551788 -160.491043
122 53.616547 126.599518 -159.140961
123 53.616547 123.805588 -160.491043
124 51.858627 124.853317 -161.503601
125 53.264969 124.504074 -159.815994
126 53.440750 124.678696 -160.659805
127 51.507050 124.504074 -160.153519
128 53.089172 124.678696 -160.322281
129 53.792343 124.329453 -159.309723
130 53.968124 123.456360 -160.491043
131 54.671295 123.107117 -160.828552
132 52.737579 122.932495 -159.647232
133 54.319717 123.107117 -160.491043
134 54.143921 122.932495 -159.309723
135 52.210205 123.107117 -160.491043
136 53.440750 123.630981 -160.322281
137 53.792343 124.329453 -160.997314
138 53.792343 124.329453 -158.297150
139 55.550262 123.630981 -160.322281
140 53.968124 124.504074 -159.815994
141 53.968124 123.107117 -159.478470
142 53.089172 123.281738 -159.984756
143 53.792343 123.630981 -159.647232
144 53.792343 122.932495 -158.972198
145 53.968124 124.154831 -160.491043
146 53.440750 123.630981 -160.997314
147 53.968124 124.154831 -161.503601
148 53.616547 122.757874 -160.491043
149 54.143921 123.281738 -160.322281
150 54.671295 124.853317 -161.166077
151 52.561798 123.456360 -159.815994
152 54.143921 124.678696 -159.309723
153 53.440750 123.630981 -160.997314
154 54.319717 123.805588 -160.491043
155 53.792343 123.281738 -159.647232
156 54.143921 125.726410 -160.659805
157 55.022888 125.901031 -160.828552
158 53.264969 123.805588 -159.815994
159 52.386002 124.329453 -159.309723
160 54.143921 124.329453 -159.984756
161 53.440750 124.329453 -159.984756
162 53.968124 125.202560 -160.153519
163 54.495499 124.329453 -160.659805
164 53.792343 124.329453 -159.647232
165 54.671295 124.504074 -160.828552
166 52.913376 123.456360 -159.478470
167 52.034424 121.884781 -159.984756
168 54.319717 122.757874 -159.815994
169 53.616547 122.757874 -160.153519
170 54.143921 122.234009 -159.647232
171 53.440750 123.980209 -158.972198
172 54.495499 123.630981 -160.659805
173 53.264969 124.853317 -159.815994
174 54.495499 123.630981 -161.672363
175 52.737579 125.726410 -160.659805
176 53.440750 123.281738 -159.984756
177 54.671295 124.853317 -159.815994
178 52.386002 123.630981 -160.659805
179 53.968124 122.757874 -159.478470
180 54.143921 124.329453 -160.997314
181 54.143921 123.980209 -159.647232
182 53.968124 124.504074 -160.153519
183 53.792343 123.281738 -160.997314
184 53.968124 124.154831 -160.153519
185 53.616547 124.154831 -159.815994
186 54.495499 122.583252 -160.322281
187 53.440750 125.027939 -160.322281
188 54.319717 124.504074 -160.153519
189 53.968124 124.154831 -160.828552
190 54.143921 124.329453 -159.309723
191 54.319717 123.456360 -160.491043
192 53.440750 123.630981 -159.984756
193 53.616547 124.504074 -160.491043
194 53.792343 123.630981 -160.659805
195 54.143921 125.027939 -160.659805
196 53.968124 124.154831 -159.478470
197 53.440750 124.329453 -159.647232
198 54.319717 123.107117 -158.803436
199 53.616547 124.504074 -159.478470
200 54.671295 123.107117 -161.166077
201 53.968124 124.504074 -160.153519
202 53.089172 123.630981 -159.984756
203 53.968124 124.504074 -159.478470
204 53.264969 123.107117 -161.166077
205 54.319717 123.456360 -160.828552
206 54.671295 123.456360 -161.841125
207 53.968124 123.107117 -159.815994
208 53.968124 124.154831 -159.478470
209 53.616547 124.504074 -160.153519
210 54.671295 124.154831 -160.828552
211 54.671295 123.805588 -160.491043
212 52.913376 125.202560 -159.140961
213 54.143921 125.377182 -159.647232
214 53.792343 122.583252 -160.997314
215 54.319717 124.154831 -160.828552
216 55.022888 124.504074 -160.491043
217 53.968124 123.805588 -159.478470
218 53.616547 124.154831 -161.166077
219 54.495499 123.630981 -159.984756
220 54.495499 125.027939 -159.984756
221 53.089172 123.630981 -160.659805
222 54.495499 125.027939 -159.647232
223 54.319717 124.154831 -160.491043
224 53.968124 123.805588 -159.140961
225 54.847092 124.329453 -159.984756
226 55.198669 123.980209 -161.334839
227 53.616547 123.805588 -159.140961
228 53.792343 124.678696 -160.997314
229 53.264969 124.504074 -160.828552
230 55.198669 123.980209 -160.659805
231 54.319717 124.154831 -159.478470
232 53.264969 123.107117 -160.828552
233 53.440750 124.678696 -160.659805
234 54.495499 124.678696 -159.984756
235 53.264969 123.805588 -158.803436
236 53.968124 124.504074 -160.153519
237 53.089172 123.281738 -158.972198
238 54.319717 124.154831 -159.478470
239 55.198669 123.980209 -160.322281
240 53.440750 125.377182 -159.647232
241 52.913376 124.154831 -160.828552
242 53.792343 124.329453 -159.984756
243 53.616547 124.853317 -160.828552
244 53.968124 124.154831 -159.140961
245 54.319717 124.154831 -160.153519
246 52.561798 125.551788 -161.166077
247 53.616547 124.504074 -160.828552
248 54.319717 122.757874 -159.478470
249 54.847092 123.980209 -159.984756
250 52.561798 123.107117 -160.153519
251 54.495499 125.027939 -159.984756
252 53.089172 123.630981 -158.297150
253 53.264969 124.154831 -159.815994
254 53.089172 123.630981 -159.647232
255 52.913376 123.805588 -160.153519
256 54.495499 123.630981 -158.972198
257 54.847092 123.980209 -160.322281
258 53.616547 124.154831 -160.828552
259 52.034424 125.377182 -160.659805
260 53.616547 123.107117 -158.803436
261 52.386002 123.630981 -159.984756
262 52.737579 122.932495 -160.322281
263 53.968124 123.805588 -160.153519
264 54.847092 124.678696 -158.634674
265 54.319717 124.504074 -160.153519
266 53.264969 124.154831 -159.815994
267 53.440750 123.980209 -160.322281
268 52.737579 124.678696 -160.659805
269 53.264969 124.504074 -159.478470
270 52.913376 123.805588 -160.828552
271 55.550262 124.329453 -159.984756
272 53.264969 124.853317 -159.478470
273 54.495499 123.281738 -159.647232
274 54.319717 123.456360 -159.815994
275 52.561798 125.202560 -160.153519
276 54.143921 123.630981 -161.672363
277 53.089172 123.980209 -159.647232
278 53.792343 123.980209 -159.309723
279 53.792343 123.281738 -160.659805
280 53.616547 124.853317 -159.815994
281 53.089172 123.980209 -160.322281
282 52.737579 124.329453 -159.984756
283 52.561798 125.202560 -161.166077
284 53.792343 122.583252 -159.647232
285 54.319717 124.853317 -160.828552
286 53.440750 123.630981 -160.322281
287 53.792343 124.678696 -159.647232
288 53.792343 123.630981 -158.972198
289 55.022888 123.805588 -159.478470
290 54.143921 124.329453 -159.984756
291 55.901840 123.980209 -158.972198
292 53.616547 123.805588 -159.478470
293 53.968124 124.154831 -160.153519
294 54.671295 124.504074 -159.478470
295 53.089172 123.630981 -159.984756
296 51.507050 123.107117 -159.140961
297 53.440750 124.329453 -159.309723
298 53.968124 123.805588 -159.140961
299 53.089172 123.980209 -160.997314
300 54.319717 123.456360 -160.828552
301 53.440750 123.281738 -160.659805
302 53.089172 122.583252 -159.647232
303 53.089172 125.377182 -159.309723
304 54.495499 123.980209 -160.322281
305 53.792343 124.329453 -159.647232
306 54.319717 123.805588 -159.815994
307 53.616547 125.202560 -160.153519
308 53.089172 123.980209 -159.647232
309 53.792343 125.027939 -160.322281
310 53.968124 123.456360 -160.491043
311 52.913376 124.853317 -158.803436
312 52.913376 124.504074 -159.815994
313 53.968124 123.107117 -160.153519
314 53.616547 123.456360 -159.478470
315 54.319717 125.202560 -160.828552
316 53.089172 123.980209 -161.334839
317 54.671295 124.504074 -160.153519
318 53.616547 123.107117 -159.815994
319 53.264969 123.805588 -160.153519
320 53.616547 123.805588 -159.815994
321 53.440750 123.630981 -161.334839
322 53.264969 123.456360 -160.153519
323 55.022888 124.504074 -159.140961
324 53.968124 123.456360 -159.478470
325 52.561798 124.154831 -160.828552
326 53.440750 123.980209 -160.659805
327 53.968124 124.504074 -159.140961
328 53.616547 123.456360 -159.140961
329 54.319717 124.504074 -159.815994
330 54.671295 123.805588 -159.140961
331 53.792343 123.630981 -159.309723
332 53.616547 124.504074 -161.503601
333 52.386002 122.932495 -160.659805
334 54.143921 123.980209 -161.334839
335 53.440750 123.630981 -160.322281
336 53.968124 123.107117 -160.153519
337 52.561798 122.757874 -158.803436
338 54.495499 124.329453 -160.322281
339 53.616547 124.504074 -160.491043
340 53.089172 123.281738 -159.984756
341 53.792343 123.281738 -157.959641
342 54.847092 124.329453 -160.659805
343 53.089172 124.678696 -160.659805
344 52.737579 123.980209 -159.984756
345 52.913376 123.456360 -159.140961
346 53.440750 123.980209 -159.647232
347 54.143921 124.678696 -161.334839
348 54.143921 124.329453 -159.309723
349 53.968124 124.504074 -160.828552
350 53.616547 123.805588 -159.478470
351 53.792343 122.583252 -159.647232
352 53.968124 122.757874 -158.465912
353 54.495499 124.329453 -160.997314
354 54.143921 124.678696 -160.322281
355 54.319717 124.154831 -159.815994
356 53.792343 123.980209 -159.309723
357 53.792343 123.281738 -159.647232
358 54.143921 123.630981 -159.647232
359 52.913376 123.805588 -158.803436
360 54.847092 123.630981 -158.972198
361 54.495499 122.932495 -158.634674
362 53.616547 125.202560 -161.503601
363 54.495499 123.630981 -159.647232
364 54.143921 124.678696 -160.659805
365 53.968124 122.757874 -160.491043
366 52.737579 123.630981 -160.997314
367 52.386002 122.932495 -159.984756
368 52.913376 123.456360 -159.140961
369 53.792343 122.583252 -159.309723
370 54.143921 124.329453 -159.647232
371 53.264969 123.805588 -160.828552
372 53.089172 124.329453 -160.997314
373 53.440750 124.329453 -159.984756
374 54.143921 125.027939 -158.297150
375 53.264969 123.456360 -160.153519
376 54.143921 122.932495 -159.984756
377 53.968124 124.504074 -159.478470
378 54.319717 124.504074 -160.153519
379 53.792343 124.678696 -161.334839
380 54.847092 124.678696 -159.647232
381 53.792343 123.630981 -159.647232
382 53.968124 124.853317 -158.803436
383 53.968124 123.805588 -157.790878
384 53.792343 124.329453 -159.647232
385 53.968124 123.805588 -159.140961
386 53.792343 124.678696 -158.972198
387 52.913376 123.805588 -159.478470
388 53.968124 124.504074 -160.491043
389 54.319717 125.202560 -159.815994
390 53.264969 124.853317 -159.815994
391 53.616547 122.757874 -159.478470
392 53.089172 124.329453 -160.322281
393 53.264969 124.154831 -159.478470
394 55.198669 124.678696 -159.647232
395 53.792343 123.980209 -160.659805
396 54.671295 124.504074 -159.815994
397 54.143921 123.980209 -160.322281
398 53.968124 124.154831 -159.815994
399 55.022888 124.504074 -161.166077
400 53.792343 123.630981 -159.984756
401 53.440750 124.678696 -159.984756
402 53.616547 123.805588 -160.153519
403 54.495499 123.980209 -158.634674
404 54.319717 124.154831 -159.140961
405 52.913376 124.504074 -160.153519
406 54.143921 122.583252 -160.659805
407 55.022888 123.456360 -160.153519
408 54.143921 123.630981 -158.972198
409 53.616547 124.154831 -160.491043
410 53.616547 124.504074 -160.828552
411 53.440750 123.630981 -161.334839
412 53.616547 124.504074 -159.478470
413 54.495499 123.281738 -160.659805
414 51.858627 124.853317 -159.478470
415 54.495499 124.678696 -158.634674
416 55.198669 122.932495 -159.984756
417 53.792343 124.678696 -160.322281
418 52.737579 125.377182 -160.659805
419 53.264969 124.504074 -159.478470
420 53.968124 124.853317 -158.803436
421 53.792343 123.630981 -160.322281
422 54.319717 123.805588 -160.153519
423 54.495499 123.630981 -160.322281
424 53.616547 123.107117 -160.491043
425 53.264969 125.202560 -158.803436
426 53.264969 124.154831 -160.491043
427 52.386002 122.932495 -158.972198
428 54.143921 124.678696 -160.322281
429 55.022888 124.504074 -158.803436
430 53.792343 123.281738 -159.984756
431 53.792343 122.932495 -160.997314
432 53.616547 124.154831 -160.153519
433 54.495499 124.329453 -159.984756
434 53.089172 125.726410 -160.997314
435 54.495499 124.678696 -161.334839
436 54.495499 125.027939 -157.959641
437 53.440750 124.678696 -160.997314
438 53.089172 125.027939 -159.984756
439 53.968124 124.504074 -159.815994
440 54.847092 123.630981 -159.984756
441 51.858627 125.202560 -160.491043
442 54.495499 125.027939 -159.984756
443 54.143921 123.980209 -158.972198
444 54.143921 124.678696 -161.672363
445 54.143921 123.281738 -159.647232
446 52.561798 123.805588 -158.803436
447 54.143921 123.980209 -160.322281
448 54.671295 123.805588 -159.815994
449 52.913376 124.154831 -161.166077
450 53.792343 122.932495 -159.984756
451 53.968124 124.853317 -160.828552
452 53.792343 123.980209 -161.334839
453 53.264969 123.107117 -160.153519
454 54.495499 124.329453 -160.322281
455 54.143921 124.678696 -160.659805
456 54.671295 123.805588 -160.153519
457 53.968124 124.504074 -160.153519
458 54.495499 123.630981 -159.647232
459 53.792343 123.980209 -159.309723
460 53.264969 124.154831 -160.153519
461 53.264969 124.504074 -159.478470
462 54.671295 123.805588 -160.491043
463 54.671295 124.504074 -160.153519
464 54.319717 124.504074 -158.465912
465 51.858627 124.504074 -160.828552
466 54.319717 124.154831 -161.166077
467 52.737579 126.075653 -160.322281
468 55.022888 123.805588 -159.815994
469 53.264969 124.154831 -159.478470
470 53.440750 125.377182 -159.984756
471 53.792343 123.980209 -159.647232
472 53.792343 124.678696 -159.647232
473 54.671295 124.504074 -159.478470
474 52.034424 124.678696 -159.984756
475 55.374466 123.107117 -158.803436
476 53.968124 124.154831 -159.478470
477 53.440750 125.377182 -159.647232
478 52.210205 125.551788 -159.815994
479 54.495499 123.980209 -158.297150
480 54.319717 124.853317 -160.828552
481 54.495499 124.329453 -160.997314
482 54.143921 122.583252 -158.972198
483 53.440750 123.980209 -160.659805
484 54.847092 124.329453 -159.984756
485 53.440750 122.234009 -159.647232
486 53.264969 124.154831 -159.478470
487 53.264969 123.805588 -157.790878
488 53.616547 124.504074 -160.153519
489 54.319717 123.456360 -161.503601
490 54.319717 125.202560 -158.465912
491 54.143921 123.630981 -159.647232
492 54.495499 123.281738 -160.659805
493 53.968124 123.805588 -160.153519
494 53.089172 124.329453 -159.309723
495 53.264969 125.202560 -160.491043
496 55.198669 123.980209 -160.997314
497 53.440750 126.075653 -159.984756
498 53.264969 122.757874 -160.153519
499 53.792343 123.281738 -158.634674
500 53.440750 125.027939 -160.322281
501 54.319717 124.154831 -159.815994
502 53.616547 123.107117 -160.153519
503 52.737579 122.932495 -159.984756
504 53.616547 123.456360 -160.828552
505 53.440750 123.281738 -160.659805
506 53.968124 124.154831 -160.153519
507 53.264969 124.504074 -160.491043
508 53.616547 124.154831 -160.153519
509 54.143921 122.932495 -159.647232
510 53.616547 123.805588 -160.828552
511 53.440750 125.726410 -160.322281
512 54.847092 124.678696 -159.984756
513 53.968124 124.853317 -160.828552
514 53.440750 125.377182 -160.997314
515 53.792343 123.980209 -159.647232
516 54.319717 124.853317 -160.491043
517 53.616547 123.107117 -160.491043
518 54.143921 125.027939 -158.972198
519 54.319717 122.757874 -160.828552
520 54.143921 123.281738 -159.309723
521 55.022888 123.107117 -160.828552
522 54.671295 123.456360 -160.153519
523 52.913376 124.504074 -159.815994
524 53.440750 123.980209 -159.984756
525 55.374466 124.154831 -159.815994
526 54.847092 123.980209 -158.297150
527 54.143921 126.075653 -159.647232
528 54.143921 123.630981 -158.634674
529 54.671295 124.154831 -159.140961
530 53.968124 124.504074 -159.815994
531 53.968124 124.853317 -159.815994
532 54.143921 123.630981 -161.334839
533 53.440750 122.583252 -160.322281
534 52.913376 123.456360 -159.140961
535 52.913376 124.154831 -159.478470
536 53.968124 123.107117 -158.803436
537 54.319717 123.456360 -160.153519
538 53.440750 123.630981 -159.309723
539 52.913376 124.154831 -160.491043
540 53.792343 124.329453 -159.647232
541 55.198669 125.027939 -159.647232
542 53.440750 125.726410 -159.309723
543 54.671295 123.805588 -159.815994
544 54.495499 123.630981 -159.647232
545 54.671295 123.456360 -158.465912
546 53.792343 123.281738 -160.659805
547 53.264969 123.805588 -161.166077
548 53.440750 123.281738 -159.984756
549 54.143921 124.678696 -159.984756
550 54.143921 123.980209 -159.647232
551 54.671295 123.107117 -159.140961
552 54.847092 123.281738 -160.997314
553 52.737579 125.377182 -160.997314
554 52.386002 123.980209 -159.984756
555 53.792343 124.329453 -160.997314
556 55.198669 125.027939 -159.984756
557 53.089172 124.329453 -159.984756
558 52.737579 123.281738 -160.322281
559 53.440750 123.630981 -159.647232
560 54.495499 125.027939 -159.647232
561 52.561798 123.805588 -159.140961
562 53.440750 122.583252 -159.984756
563 52.561798 124.504074 -159.815994
564 53.968124 124.853317 -159.815994
565 52.561798 124.504074 -160.153519
566 54.495499 123.980209 -159.984756
567 53.792343 123.980209 -161.334839
568 54.319717 124.154831 -159.478470
569 53.792343 123.281738 -160.322281
570 54.495499 125.027939 -158.972198
571 54.495499 123.281738 -159.309723
572 55.022888 122.408630 -161.166077
573 54.143921 123.630981 -159.647232
574 53.089172 123.980209 -159.984756
575 54.319717 124.853317 -158.465912
576 54.319717 124.853317 -160.828552
577 53.264969 123.805588 -160.828552
578 53.616547 124.154831 -160.153519
579 53.089172 123.980209 -160.659805
580 53.440750 123.630981 -159.984756
581 53.264969 123.107117 -160.491043
582 54.671295 124.504074 -160.828552
583 53.616547 123.456360 -158.803436
584 53.440750 124.678696 -160.322281
585 54.671295 123.107117 -158.803436
586 53.792343 123.630981 -159.647232
587 54.847092 125.726410 -160.659805
588 54.495499 123.980209 -159.647232
589 52.386002 124.329453 -160.322281
590 52.561798 124.853317 -160.153519
591 53.968124 124.504074 -160.828552
592 52.737579 124.329453 -159.647232
593 54.319717 124.154831 -159.815994
594 53.440750 124.329453 -159.647232
595 54.495499 124.678696 -161.672363
596 53.616547 125.202560 -161.166077
597 54.319717 124.504074 -160.153519
598 54.319717 122.059402 -160.153519
599 53.616547 124.154831 -161.166077
600 52.737579 124.329453 -160.997314
601 53.968124 124.504074 -160.153519
602 53.968124 124.154831 -160.153519
603 53.792343 124.678696 -159.309723
604 52.913376 123.805588 -159.815994
605 54.495499 123.980209 -161.672363
606 53.792343 122.932495 -159.984756
607 52.386002 124.678696 -160.322281
608 54.319717 124.853317 -159.478470
609 54.143921 125.377182 -159.984756
610 53.440750 123.980209 -159.984756
611 53.264969 123.805588 -159.815994
612 53.968124 124.504074 -160.491043
613 53.089172 122.932495 -160.659805
614 52.737579 124.678696 -160.322281
615 53.968124 124.154831 -160.491043
616 53.792343 124.329453 -160.322281
617 53.440750 124.329453 -160.322281
618 54.495499 122.932495 -159.309723
619 54.319717 123.805588 -160.153519
620 53.792343 122.932495 -159.647232
621 53.264969 123.805588 -159.815994
622 53.440750 123.281738 -159.647232
623 55.374466 123.805588 -160.491043
624 54.495499 122.234009 -159.309723
625 54.143921 124.678696 -161.334839
626 53.440750 122.932495 -160.997314
627 54.495499 123.980209 -160.997314
628 54.143921 122.932495 -160.659805
629 54.319717 124.504074 -160.491043
630 52.561798 122.408630 -159.815994
631 53.616547 123.805588 -159.140961
632 53.616547 124.154831 -159.140961
633 53.616547 123.456360 -160.491043
634 54.143921 124.678696 -160.659805
635 55.198669 123.630981 -160.659805
636 53.616547 124.853317 -159.815994
637 53.968124 123.805588 -161.166077
638 54.671295 124.504074 -160.153519
639 54.847092 123.281738 -160.659805
640 53.616547 123.805588 -160.491043
641 54.143921 124.329453 -160.322281
642 54.143921 123.980209 -159.647232
643 54.495499 123.980209 -160.659805
644 52.913376 122.408630 -159.140961
645 53.616547 124.154831 -161.166077
646 53.616547 123.456360 -160.828552
647 53.616547 123.107117 -159.815994
648 53.264969 124.504074 -161.503601
649 53.264969 123.805588 -160.153519
650 53.792343 123.980209 -160.997314
651 53.968124 124.154831 -160.153519
652 54.671295 124.853317 -160.491043
653 54.847092 124.678696 -159.647232
654 53.616547 122.059402 -160.491043
655 54.143921 123.980209 -160.322281
656 53.792343 123.980209 -160.997314
657 53.440750 122.583252 -160.322281
658 54.495499 123.630981 -159.309723
659 53.440750 123.630981 -159.647232
660 52.737579 125.027939 -160.659805
661 53.264969 124.504074 -160.153519
662 54.495499 122.583252 -161.334839
663 53.792343 123.281738 -158.972198
664 52.913376 123.805588 -159.478470
665 52.737579 123.630981 -158.972198
666 54.847092 122.932495 -160.659805
667 52.737579 123.630981 -159.647232
668 53.440750 123.630981 -161.334839
669 53.968124 125.202560 -160.828552
670 53.440750 123.980209 -160.659805
671 54.143921 123.281738 -158.972198
672 53.440750 123.980209 -159.309723
673 53.616547 124.853317 -159.815994
674 54.671295 124.154831 -161.166077
675 53.264969 124.154831 -159.140961
676 54.319717 124.504074 -161.841125
677 52.561798 123.805588 -160.828552
678 52.561798 123.456360 -159.815994
679 53.792343 123.281738 -161.334839
680 52.561798 123.805588 -159.815994
681 53.616547 124.154831 -160.491043
682 54.495499 123.980209 -159.309723
683 54.143921 124.329453 -160.322281
684 55.198669 125.027939 -160.322281
685 54.495499 124.678696 -160.322281
686 53.089172 124.329453 -160.997314
687 53.792343 123.630981 -160.659805
688 55.022888 123.805588 -160.153519
689 54.143921 122.932495 -160.997314
690 54.319717 124.853317 -160.153519
691 53.616547 122.757874 -160.491043
692 53.968124 125.901031 -160.491043
693 55.726044 123.805588 -158.465912
694 53.968124 125.202560 -159.815994
695 54.671295 123.456360 -160.828552
696 54.671295 123.107117 -159.478470
697 54.143921 124.329453 -159.309723
698 55.550262 124.678696 -159.647232
699 53.089172 123.980209 -160.659805
700 53.968124 124.154831 -160.153519
701 53.616547 124.504074 -160.491043
702 54.143921 123.630981 -160.997314
703 54.671295 125.202560 -159.815994
704 52.737579 124.329453 -159.309723
705 54.143921 123.980209 -160.322281
706 55.550262 123.980209 -160.659805
707 53.968124 123.456360 -158.128387
708 54.847092 123.281738 -160.997314
709 53.968124 124.504074 -159.478470
710 53.264969 124.154831 -159.815994
711 53.968124 123.805588 -160.491043
712 54.143921 124.678696 -159.984756
713 54.671295 124.853317 -160.491043
714 53.089172 124.329453 -158.972198
715 53.089172 124.329453 -159.647232
716 54.495499 125.377182 -159.647232
717 52.913376 124.504074 -159.478470
718 53.264969 123.805588 -160.153519
719 53.792343 123.281738 -158.972198
720 53.968124 124.504074 -159.478470
721 53.089172 122.583252 -159.309723
722 53.089172 124.329453 -159.647232
723 53.792343 122.932495 -159.647232
724 53.440750 123.281738 -160.997314
725 54.495499 123.980209 -160.997314
726 53.616547 123.456360 -159.815994
727 53.968124 124.504074 -160.153519
728 53.264969 123.805588 -159.815994
729 54.319717 124.504074 -158.803436
730 54.495499 123.630981 -160.322281
731 54.671295 124.853317 -159.815994
732 53.440750 124.329453 -159.309723
733 53.264969 124.154831 -159.140961
734 53.616547 124.853317 -159.140961
735 53.264969 125.202560 -160.491043
736 53.440750 125.377182 -159.984756
737 54.319717 125.202560 -159.815994
738 53.792343 123.630981 -158.972198
739 52.737579 123.630981 -159.984756
740 54.319717 122.757874 -160.153519
741 53.968124 123.107117 -160.153519
742 53.264969 123.107117 -161.503601
743 55.022888 123.805588 -161.166077
744 54.847092 124.329453 -161.334839
745 53.616547 123.456360 -160.153519
746 52.561798 123.805588 -159.478470
747 54.495499 124.329453 -159.984756
748 52.561798 123.805588 -159.140961
749 53.440750 124.329453 -160.997314
750 53.616547 124.853317 -159.815994
751 53.440750 124.678696 -160.997314
752 53.968124 124.154831 -159.478470
753 54.319717 123.805588 -159.478470
754 54.671295 124.853317 -160.153519
755 53.440750 125.027939 -159.984756
756 53.792343 125.027939 -159.309723
757 54.847092 125.377182 -159.647232
758 53.616547 123.456360 -158.803436
759 52.561798 124.504074 -159.478470
760 53.792343 123.980209 -159.309723
761 55.374466 123.805588 -159.140961
762 54.143921 123.980209 -159.984756
763 55.198669 123.980209 -159.984756
764 52.561798 123.456360 -159.815994
765 53.616547 122.408630 -159.815994
766 53.616547 125.202560 -159.478470
767 53.792343 125.377182 -159.984756
768 53.968124 123.456360 -159.478470
769 53.089172 124.329453 -159.647232
770 52.913376 125.551788 -160.153519
771 52.913376 123.107117 -159.478470
772 53.968124 123.456360 -159.815994
773 53.968124 123.805588 -159.815994
774 53.968124 124.853317 -161.166077
775 53.440750 123.281738 -159.309723
776 54.495499 122.932495 -160.659805
777 53.440750 125.027939 -158.972198
778 52.386002 124.678696 -159.309723
779 53.089172 123.980209 -161.672363
780 53.264969 125.551788 -159.478470
781 53.440750 122.932495 -159.309723
782 53.616547 124.154831 -159.815994
783 52.561798 123.805588 -160.491043
784 54.319717 124.154831 -158.803436
785 55.022888 124.853317 -160.828552
786 52.737579 124.329453 -160.997314
787 54.495499 125.726410 -161.334839
788 53.264969 122.757874 -158.803436
789 53.440750 123.980209 -160.322281
790 54.671295 123.107117 -159.478470
791 54.143921 123.281738 -161.672363
792 54.143921 123.630981 -159.647232
793 54.671295 123.456360 -159.478470
794 53.616547 123.107117 -159.815994
795 52.913376 124.853317 -160.153519
796 53.616547 124.154831 -159.478470
797 54.319717 123.456360 -159.478470
798 53.089172 124.329453 -158.972198
799 54.319717 123.107117 -159.478470
800 54.319717 124.504074 -160.153519
801 52.561798 124.504074 -159.478470
802 53.968124 124.154831 -160.491043
803 53.264969 122.408630 -159.815994
804 54.319717 124.154831 -159.478470
805 53.616547 124.504074 -159.815994
806 53.616547 123.456360 -160.491043
807 52.034424 124.329453 -159.647232
808 54.143921 123.630981 -159.309723
809 54.319717 124.154831 -160.153519
810 55.726044 123.805588 -160.828552
811 53.792343 122.932495 -160.322281
812 53.616547 123.805588 -159.478470
813 53.616547 124.504074 -159.478470
814 53.968124 124.504074 -159.478470
815 54.495499 126.075653 -159.647232
816 53.968124 123.456360 -158.803436
817 53.264969 124.154831 -160.828552
818 54.319717 124.154831 -160.491043
819 54.143921 123.630981 -159.984756
820 53.968124 124.154831 -160.491043
821 53.968124 123.805588 -159.478470
822 53.264969 124.504074 -159.140961
823 52.913376 124.504074 -159.815994
824 53.968124 124.154831 -160.491043
825 53.968124 125.202560 -160.828552
826 54.143921 125.027939 -159.647232
827 54.847092 122.932495 -159.309723
828 54.495499 124.678696 -159.647232
829 53.440750 124.329453 -159.309723
830 54.847092 124.329453 -160.322281
831 54.143921 123.281738 -158.972198
832 53.616547 124.154831 -159.815994
833 53.968124 125.551788 -159.815994
834 54.319717 123.456360 -160.491043
835 54.671295 125.202560 -158.465912
836 55.022888 123.456360 -160.828552
837 54.143921 124.329453 -159.647232
838 54.319717 123.805588 -161.841125
839 52.386002 123.281738 -160.322281
840 55.022888 123.107117 -158.465912
841 53.264969 124.853317 -161.503601
842 53.440750 124.329453 -161.672363
843 54.495499 123.281738 -159.647232
844 52.561798 124.853317 -160.491043
845 53.616547 124.154831 -160.828552
846 54.495499 124.678696 -160.659805
847 53.792343 123.630981 -160.322281
848 55.022888 123.805588 -160.491043
849 53.968124 123.456360 -159.815994
850 52.386002 125.726410 -159.309723
851 53.792343 125.377182 -159.984756
852 53.968124 124.853317 -161.166077
853 54.847092 123.281738 -161.334839
854 53.089172 122.583252 -159.309723
855 53.968124 124.853317 -159.140961
856 54.847092 124.678696 -160.322281
857 52.913376 123.805588 -159.815994
858 53.440750 124.678696 -160.659805
859 54.143921 123.980209 -160.659805
860 54.495499 124.678696 -162.009888
861 55.022888 125.202560 -160.828552
862 52.913376 123.456360 -159.140961
863 54.495499 124.678696 -160.659805
864 53.440750 124.678696 -160.659805
865 54.495499 123.630981 -160.659805
866 54.143921 122.234009 -159.984756
867 54.847092 124.678696 -160.659805
868 55.198669 125.726410 -159.647232
869 53.792343 124.678696 -159.647232
870 54.319717 123.805588 -160.491043
871 54.671295 123.805588 -161.166077
872 53.440750 123.980209 -160.322281
873 54.319717 123.107117 -159.478470
874 53.440750 122.932495 -159.309723
875 53.440750 123.281738 -159.984756
876 54.495499 123.281738 -158.972198
877 53.792343 124.329453 -160.659805
878 53.089172 123.281738 -160.659805
879 54.495499 124.329453 -161.334839
880 53.616547 125.202560 -159.478470
881 53.616547 124.504074 -159.478470
882 53.792343 123.980209 -159.647232
883 55.022888 123.456360 -159.478470
884 54.319717 124.504074 -159.478470
885 55.198669 124.678696 -159.984756
886 53.616547 124.853317 -160.828552
887 54.143921 122.932495 -159.984756
888 54.143921 124.678696 -160.322281
889 53.616547 123.805588 -160.153519
890 54.319717 124.504074 -160.491043
891 52.913376 124.504074 -160.153519
892 52.034424 124.329453 -159.984756
893 54.671295 123.805588 -161.503601
894 53.264969 124.504074 -159.140961
895 54.847092 125.027939 -161.672363
896 52.737579 124.678696 -159.309723
897 54.319717 123.805588 -159.478470
898 53.264969 124.504074 -160.153519
899 53.089172 123.630981 -160.659805
900 53.792343 123.630981 -159.647232
901 54.319717 125.202560 -159.478470
902 53.616547 125.551788 -160.153519
903 53.264969 124.853317 -160.153519
904 53.792343 123.630981 -159.647232
905 53.440750 123.980209 -160.997314
906 54.319717 123.456360 -159.815994
907 54.847092 123.630981 -160.322281
908 54.495499 123.630981 -159.984756
909 54.495499 124.329453 -159.984756
910 53.968124 123.805588 -159.478470
911 54.143921 125.027939 -160.997314
912 54.319717 124.154831 -159.815994
913 54.495499 123.980209 -159.309723
914 53.792343 122.932495 -159.647232
915 54.671295 124.853317 -160.153519
916 54.495499 124.329453 -160.659805
917 53.616547 124.504074 -159.478470
918 53.968124 123.805588 -160.153519
919 53.264969 123.456360 -159.815994
920 55.726044 124.504074 -158.128387
921 53.440750 122.583252 -158.297150
922 54.143921 122.583252 -160.997314
923 54.671295 125.202560 -160.153519
924 54.495499 124.329453 -159.647232
925 54.671295 123.456360 -160.153519
926 54.143921 124.678696 -159.984756
927 53.616547 123.456360 -160.153519
928 55.022888 124.504074 -160.153519
929 54.319717 123.456360 -161.503601
930 54.143921 124.678696 -158.972198
931 53.968124 122.757874 -159.478470
932 53.968124 124.504074 -159.140961
933 53.440750 125.377182 -159.309723
934 54.847092 122.583252 -159.984756
935 53.440750 123.630981 -160.659805
936 54.495499 123.281738 -159.984756
937 54.671295 124.504074 -159.815994
938 53.968124 123.107117 -159.478470
939 52.561798 125.202560 -160.153519
940 53.792343 123.630981 -160.659805
941 54.319717 124.504074 -158.803436
942 54.495499 123.980209 -160.322281
943 54.847092 123.281738 -160.322281
944 53.968124 125.551788 -160.153519
945 53.440750 123.281738 -160.322281
946 54.495499 123.980209 -160.997314
947 53.616547 123.805588 -159.140961
948 53.616547 124.504074 -159.815994
949 53.440750 123.980209 -158.972198
950 52.737579 124.329453 -159.984756
951 53.264969 123.456360 -161.503601
952 53.616547 123.805588 -160.828552
953 54.143921 123.630981 -160.322281
954 54.319717 124.853317 -160.828552
955 53.264969 123.805588 -160.153519
956 54.495499 125.377182 -160.659805
957 52.913376 124.504074 -159.815994
958 52.386002 124.678696 -160.322281
959 52.913376 125.551788 -160.491043
960 54.319717 123.456360 -161.166077
961 53.792343 124.678696 -159.984756
962 52.737579 124.329453 -160.659805
963 53.264969 124.853317 -160.491043
964 52.561798 124.504074 -160.491043
965 52.561798 124.154831 -158.465912
966 54.495499 125.377182 -159.309723
967 56.077637 124.154831 -161.503601
968 53.440750 124.678696 -159.647232
969 54.847092 124.329453 -159.309723
970 53.616547 123.456360 -160.828552
971 52.737579 124.329453 -159.647232
972 53.968124 123.456360 -161.166077
973 53.264969 123.805588 -159.815994
974 52.386002 124.678696 -159.984756
975 53.440750 123.980209 -159.984756
976 54.143921 123.630981 -160.322281
977 54.847092 124.678696 -160.997314
978 53.616547 124.504074 -159.478470
979 53.792343 124.678696 -159.984756
980 55.374466 123.456360 -160.491043
981 53.616547 122.757874 -159.815994
982 53.264969 123.456360 -161.166077
983 53.792343 123.980209 -160.659805
984 53.264969 124.853317 -159.815994
985 52.913376 124.154831 -160.828552
986 53.792343 125.027939 -159.647232
987 53.792343 123.281738 -160.997314
988 53.616547 124.853317 -159.478470
989 53.264969 124.154831 -158.465912
990 53.616547 122.757874 -160.491043
991 54.319717 125.551788 -160.153519
992 54.319717 124.504074 -160.828552
993 54.847092 123.630981 -159.984756
994 53.968124 124.154831 -159.815994
995 54.847092 123.630981 -159.984756
996 53.968124 123.107117 -158.128387
997 55.550262 125.027939 -160.322281
998 52.386002 123.281738 -159.647232
999 53.792343 124.329453 -160.322281
1000 54.495499 123.281738 -159.309723
1001 53.264969 123.805588 -159.815994
1002 53.440750 125.027939 -158.972198
1003 53.968124 123.805588 -160.153519
1004 53.089172 125.027939 -159.647232
1005 54.143921 122.932495 -158.972198
1006 54.847092 123.630981 -159.309723
1007 53.440750 124.329453 -159.984756
1008 53.792343 123.281738 -160.659805
1009 55.198669 124.329453 -160.322281
1010 54.495499 122.583252 -160.322281
1011 53.616547 123.805588 -159.478470
1012 54.671295 124.853317 -159.815994
1013 53.792343 124.678696 -160.659805
1014 53.792343 123.980209 -160.659805
1015 54.143921 123.980209 -160.322281
1016 53.264969 123.456360 -159.478470
1017 54.495499 121.884781 -159.647232
1018 54.143921 123.630981 -159.309723
1019 53.968124 124.154831 -161.166077
1020 53.968124 125.202560 -159.478470
1021 54.495499 122.932495 -160.322281
1022 54.671295 123.107117 -161.166077
1023 52.913376 124.154831 -159.815994
1024 54.495499 123.980209 -159.647232
1025 53.089172 125.027939 -159.984756
1026 53.440750 125.027939 -160.659805
1027 53.440750 123.281738 -158.972198
1028 52.913376 123.456360 -159.478470
1029 52.561798 124.154831 -160.828552
1030 53.792343 124.329453 -159.309723
1031 52.561798 124.154831 -159.478470
1032 53.440750 124.678696 -160.659805
1033 52.737579 125.027939 -159.309723
1034 53.792343 123.630981 -159.647232
1035 52.386002 124.678696 -160.322281
1036 53.968124 123.107117 -159.478470
1037 52.210205 124.853317 -159.815994
1038 53.792343 124.329453 -159.309723
1039 54.143921 123.980209 -160.322281
1040 53.968124 123.805588 -158.803436
1041 53.968124 123.107117 -159.478470
1042 54.143921 123.980209 -158.972198
1043 53.089172 123.980209 -160.997314
1044 53.089172 123.630981 -159.984756
1045 53.792343 124.678696 -160.659805
1046 53.264969 124.853317 -159.478470
1047 54.495499 122.932495 -160.997314
1048 53.616547 122.757874 -160.153519
1049 53.089172 125.377182 -159.647232
1050 54.143921 123.630981 -159.984756
1051 54.671295 123.805588 -158.803436
1052 54.319717 123.107117 -160.153519
1053 54.319717 124.154831 -158.465912
1054 54.671295 123.456360 -159.815994
1055 55.022888 125.202560 -159.815994
1056 52.561798 123.805588 -159.815994
1057 53.264969 124.853317 -161.841125
