1 21.446609 178.810913 -132.645584
2 19.864487 179.334763 -130.789230
3 21.095032 178.112427 -132.645584
4 20.040283 179.509384 -132.983109
5 21.270828 178.985519 -131.464264
6 21.446609 178.112427 -132.645584
7 21.446609 179.160141 -132.308075
8 21.446609 179.160141 -131.970551
9 20.391861 176.715469 -132.308075
10 20.391861 178.112427 -131.970551
11 19.688690 179.509384 -132.308075
12 21.798203 178.112427 -132.645584
13 20.919235 177.588562 -132.476822
14 20.216064 178.985519 -130.451706
15 20.040283 179.160141 -131.295502
16 21.798203 177.413940 -132.645584
17 20.567657 178.985519 -133.151871
18 22.677155 178.985519 -132.476822
19 19.337112 179.160141 -132.983109
20 20.743439 179.160141 -131.633026
21 20.919235 178.287048 -132.476822
22 20.216064 178.636292 -132.476822
23 20.567657 179.334763 -132.476822
24 21.095032 180.557098 -132.645584
25 21.270828 178.287048 -132.139313
26 21.622406 178.636292 -132.139313
27 20.743439 179.160141 -131.970551
28 20.216064 177.588562 -131.126740
29 21.095032 176.715469 -132.983109
30 21.798203 178.810913 -132.308075
31 21.973984 179.334763 -131.801788
32 21.622406 179.684006 -132.476822
33 21.270828 178.287048 -131.801788
34 20.216064 178.985519 -131.464264
35 20.216064 179.334763 -131.464264
36 20.040283 179.858627 -131.970551
37 21.622406 178.636292 -132.814346
38 21.973984 178.636292 -132.814346
39 19.512909 178.636292 -132.476822
40 21.973984 177.937805 -132.139313
41 20.216064 178.287048 -131.801788
42 20.216064 177.588562 -132.139313
43 20.216064 178.287048 -132.476822
44 20.919235 178.985519 -132.139313
45 20.743439 177.763184 -131.633026
46 21.270828 178.985519 -131.464264
47 21.446609 178.112427 -132.308075
48 21.270828 178.287048 -131.464264
49 19.161316 177.239319 -133.151871
50 21.270828 178.636292 -132.814346
51 20.919235 179.334763 -131.801788
52 21.973984 180.033249 -132.814346
53 20.919235 177.239319 -132.814346
54 20.919235 177.937805 -132.476822
55 20.743439 178.810913 -131.633026
56 20.567657 178.636292 -132.476822
57 22.325577 178.636292 -132.814346
58 21.270828 178.636292 -132.139313
59 20.743439 178.810913 -132.983109
60 20.743439 179.160141 -131.295502
61 20.919235 179.684006 -131.801788
62 19.864487 180.033249 -132.139313
63 20.743439 178.810913 -132.645584
64 21.973984 178.287048 -132.814346
65 20.743439 177.763184 -130.957993
66 20.567657 178.636292 -131.464264
67 20.743439 179.160141 -132.645584
68 21.270828 179.684006 -132.139313
69 20.216064 179.334763 -133.151871
70 21.270828 178.636292 -131.801788
71 20.216064 177.937805 -131.464264
72 20.743439 179.858627 -132.645584
73 20.919235 178.287048 -132.476822
74 20.743439 179.160141 -130.957993
75 20.919235 178.636292 -132.139313
76 22.501373 178.810913 -132.308075
77 20.216064 178.985519 -131.801788
78 22.677155 178.985519 -131.126740
79 21.446609 178.810913 -131.633026
80 21.622406 178.985519 -131.464264
81 20.040283 177.763184 -132.645584
82 19.864487 179.334763 -132.476822
83 20.743439 179.160141 -133.658157
84 21.270828 180.033249 -131.801788
85 20.391861 178.112427 -132.308075
86 19.688690 177.413940 -132.983109
87 20.743439 178.461670 -131.633026
88 19.161316 178.636292 -131.126740
89 19.337112 178.810913 -132.308075
90 21.622406 179.334763 -131.126740
91 21.270828 178.636292 -132.139313
92 21.270828 178.287048 -132.139313
93 21.622406 180.033249 -132.139313
94 21.270828 177.937805 -132.814346
95 21.095032 178.112427 -131.295502
96 21.446609 177.413940 -131.295502
97 20.743439 178.461670 -132.645584
98 22.325577 177.588562 -132.814346
99 21.270828 178.985519 -130.789230
100 21.798203 178.810913 -132.983109
101 20.567657 179.684006 -132.476822
102 21.446609 179.160141 -130.282944
103 20.040283 178.810913 -131.633026
104 21.095032 178.810913 -131.633026
105 20.567657 178.985519 -131.464264
106 21.622406 178.287048 -132.139313
107 21.270828 177.937805 -132.476822
108 21.622406 179.334763 -130.451706
109 22.677155 178.636292 -132.139313
110 22.149780 179.509384 -132.308075
111 21.622406 178.287048 -131.801788
112 20.743439 178.112427 -132.645584
113 22.149780 180.207870 -132.645584
114 20.919235 177.588562 -132.139313
115 21.095032 178.461670 -132.645584
116 19.688690 179.509384 -132.308075
117 21.270828 178.287048 -132.814346
118 20.216064 178.985519 -131.464264
119 21.622406 177.588562 -132.139313
120 20.743439 177.413940 -130.957993
121 20.919235 178.985519 -130.451706
122 20.216064 178.985519 -131.801788
123 19.864487 179.334763 -130.789230
124 20.040283 178.810913 -131.633026
125 20.391861 180.207870 -132.645584
126 21.973984 178.636292 -131.464264
127 21.798203 178.810913 -131.633026
128 20.919235 177.937805 -132.814346
129 20.391861 178.810913 -132.645584
130 20.743439 179.509384 -130.957993
131 21.446609 179.160141 -131.970551
132 20.743439 178.461670 -132.645584
133 20.919235 178.287048 -131.801788
134 21.095032 179.160141 -131.633026
135 21.446609 177.413940 -132.983109
136 19.512909 177.239319 -133.489395
137 20.567657 178.287048 -132.476822
138 19.512909 179.334763 -132.476822
139 20.567657 178.287048 -133.826904
140 21.446609 178.461670 -132.308075
141 19.864487 176.890091 -132.814346
142 21.446609 178.810913 -132.308075
143 21.798203 178.461670 -133.320633
144 20.919235 178.985519 -132.814346
145 22.325577 178.287048 -132.476822
146 21.446609 178.112427 -131.970551
147 20.919235 179.684006 -132.814346
148 21.446609 178.810913 -131.633026
149 20.743439 179.858627 -133.320633
150 21.095032 179.509384 -132.308075
151 20.040283 179.509384 -132.645584
152 20.919235 178.636292 -132.139313
153 21.446609 177.763184 -132.645584
154 19.337112 178.112427 -131.295502
155 20.919235 178.985519 -131.126740
156 20.743439 179.509384 -131.970551
157 21.622406 177.588562 -132.476822
158 19.864487 180.033249 -132.476822
159 20.743439 178.112427 -131.970551
160 20.567657 178.636292 -131.801788
161 22.149780 178.112427 -132.645584
162 20.743439 179.858627 -130.957993
163 20.919235 178.636292 -133.151871
164 20.743439 178.810913 -131.633026
165 21.270828 179.684006 -133.151871
166 20.216064 180.033249 -132.139313
167 21.622406 178.985519 -131.126740
168 20.919235 178.287048 -132.139313
169 21.622406 177.937805 -133.151871
170 21.095032 178.461670 -130.957993
171 21.798203 177.763184 -131.295502
172 21.622406 178.636292 -132.139313
173 20.743439 179.509384 -132.645584
174 20.743439 179.858627 -131.970551
175 20.567657 179.684006 -131.801788
176 21.973984 178.985519 -130.789230
177 21.270828 178.636292 -131.464264
178 19.864487 180.033249 -131.464264
179 20.216064 178.636292 -132.139313
180 20.743439 178.461670 -131.970551
181 21.622406 178.985519 -131.801788
182 21.446609 179.160141 -132.645584
183 21.446609 179.509384 -132.308075
184 20.391861 178.112427 -132.983109
185 21.095032 179.160141 -131.970551
186 19.337112 178.810913 -131.295502
187 21.095032 178.810913 -131.295502
188 19.864487 178.636292 -131.801788
189 20.391861 179.160141 -130.957993
190 19.161316 178.636292 -132.139313
191 21.622406 178.985519 -132.814346
192 20.216064 178.287048 -132.139313
193 20.743439 178.461670 -132.308075
194 20.567657 179.684006 -131.126740
195 21.095032 179.509384 -131.970551
196 21.973984 178.636292 -131.464264
197 20.919235 178.985519 -131.464264
198 21.446609 178.112427 -131.633026
199 19.688690 178.810913 -131.633026
200 21.622406 178.985519 -132.814346
201 20.567657 178.985519 -132.476822
202 21.095032 177.763184 -132.645584
203 21.270828 178.985519 -132.476822
204 20.391861 179.858627 -132.308075
205 21.446609 179.160141 -131.633026
206 20.567657 178.287048 -131.126740
207 21.446609 178.810913 -133.320633
208 21.798203 177.413940 -132.645584
209 20.216064 179.684006 -132.476822
210 20.391861 178.810913 -131.295502
211 20.216064 178.287048 -132.139313
212 20.743439 178.112427 -131.633026
213 18.809738 178.636292 -132.814346
214 20.216064 178.985519 -133.151871
215 20.040283 177.413940 -132.645584
216 21.095032 178.461670 -132.983109
217 20.391861 178.461670 -132.645584
218 20.567657 178.636292 -133.151871
219 20.567657 179.334763 -132.814346
220 18.985519 179.858627 -132.308075
221 20.040283 178.112427 -132.645584
222 21.095032 179.509384 -131.970551
223 21.622406 178.636292 -133.151871
224 20.919235 178.985519 -133.489395
225 21.270828 179.684006 -132.814346
226 21.095032 178.810913 -132.645584
227 21.095032 177.413940 -131.633026
228 21.270828 179.684006 -131.801788
229 20.216064 178.636292 -131.801788
230 20.743439 176.715469 -131.633026
231 20.919235 178.636292 -131.801788
232 20.919235 178.636292 -132.476822
233 19.864487 177.937805 -131.801788
234 22.149780 178.461670 -133.320633
235 21.270828 178.985519 -132.139313
236 20.743439 179.509384 -131.633026
237 20.919235 179.334763 -133.489395
238 21.095032 179.160141 -131.633026
239 19.688690 178.112427 -132.308075
240 20.919235 178.985519 -131.464264
241 20.743439 177.763184 -131.970551
242 21.095032 178.112427 -132.308075
243 20.743439 178.461670 -132.308075
244 20.919235 178.636292 -132.139313
245 20.743439 178.810913 -132.308075
246 20.040283 177.763184 -131.295502
247 23.028748 177.239319 -131.801788
248 19.688690 178.810913 -131.970551
249 20.919235 178.985519 -132.139313
250 20.391861 178.461670 -133.995667
251 20.567657 178.985519 -133.151871
252 21.973984 178.985519 -131.801788
253 20.040283 179.160141 -131.970551
254 21.270828 180.382492 -132.139313
255 20.040283 178.112427 -132.983109
256 20.919235 177.937805 -131.464264
257 21.270828 179.684006 -131.801788
258 20.919235 179.334763 -133.151871
259 22.677155 177.588562 -131.801788
260 20.919235 178.985519 -132.476822
261 21.622406 178.636292 -131.464264
262 21.798203 178.112427 -132.308075
263 19.864487 178.985519 -132.139313
264 22.325577 177.937805 -131.801788
265 20.040283 179.160141 -132.308075
266 19.512909 178.636292 -132.814346
267 21.446609 178.810913 -132.983109
268 20.743439 179.160141 -133.320633
269 20.743439 178.810913 -132.983109
270 20.391861 179.509384 -131.633026
271 19.161316 179.334763 -132.814346
272 19.512909 179.334763 -132.139313
273 20.743439 179.509384 -131.295502
274 20.743439 177.763184 -133.320633
275 19.864487 178.287048 -131.464264
276 20.391861 179.858627 -131.970551
277 20.391861 178.112427 -130.957993
278 20.743439 178.810913 -131.633026
279 22.149780 178.810913 -132.645584
280 19.688690 178.461670 -132.645584
281 20.567657 178.636292 -132.814346
282 20.567657 178.985519 -131.801788
283 20.567657 180.033249 -131.126740
284 20.040283 177.413940 -131.970551
285 19.512909 178.287048 -131.801788
286 21.622406 179.334763 -132.476822
287 20.567657 178.636292 -133.151871
288 21.270828 179.334763 -133.489395
289 21.446609 178.112427 -131.970551
290 22.325577 177.937805 -131.801788
291 21.798203 178.461670 -131.295502
292 21.270828 179.334763 -132.139313
293 20.216064 179.334763 -132.476822
294 20.391861 177.763184 -131.970551
295 20.743439 179.160141 -131.295502
296 21.095032 179.509384 -131.633026
297 20.040283 179.509384 -130.282944
298 20.919235 178.985519 -132.139313
299 20.567657 179.334763 -132.139313
300 21.622406 178.287048 -133.151871
301 20.743439 179.509384 -131.970551
302 21.270828 178.985519 -131.464264
303 20.567657 179.684006 -133.151871
304 20.391861 178.461670 -132.308075
305 21.798203 178.810913 -130.957993
306 21.446609 179.509384 -130.620468
307 21.973984 179.334763 -131.464264
308 22.149780 177.763184 -132.308075
309 20.743439 178.810913 -132.308075
310 21.270828 179.334763 -131.801788
311 19.337112 178.461670 -131.633026
312 20.040283 179.509384 -132.983109
313 20.567657 179.334763 -132.139313
314 19.512909 180.033249 -133.151871
315 20.216064 179.334763 -132.139313
316 21.622406 177.937805 -131.801788
317 19.161316 178.985519 -131.801788
318 21.095032 179.509384 -132.308075
319 20.743439 178.461670 -133.658157
320 21.095032 178.112427 -131.633026
321 21.270828 178.636292 -131.126740
322 20.216064 178.985519 -132.476822
323 20.743439 178.810913 -133.320633
324 20.919235 178.287048 -132.476822
325 20.040283 179.858627 -131.633026
326 20.743439 180.207870 -132.645584
327 21.973984 179.684006 -131.126740
328 21.446609 178.112427 -130.957993
329 19.512909 177.937805 -132.476822
330 20.743439 178.112427 -133.320633
331 21.622406 180.382492 -131.126740
332 20.743439 178.112427 -130.620468
333 21.446609 179.509384 -131.970551
334 20.391861 179.160141 -132.308075
335 21.622406 178.287048 -132.139313
336 19.512909 179.334763 -132.139313
337 20.040283 178.461670 -131.295502
338 20.040283 178.810913 -131.970551
339 21.270828 179.684006 -131.801788
340 21.446609 179.509384 -132.308075
341 18.633942 178.810913 -130.620468
342 20.743439 177.413940 -133.320633
343 21.446609 178.112427 -131.970551
344 21.095032 178.810913 -131.633026
345 21.446609 180.207870 -131.633026
346 21.798203 178.461670 -131.633026
347 20.040283 179.509384 -131.970551
348 21.270828 178.985519 -131.801788
349 21.095032 179.160141 -131.970551
350 21.270828 178.636292 -130.114182
351 20.743439 180.207870 -131.970551
352 20.391861 178.810913 -132.308075
353 20.216064 179.334763 -132.476822
354 20.040283 178.112427 -131.970551
355 20.567657 180.033249 -132.139313
356 18.985519 178.112427 -131.295502
357 20.919235 180.731720 -131.464264
358 22.149780 180.207870 -132.308075
359 21.798203 178.461670 -132.645584
360 20.743439 177.763184 -132.308075
361 21.270828 178.287048 -132.139313
362 20.216064 178.287048 -133.151871
363 20.391861 178.810913 -133.320633
364 20.216064 178.636292 -130.789230
365 21.446609 178.461670 -132.983109
366 20.919235 179.334763 -131.464264
367 20.567657 178.287048 -131.801788
368 21.798203 179.160141 -131.633026
369 20.567657 178.636292 -132.139313
370 20.919235 180.731720 -132.476822
371 20.391861 180.557098 -133.320633
372 20.040283 177.763184 -131.295502
373 21.446609 179.160141 -131.970551
374 21.095032 177.413940 -133.320633
375 21.446609 179.160141 -131.633026
376 21.270828 178.985519 -133.151871
377 21.270828 180.033249 -131.464264
378 20.743439 179.509384 -132.308075
379 21.270828 178.636292 -132.139313
380 19.512909 179.334763 -132.476822
381 21.095032 178.461670 -131.295502
382 19.688690 177.763184 -132.645584
383 19.688690 177.763184 -132.983109
384 21.270828 178.985519 -132.476822
385 21.798203 177.064713 -131.633026
386 20.216064 179.334763 -132.814346
387 20.919235 178.985519 -131.126740
388 20.391861 178.461670 -132.983109
389 20.743439 178.810913 -131.295502
390 20.216064 178.985519 -131.801788
391 21.270828 179.684006 -132.476822
392 21.622406 178.636292 -132.476822
393 21.095032 178.810913 -132.308075
394 20.391861 178.810913 -132.983109
395 20.040283 179.509384 -131.633026
396 20.391861 179.509384 -131.633026
397 20.040283 178.112427 -132.645584
398 19.864487 178.985519 -130.789230
399 21.095032 179.858627 -131.970551
400 22.149780 179.509384 -132.645584
401 20.743439 178.461670 -131.970551
402 20.743439 178.810913 -132.983109
403 20.743439 178.461670 -132.308075
404 22.149780 179.858627 -130.957993
405 21.973984 179.684006 -132.139313
406 21.446609 178.112427 -131.970551
407 22.852951 179.160141 -130.957993
408 21.973984 180.033249 -131.126740
409 23.028748 178.985519 -131.801788
410 21.446609 177.064713 -130.282944
411 21.446609 178.810913 -132.645584
412 20.391861 179.858627 -132.983109
413 20.743439 178.461670 -133.320633
414 18.985519 177.763184 -132.308075
415 20.216064 179.334763 -130.789230
416 21.973984 180.382492 -132.814346
417 20.743439 179.509384 -132.645584
418 21.095032 178.461670 -131.633026
419 21.798203 177.763184 -131.633026
420 20.391861 179.509384 -131.970551
421 20.040283 178.810913 -133.658157
422 20.391861 178.112427 -132.308075
423 21.798203 178.112427 -132.983109
424 20.040283 179.160141 -131.295502
425 21.270828 178.287048 -131.801788
426 21.622406 178.985519 -132.476822
427 20.567657 178.636292 -132.476822
428 21.446609 178.810913 -131.633026
429 21.798203 178.810913 -132.308075
430 22.325577 178.287048 -130.789230
431 20.919235 178.287048 -132.476822
432 20.743439 177.763184 -131.970551
433 21.446609 176.366226 -133.320633
434 21.622406 178.636292 -132.814346
435 20.216064 180.382492 -130.789230
436 19.337112 179.160141 -131.970551
437 19.864487 179.334763 -132.139313
438 21.270828 178.985519 -132.814346
439 20.567657 178.985519 -132.476822
440 19.337112 178.461670 -132.308075
441 20.567657 179.334763 -133.151871
442 21.270828 178.287048 -133.151871
443 20.743439 178.112427 -132.308075
444 21.973984 178.985519 -132.814346
445 21.622406 178.985519 -133.826904
446 20.040283 179.509384 -132.983109
447 21.095032 179.160141 -132.308075
448 21.270828 178.636292 -131.464264
449 19.688690 179.858627 -132.308075
450 21.622406 177.937805 -132.476822
451 20.743439 178.461670 -132.308075
452 21.270828 178.636292 -132.476822
453 21.973984 178.985519 -132.139313
454 20.216064 177.937805 -131.126740
455 21.446609 178.461670 -130.957993
456 21.798203 179.160141 -132.308075
457 21.446609 178.112427 -130.957993
458 20.040283 179.509384 -131.295502
459 21.270828 178.985519 -132.139313
460 20.040283 179.509384 -132.645584
461 20.919235 178.636292 -133.826904
462 21.095032 178.461670 -131.970551
463 21.446609 179.858627 -131.970551
464 20.567657 177.588562 -132.139313
465 21.270828 177.588562 -132.476822
466 19.688690 177.763184 -131.970551
467 22.501373 179.858627 -130.620468
468 20.391861 179.858627 -132.308075
469 19.512909 178.985519 -132.476822
470 21.798203 178.112427 -132.983109
471 21.446609 178.810913 -131.970551
472 20.040283 178.461670 -132.983109
473 21.270828 179.334763 -131.464264
474 19.688690 178.461670 -132.645584
475 20.391861 178.461670 -132.308075
476 20.743439 178.112427 -131.633026
477 21.973984 180.382492 -132.476822
478 20.567657 178.985519 -132.139313
479 20.743439 178.810913 -133.658157
480 20.743439 179.160141 -133.320633
481 20.567657 179.334763 -132.139313
482 19.161316 178.636292 -133.151871
483 20.216064 177.588562 -131.464264
484 20.216064 178.287048 -133.489395
485 20.743439 178.810913 -132.645584
486 20.567657 178.287048 -132.139313
487 21.798203 180.207870 -132.645584
488 21.270828 178.985519 -133.151871
489 21.622406 178.287048 -131.464264
490 21.446609 178.112427 -132.645584
491 20.919235 179.684006 -132.139313
492 21.446609 178.810913 -131.633026
493 21.446609 179.858627 -131.970551
494 21.270828 178.636292 -131.801788
495 20.919235 177.588562 -133.489395
496 21.798203 179.509384 -132.645584
497 20.743439 178.461670 -131.970551
498 20.040283 179.160141 -133.658157
499 20.216064 178.985519 -133.151871
500 20.216064 178.985519 -131.464264
501 21.095032 179.858627 -132.308075
502 20.743439 178.112427 -131.970551
503 20.919235 178.636292 -131.464264
504 21.446609 179.160141 -132.983109
505 21.446609 178.810913 -131.970551
506 21.270828 177.588562 -131.464264
507 19.688690 177.763184 -130.957993
508 22.677155 179.334763 -131.126740
509 21.622406 178.985519 -134.164429
510 21.095032 178.112427 -131.295502
511 20.391861 178.112427 -132.308075
512 21.446609 177.064713 -132.983109
513 20.567657 178.636292 -131.464264
514 20.391861 178.461670 -132.983109
515 21.622406 177.937805 -132.476822
516 20.040283 179.509384 -131.970551
517 19.337112 178.810913 -131.295502
518 19.864487 179.334763 -131.801788
519 21.622406 178.636292 -133.151871
520 20.743439 177.064713 -132.645584
521 20.743439 178.461670 -131.970551
522 20.567657 178.636292 -131.464264
523 21.095032 178.112427 -131.295502
524 21.446609 178.461670 -131.970551
525 20.743439 178.810913 -131.295502
526 22.325577 178.985519 -131.464264
527 19.864487 178.287048 -131.126740
528 21.446609 179.160141 -132.983109
529 21.095032 177.763184 -131.970551
530 21.270828 178.287048 -132.476822
531 20.040283 179.160141 -132.645584
532 21.798203 179.509384 -131.970551
533 20.040283 178.112427 -131.633026
534 22.149780 178.461670 -131.970551
535 21.973984 178.287048 -132.476822
536 21.095032 179.509384 -131.295502
537 21.622406 179.684006 -132.139313
538 21.798203 178.112427 -132.308075
539 22.501373 180.207870 -132.983109
540 20.919235 180.382492 -131.126740
541 20.919235 178.636292 -132.476822
542 20.919235 178.287048 -131.801788
543 19.688690 178.810913 -133.320633
544 20.216064 178.985519 -131.801788
545 20.919235 178.985519 -132.139313
546 20.919235 178.985519 -133.489395
547 21.446609 177.763184 -132.308075
548 20.216064 178.636292 -132.814346
549 20.919235 178.985519 -132.139313
550 21.095032 179.509384 -131.633026
551 20.216064 177.937805 -132.139313
552 21.270828 178.287048 -132.139313
553 21.095032 179.160141 -130.957993
554 20.919235 179.684006 -131.464264
555 20.919235 177.937805 -132.476822
556 20.567657 179.684006 -132.139313
557 19.337112 179.160141 -131.970551
558 20.743439 179.160141 -133.320633
559 21.095032 178.112427 -132.983109
560 21.270828 178.636292 -131.126740
561 22.149780 178.810913 -130.620468
562 20.567657 177.937805 -132.814346
563 22.149780 178.810913 -132.308075
564 21.798203 179.160141 -132.983109
565 21.446609 179.160141 -130.957993
566 21.973984 179.334763 -131.801788
567 22.149780 179.858627 -132.983109
568 21.270828 179.334763 -132.139313
569 20.919235 178.985519 -131.126740
570 21.798203 178.461670 -132.983109
571 21.270828 178.985519 -133.826904
572 20.919235 179.684006 -132.476822
573 20.391861 178.461670 -132.308075
574 21.270828 178.985519 -133.151871
575 19.864487 178.636292 -131.801788
576 21.270828 176.540848 -132.476822
577 20.919235 177.937805 -132.139313
578 21.622406 179.334763 -131.126740
579 21.095032 179.509384 -131.295502
580 20.743439 178.461670 -131.633026
581 21.270828 178.985519 -131.126740
582 20.391861 178.810913 -130.957993
583 21.095032 179.509384 -132.983109
584 20.567657 177.937805 -132.476822
585 20.216064 178.985519 -132.139313
586 22.149780 177.413940 -131.295502
587 22.149780 179.160141 -130.957993
588 20.391861 178.112427 -132.645584
589 19.512909 180.731720 -130.451706
590 21.798203 178.461670 -131.970551
591 19.864487 177.239319 -132.476822
592 21.270828 180.033249 -131.801788
593 19.688690 177.413940 -131.970551
594 21.270828 178.636292 -132.139313
595 21.798203 178.810913 -131.970551
596 21.622406 178.287048 -132.476822
597 21.095032 179.160141 -132.645584
598 21.095032 178.810913 -132.645584
599 21.622406 177.588562 -132.139313
600 20.391861 179.509384 -132.983109
601 20.216064 178.985519 -131.126740
602 22.677155 178.636292 -132.476822
603 20.567657 179.334763 -131.801788
604 20.919235 178.636292 -132.814346
605 20.391861 178.112427 -132.308075
606 20.216064 177.239319 -132.814346
607 20.743439 179.509384 -130.620468
608 22.677155 177.239319 -132.814346
609 20.216064 180.033249 -130.789230
610 20.919235 178.287048 -132.814346
611 21.798203 178.810913 -133.995667
612 20.567657 178.636292 -132.476822
613 21.798203 179.160141 -132.983109
614 21.798203 179.858627 -131.633026
615 21.446609 178.810913 -133.320633
616 21.270828 180.033249 -132.139313
617 19.337112 179.160141 -131.970551
618 19.512909 179.334763 -132.139313
619 21.622406 178.985519 -132.814346
620 21.622406 179.334763 -131.464264
621 21.446609 179.160141 -131.633026
622 21.798203 178.461670 -133.320633
623 20.743439 178.810913 -132.645584
624 20.567657 178.287048 -132.476822
625 20.567657 180.033249 -133.489395
626 19.512909 177.588562 -131.801788
627 20.567657 178.636292 -131.126740
628 20.743439 178.810913 -132.645584
629 21.270828 178.636292 -132.814346
630 21.095032 178.461670 -131.970551
631 21.798203 178.461670 -131.633026
632 20.743439 177.064713 -132.983109
633 22.501373 179.509384 -132.983109
634 21.446609 178.461670 -132.308075
635 20.743439 178.112427 -132.308075
636 20.040283 178.461670 -132.983109
637 20.567657 179.334763 -132.139313
638 20.040283 178.112427 -131.295502
639 20.216064 179.334763 -131.126740
640 21.446609 178.112427 -131.970551
641 20.743439 180.207870 -133.658157
642 21.095032 178.112427 -131.970551
643 21.270828 178.985519 -131.801788
644 20.040283 179.160141 -130.957993
645 21.095032 179.858627 -132.983109
646 21.270828 180.033249 -132.814346
647 20.567657 178.636292 -132.476822
648 20.567657 177.937805 -131.464264
649 21.270828 178.287048 -133.826904
650 21.095032 179.160141 -133.658157
651 21.446609 178.112427 -133.320633
652 20.567657 178.636292 -132.814346
653 20.743439 177.413940 -132.645584
654 19.161316 178.287048 -132.476822
655 20.743439 178.810913 -133.320633
656 21.973984 178.636292 -132.476822
657 20.919235 178.287048 -132.476822
658 21.622406 179.334763 -132.139313
659 19.688690 179.160141 -133.320633
660 20.040283 178.810913 -131.295502
661 21.270828 178.287048 -131.801788
662 20.567657 177.937805 -132.476822
663 20.216064 178.636292 -131.801788
664 20.216064 178.985519 -131.801788
665 20.743439 179.509384 -132.645584
666 20.216064 179.334763 -132.476822
667 20.743439 178.810913 -133.320633
668 22.149780 178.810913 -133.995667
669 21.095032 178.810913 -132.983109
670 20.567657 180.382492 -132.814346
671 21.973984 180.033249 -132.476822
672 21.622406 178.287048 -132.814346
673 20.216064 179.334763 -132.139313
674 20.040283 179.509384 -131.295502
675 20.216064 178.985519 -133.151871
676 19.864487 178.985519 -131.464264
677 19.688690 180.207870 -131.295502
678 22.677155 179.334763 -132.139313
679 21.973984 177.937805 -131.801788
680 21.270828 177.588562 -132.139313
681 20.743439 179.160141 -133.320633
682 21.270828 178.985519 -132.814346
683 22.149780 178.112427 -131.970551
684 22.149780 179.509384 -131.970551
685 22.149780 178.461670 -131.295502
686 20.391861 178.112427 -132.645584
687 22.325577 179.684006 -133.151871
688 19.512909 178.636292 -132.476822
689 20.567657 177.937805 -131.801788
690 19.864487 180.033249 -132.476822
691 21.270828 178.636292 -131.801788
692 20.391861 179.858627 -132.645584
693 20.919235 177.937805 -131.801788
694 22.501373 178.112427 -132.983109
695 21.622406 177.937805 -132.476822
696 20.919235 179.334763 -131.801788
697 20.743439 177.763184 -131.633026
698 21.446609 178.461670 -131.970551
699 20.919235 178.287048 -132.814346
700 21.095032 178.810913 -131.970551
701 20.919235 178.287048 -132.814346
702 20.391861 177.763184 -131.295502
703 20.391861 178.810913 -130.957993
704 19.337112 178.461670 -132.645584
705 20.567657 179.334763 -130.789230
706 21.446609 178.461670 -130.620468
707 21.095032 179.858627 -131.295502
708 20.391861 179.160141 -133.320633
709 20.919235 177.588562 -132.476822
710 19.864487 178.636292 -132.139313
711 20.567657 178.636292 -132.139313
712 20.743439 178.461670 -132.983109
713 21.622406 178.636292 -131.801788
714 19.337112 179.509384 -132.645584
715 20.919235 178.985519 -132.814346
716 21.095032 178.461670 -131.295502
717 20.391861 179.160141 -133.658157
718 20.919235 177.937805 -132.814346
719 20.919235 179.334763 -132.814346
720 22.149780 178.461670 -132.645584
721 20.743439 179.509384 -131.970551
722 21.446609 177.763184 -131.633026
723 20.567657 178.985519 -131.801788
724 20.919235 178.287048 -132.814346
725 19.337112 177.064713 -132.308075
726 21.446609 179.160141 -131.970551
727 20.567657 179.334763 -132.139313
728 22.325577 180.033249 -132.476822
729 21.798203 178.461670 -131.970551
730 20.040283 177.064713 -131.970551
731 20.391861 178.810913 -132.983109
732 20.567657 179.684006 -133.151871
733 20.391861 177.763184 -132.645584
734 22.325577 178.985519 -132.139313
735 21.446609 179.509384 -132.983109
736 21.798203 180.207870 -131.970551
737 21.095032 179.160141 -132.308075
738 20.919235 177.937805 -132.139313
739 18.633942 178.461670 -131.295502
740 20.743439 177.413940 -133.320633
741 21.095032 178.810913 -132.983109
742 21.622406 178.636292 -132.814346
743 22.149780 179.858627 -132.983109
744 19.688690 178.810913 -132.308075
745 20.919235 179.334763 -132.814346
746 20.391861 179.509384 -132.308075
747 20.743439 180.557098 -131.970551
748 20.743439 178.112427 -133.320633
749 21.973984 177.588562 -132.476822
750 21.446609 178.461670 -131.633026
751 21.095032 178.810913 -131.295502
752 20.216064 178.287048 -131.801788
753 20.567657 176.540848 -132.814346
754 22.501373 178.112427 -132.308075
755 20.919235 178.985519 -132.814346
756 21.270828 180.033249 -132.814346
757 20.567657 178.985519 -131.801788
758 21.270828 178.985519 -131.801788
759 20.743439 178.810913 -132.308075
760 20.919235 179.684006 -131.126740
761 18.985519 177.763184 -132.308075
762 21.095032 177.763184 -132.983109
763 20.040283 177.763184 -131.970551
764 20.567657 178.636292 -130.789230
765 19.512909 178.636292 -133.151871
766 21.095032 178.461670 -132.308075
767 20.743439 177.413940 -130.957993
768 21.095032 177.763184 -133.320633
769 20.040283 178.810913 -132.308075
770 20.567657 178.287048 -130.451706
771 20.216064 177.588562 -132.139313
772 20.919235 178.636292 -130.114182
773 22.149780 179.858627 -133.320633
774 19.161316 181.779449 -132.476822
775 21.798203 178.112427 -132.308075
776 20.743439 178.810913 -132.983109
777 20.567657 178.636292 -131.126740
778 22.149780 179.858627 -132.983109
779 20.391861 178.810913 -133.995667
780 20.919235 178.985519 -134.501953
781 20.567657 178.636292 -132.139313
782 21.095032 178.810913 -133.658157
783 21.095032 179.160141 -132.645584
784 20.567657 178.985519 -131.464264
785 21.095032 179.160141 -132.645584
786 20.391861 177.763184 -132.308075
787 21.446609 178.461670 -131.970551
788 21.798203 180.557098 -131.970551
789 20.040283 177.413940 -132.645584
790 20.567657 179.684006 -132.814346
791 19.864487 178.636292 -132.476822
792 21.798203 178.461670 -132.645584
793 20.919235 178.985519 -131.126740
794 21.095032 177.413940 -133.320633
795 21.095032 179.160141 -131.295502
796 22.677155 177.239319 -132.139313
797 21.095032 178.112427 -132.983109
798 20.567657 178.287048 -132.814346
799 21.798203 178.810913 -133.320633
800 22.149780 179.509384 -131.633026
801 21.446609 179.160141 -132.308075
802 21.270828 177.937805 -132.139313
803 21.973984 178.636292 -132.814346
804 20.743439 178.461670 -132.645584
805 21.095032 179.160141 -132.645584
806 21.095032 179.509384 -131.970551
807 22.325577 178.636292 -131.464264
808 20.919235 178.985519 -132.476822
809 21.973984 177.588562 -132.814346
810 22.325577 177.937805 -133.489395
811 22.501373 178.461670 -130.620468
812 21.095032 178.112427 -132.983109
813 21.798203 179.509384 -132.645584
814 19.161316 179.684006 -132.814346
815 21.095032 178.461670 -132.983109
816 20.919235 178.636292 -131.464264
817 21.270828 180.382492 -132.139313
818 20.216064 178.985519 -131.801788
819 20.391861 179.509384 -131.633026
820 21.446609 179.160141 -134.333191
821 21.798203 178.461670 -132.645584
822 21.095032 178.461670 -133.320633
823 20.391861 179.509384 -131.295502
824 20.743439 179.858627 -131.633026
825 21.622406 178.287048 -132.139313
826 20.743439 178.810913 -132.308075
827 21.095032 176.715469 -131.633026
828 21.095032 178.810913 -131.970551
829 20.567657 180.382492 -133.489395
830 20.567657 179.684006 -132.814346
831 20.567657 179.684006 -131.464264
832 21.095032 179.858627 -132.308075
833 21.270828 178.636292 -130.789230
834 20.391861 179.160141 -133.658157
835 20.391861 178.461670 -130.957993
836 21.446609 177.763184 -131.295502
837 21.095032 178.461670 -130.282944
838 21.270828 178.636292 -132.139313
839 21.446609 179.858627 -131.970551
840 21.973984 177.937805 -132.139313
841 20.743439 178.810913 -133.658157
842 20.743439 178.810913 -131.633026
843 20.743439 179.160141 -132.308075
844 20.391861 179.509384 -132.645584
845 21.270828 178.985519 -132.139313
846 19.688690 179.858627 -131.295502
847 20.216064 179.334763 -131.464264
848 21.446609 178.461670 -131.970551
849 21.270828 178.636292 -132.814346
850 21.446609 178.461670 -131.970551
851 21.095032 178.112427 -132.308075
852 19.161316 177.937805 -132.476822
853 21.095032 179.858627 -131.970551
854 21.798203 178.810913 -130.957993
855 20.567657 178.636292 -133.489395
856 20.391861 179.858627 -132.308075
857 20.919235 177.239319 -130.789230
858 19.161316 178.636292 -131.464264
859 19.688690 178.461670 -131.633026
860 21.446609 178.112427 -130.957993
861 21.973984 178.985519 -133.151871
862 19.512909 178.985519 -132.476822
863 20.391861 179.509384 -132.645584
864 20.743439 178.461670 -132.308075
865 20.040283 178.112427 -131.970551
866 21.622406 178.985519 -133.151871
867 21.622406 178.636292 -133.826904
868 21.270828 178.636292 -132.476822
869 21.095032 179.160141 -133.320633
870 20.743439 178.810913 -132.308075
871 21.622406 178.985519 -131.126740
872 22.501373 178.810913 -133.320633
873 21.095032 178.461670 -131.633026
874 22.149780 179.160141 -131.970551
875 21.622406 178.985519 -132.139313
876 21.446609 178.461670 -132.308075
877 20.567657 178.636292 -131.801788
878 20.391861 180.557098 -132.308075
879 20.567657 180.033249 -130.451706
880 20.743439 179.858627 -132.645584
881 20.567657 176.890091 -132.476822
882 21.798203 179.160141 -130.957993
883 21.973984 178.636292 -132.476822
884 21.270828 177.937805 -132.139313
885 21.798203 178.461670 -133.320633
886 20.567657 177.588562 -131.126740
887 19.337112 178.461670 -132.983109
888 20.919235 178.636292 -131.801788
889 21.270828 178.985519 -131.801788
890 20.391861 181.604828 -131.633026
891 20.743439 178.810913 -132.645584
892 21.446609 178.112427 -132.308075
893 21.622406 179.684006 -132.139313
894 20.567657 177.937805 -133.151871
895 20.391861 178.461670 -131.970551
896 20.216064 177.588562 -133.151871
897 20.919235 177.937805 -131.464264
898 21.622406 178.985519 -131.801788
899 20.567657 178.985519 -131.801788
900 20.919235 178.636292 -132.814346
901 20.216064 178.636292 -133.151871
902 20.216064 179.684006 -133.489395
903 20.743439 179.858627 -131.295502
904 21.798203 179.509384 -132.983109
905 21.095032 179.858627 -132.645584
906 20.743439 178.810913 -131.970551
907 21.095032 179.160141 -132.645584
908 20.216064 178.985519 -132.476822
909 22.149780 178.112427 -131.970551
910 20.391861 178.461670 -131.970551
911 20.391861 178.810913 -131.633026
912 20.567657 178.636292 -131.801788
913 22.501373 179.509384 -132.308075
914 20.919235 177.937805 -131.464264
915 21.095032 177.763184 -132.645584
916 20.391861 179.509384 -131.970551
917 21.270828 178.985519 -133.151871
918 20.919235 177.937805 -131.801788
919 20.919235 178.636292 -131.126740
920 20.567657 178.985519 -133.151871
921 20.743439 178.810913 -130.957993
922 22.149780 179.160141 -133.658157
923 21.622406 179.334763 -131.801788
924 21.270828 178.287048 -133.826904
925 21.446609 178.461670 -132.645584
926 20.040283 179.160141 -131.295502
927 19.864487 179.334763 -131.126740
928 21.622406 178.985519 -130.789230
929 20.743439 177.763184 -133.320633
930 21.270828 177.588562 -132.139313
931 21.973984 178.287048 -132.476822
932 20.743439 178.461670 -132.308075
933 21.095032 178.810913 -132.645584
934 21.095032 179.509384 -132.983109
935 19.688690 178.810913 -131.633026
936 21.095032 179.509384 -131.633026
937 21.446609 177.763184 -132.308075
938 20.743439 179.160141 -131.970551
939 20.743439 178.112427 -131.295502
940 21.798203 178.461670 -132.308075
941 21.973984 178.985519 -132.476822
942 21.973984 179.334763 -132.476822
943 20.567657 177.937805 -133.826904
944 20.391861 179.509384 -132.308075
945 22.325577 178.287048 -132.139313
946 20.919235 178.287048 -132.476822
947 23.380325 179.334763 -132.476822
948 21.270828 178.636292 -131.126740
949 21.095032 179.509384 -133.320633
950 21.446609 179.160141 -131.970551
951 20.743439 178.810913 -131.633026
952 21.095032 178.112427 -130.620468
953 21.446609 178.112427 -130.957993
954 20.040283 178.810913 -131.633026
955 20.567657 177.588562 -131.464264
956 20.391861 180.207870 -132.308075
957 22.852951 178.461670 -131.633026
958 20.391861 179.509384 -131.970551
959 19.688690 178.810913 -131.295502
960 19.337112 179.858627 -132.308075
961 21.622406 177.588562 -133.151871
962 20.743439 178.810913 -132.983109
963 21.798203 178.810913 -131.970551
964 20.391861 180.557098 -131.633026
965 21.095032 179.858627 -131.295502
966 21.095032 178.461670 -133.320633
967 21.798203 179.160141 -132.983109
968 20.391861 178.112427 -131.295502
969 21.798203 178.461670 -131.633026
970 20.040283 178.461670 -131.295502
971 20.919235 179.684006 -131.801788
972 20.919235 179.684006 -131.801788
973 20.743439 178.461670 -132.645584
974 20.567657 179.334763 -132.814346
975 20.919235 179.684006 -132.139313
976 21.270828 177.588562 -132.139313
977 21.798203 178.112427 -131.633026
978 21.270828 178.636292 -132.476822
979 21.798203 179.509384 -132.308075
980 21.446609 180.207870 -131.633026
981 21.798203 177.413940 -133.320633
982 20.567657 179.334763 -131.801788
983 21.095032 178.810913 -132.645584
984 20.216064 177.937805 -131.464264
985 21.798203 179.509384 -133.320633
986 21.622406 179.684006 -132.139313
987 21.446609 179.509384 -131.295502
988 21.446609 178.112427 -130.620468
989 21.446609 177.763184 -131.633026
990 21.622406 178.985519 -133.151871
991 22.149780 178.810913 -132.308075
992 20.919235 177.588562 -132.814346
993 21.798203 179.858627 -132.308075
994 20.391861 178.461670 -132.308075
995 20.919235 180.382492 -133.151871
996 21.973984 178.985519 -132.476822
997 21.622406 177.937805 -130.789230
998 21.270828 178.985519 -132.476822
999 21.270828 178.287048 -133.151871
1000 20.919235 179.334763 -131.801788
1001 21.270828 178.636292 -131.801788
1002 21.095032 178.461670 -131.633026
1003 21.973984 178.287048 -132.814346
