1 27.950912 187.367294 -147.665253
2 27.247742 187.367294 -150.027893
3 28.126709 185.795700 -148.509064
4 29.533051 186.144943 -148.846573
5 27.599335 186.319565 -148.677811
6 28.126709 186.144943 -146.483932
7 29.181458 187.192673 -148.509064
8 28.829880 187.891144 -149.859146
9 30.060425 186.319565 -147.665253
10 27.423538 187.192673 -149.859146
11 27.775131 187.192673 -147.834015
12 26.896164 187.716522 -149.352859
13 29.533051 187.192673 -149.521622
14 27.775131 186.494186 -147.496490
15 27.775131 187.192673 -148.509064
16 28.654083 186.668808 -148.677811
17 29.708832 187.716522 -149.015335
18 28.302505 188.415009 -148.002777
19 28.829880 186.843430 -148.509064
20 29.181458 187.192673 -148.509064
21 29.005676 187.367294 -149.015335
22 29.533051 187.192673 -147.834015
23 29.005676 186.668808 -150.365417
24 29.708832 187.367294 -148.677811
25 30.060425 186.319565 -150.365417
26 28.478287 185.446472 -149.859146
27 27.599335 185.970322 -148.340302
28 28.654083 188.065765 -149.352859
29 29.181458 187.192673 -148.509064
30 28.478287 186.843430 -147.496490
31 28.302505 187.367294 -149.690384
32 28.654083 187.716522 -148.340302
33 29.005676 188.764252 -148.002777
34 28.478287 187.541901 -148.846573
35 29.884628 186.494186 -148.846573
36 27.599335 187.716522 -150.365417
37 28.478287 186.843430 -149.184097
38 28.126709 187.192673 -148.509064
39 29.884628 187.192673 -148.846573
40 28.302505 185.970322 -149.352859
41 29.005676 187.367294 -149.352859
42 27.950912 188.764252 -147.665253
43 30.236206 187.891144 -148.171539
44 28.829880 187.192673 -150.534180
45 29.533051 186.494186 -148.846573
46 28.302505 187.716522 -149.352859
47 28.654083 186.319565 -149.015335
48 28.478287 187.891144 -148.846573
49 29.181458 187.192673 -148.171539
50 28.126709 187.192673 -149.859146
51 28.654083 186.668808 -148.677811
52 27.950912 188.065765 -148.340302
53 29.005676 187.018051 -149.015335
54 29.005676 188.415009 -147.327728
55 28.829880 187.891144 -151.209229
56 28.478287 187.891144 -149.521622
57 29.005676 187.018051 -150.027893
58 29.357254 187.018051 -150.027893
59 28.478287 186.843430 -148.846573
60 27.071960 188.240387 -149.859146
61 28.478287 187.891144 -148.846573
62 29.005676 188.415009 -149.015335
63 28.654083 186.668808 -149.015335
64 30.412003 187.018051 -149.015335
65 30.060425 186.668808 -148.340302
66 27.599335 186.319565 -149.015335
67 28.478287 185.097229 -149.184097
68 28.829880 186.494186 -149.184097
69 29.708832 187.018051 -148.677811
70 28.478287 187.541901 -148.846573
71 29.884628 188.589630 -148.846573
72 28.654083 186.319565 -148.677811
73 28.126709 187.891144 -148.846573
74 28.478287 187.192673 -148.509064
75 27.599335 185.970322 -148.677811
76 29.005676 187.018051 -147.665253
77 27.071960 186.843430 -148.846573
78 29.181458 187.891144 -148.846573
79 28.478287 186.494186 -148.846573
80 28.829880 186.144943 -148.846573
81 29.005676 185.970322 -148.340302
82 28.302505 187.716522 -149.015335
83 27.775131 186.843430 -148.846573
84 28.829880 187.192673 -148.509064
85 28.126709 187.192673 -148.509064
86 28.654083 187.367294 -148.002777
87 30.236206 188.240387 -149.859146
88 27.775131 186.843430 -148.509064
89 27.599335 186.319565 -148.677811
90 30.236206 187.891144 -147.158981
91 28.302505 188.764252 -149.690384
92 27.950912 187.367294 -148.677811
93 29.533051 187.192673 -148.171539
94 29.884628 187.891144 -149.184097
95 28.478287 185.795700 -148.846573
96 29.708832 187.018051 -148.340302
97 28.654083 188.065765 -148.002777
98 29.357254 187.018051 -148.340302
99 28.478287 187.891144 -149.184097
100 28.478287 186.144943 -148.171539
101 28.302505 186.668808 -149.690384
102 28.302505 186.668808 -150.365417
103 28.302505 187.367294 -149.015335
104 28.654083 187.018051 -149.015335
105 27.775131 187.891144 -148.846573
106 29.708832 188.065765 -150.365417
107 30.587799 187.192673 -150.534180
108 28.302505 186.668808 -149.690384
109 28.654083 186.668808 -150.365417
110 28.302505 187.018051 -148.002777
111 29.005676 187.367294 -148.677811
112 29.533051 186.494186 -148.846573
113 27.775131 186.494186 -148.846573
114 28.829880 187.541901 -149.521622
115 27.599335 187.018051 -148.340302
116 27.599335 186.319565 -148.340302
117 29.533051 186.843430 -148.846573
118 28.829880 186.144943 -148.509064
119 28.478287 186.843430 -147.834015
120 27.247742 188.764252 -147.327728
121 29.884628 187.541901 -148.509064
122 29.181458 187.192673 -147.158981
123 27.599335 187.716522 -150.702942
124 27.775131 187.192673 -149.521622
125 28.478287 186.494186 -150.196655
126 29.181458 188.938873 -148.509064
127 28.478287 187.192673 -149.521622
128 27.950912 187.018051 -148.002777
129 29.005676 187.367294 -149.015335
130 28.478287 187.192673 -148.171539
131 29.533051 187.891144 -149.521622
132 28.302505 188.764252 -149.015335
133 30.412003 188.065765 -148.677811
134 28.302505 185.970322 -149.352859
135 29.533051 187.891144 -149.521622
136 29.884628 188.589630 -149.184097
137 28.478287 187.891144 -149.521622
138 27.775131 187.192673 -150.196655
139 29.357254 186.319565 -149.015335
140 28.126709 186.144943 -149.521622
141 29.357254 187.367294 -149.015335
142 28.829880 186.144943 -148.171539
143 28.654083 186.668808 -148.677811
144 29.357254 186.319565 -148.002777
145 29.181458 186.494186 -148.171539
146 29.533051 187.891144 -150.196655
147 28.654083 186.319565 -147.327728
148 27.950912 186.319565 -148.677811
149 28.126709 186.843430 -148.509064
150 28.126709 186.494186 -148.171539
151 29.357254 188.065765 -150.365417
152 29.005676 187.367294 -148.677811
153 29.181458 186.144943 -149.184097
154 27.599335 185.970322 -149.690384
155 30.060425 186.319565 -149.352859
156 28.654083 187.716522 -148.002777
157 27.423538 187.541901 -148.846573
158 29.181458 187.192673 -149.184097
159 29.005676 187.018051 -148.677811
160 29.181458 187.192673 -149.859146
161 28.302505 186.668808 -147.665253
162 28.478287 187.192673 -149.521622
163 28.654083 186.668808 -149.352859
164 29.708832 186.668808 -148.340302
165 28.302505 188.065765 -149.015335
166 30.236206 187.192673 -149.521622
167 27.599335 186.668808 -148.002777
168 28.829880 186.843430 -150.196655
169 28.654083 187.716522 -148.677811
170 29.181458 187.192673 -148.509064
171 28.302505 187.716522 -148.340302
172 30.236206 186.843430 -149.184097
173 31.115173 186.668808 -149.352859
174 27.950912 188.065765 -148.002777
175 30.060425 187.018051 -148.002777
176 29.533051 187.192673 -150.534180
177 28.126709 187.541901 -148.846573
178 28.126709 187.541901 -149.184097
179 30.060425 187.716522 -148.677811
180 29.357254 185.271851 -149.352859
181 30.412003 188.415009 -149.352859
182 29.357254 186.668808 -147.665253
183 28.478287 187.541901 -149.859146
184 28.126709 187.891144 -149.184097
185 29.533051 188.240387 -149.184097
186 29.005676 187.367294 -150.027893
187 28.654083 187.716522 -149.015335
188 28.654083 185.970322 -150.702942
189 27.599335 188.065765 -149.352859
190 28.829880 188.240387 -148.171539
191 27.950912 188.764252 -150.702942
192 29.005676 187.367294 -149.690384
193 28.302505 188.065765 -149.690384
194 27.775131 186.144943 -148.509064
195 29.357254 187.018051 -148.677811
196 29.181458 186.843430 -149.521622
197 29.005676 187.018051 -149.690384
198 29.708832 185.621094 -147.665253
199 28.654083 186.668808 -149.352859
200 29.181458 186.144943 -147.496490
201 28.478287 186.843430 -148.846573
202 28.829880 187.541901 -148.171539
203 28.478287 188.240387 -149.521622
204 27.775131 187.891144 -149.521622
205 28.829880 187.891144 -149.184097
206 29.533051 186.494186 -148.846573
207 28.478287 187.541901 -149.184097
208 29.181458 187.192673 -148.509064
209 29.357254 186.319565 -149.015335
210 28.126709 186.843430 -148.171539
211 28.126709 187.192673 -148.846573
212 29.005676 188.065765 -148.340302
213 27.950912 187.367294 -149.352859
214 29.533051 187.192673 -149.184097
215 28.654083 187.367294 -149.015335
216 29.181458 188.240387 -148.509064
217 28.478287 187.541901 -150.196655
218 29.181458 186.843430 -148.509064
219 30.236206 186.144943 -147.834015
220 30.060425 187.367294 -150.027893
221 28.654083 186.668808 -148.677811
222 27.775131 187.541901 -148.846573
223 29.708832 188.764252 -149.690384
224 29.005676 186.668808 -149.015335
225 29.357254 187.367294 -148.677811
226 28.654083 187.716522 -149.015335
227 28.126709 187.541901 -149.859146
228 29.005676 187.367294 -149.352859
229 29.708832 187.018051 -148.677811
230 28.126709 187.192673 -148.846573
231 27.775131 187.541901 -148.509064
232 29.533051 186.843430 -148.509064
233 27.423538 188.589630 -148.509064
234 27.071960 186.843430 -148.846573
235 30.060425 186.668808 -149.690384
236 30.236206 186.144943 -150.196655
237 28.654083 187.367294 -149.015335
238 29.884628 187.891144 -147.834015
239 29.357254 187.367294 -148.677811
240 28.302505 187.018051 -149.690384
241 29.708832 188.415009 -148.340302
242 29.005676 187.018051 -149.352859
243 29.005676 187.716522 -149.352859
244 28.302505 187.018051 -149.015335
245 29.005676 187.018051 -149.015335
246 30.060425 188.065765 -148.677811
247 29.005676 185.970322 -150.027893
248 29.005676 186.668808 -149.352859
249 27.950912 187.367294 -149.352859
250 28.478287 187.192673 -148.846573
251 28.302505 186.319565 -149.352859
252 28.478287 187.541901 -148.171539
253 29.533051 187.192673 -149.184097
254 28.654083 185.970322 -149.015335
255 29.181458 186.843430 -149.859146
256 29.884628 187.192673 -148.171539
257 29.181458 187.192673 -148.171539
258 28.302505 186.319565 -148.340302
259 28.126709 186.843430 -148.509064
260 28.829880 187.891144 -149.184097
261 28.478287 187.192673 -148.171539
262 29.005676 186.668808 -148.677811
263 27.599335 186.319565 -150.702942
264 30.412003 187.367294 -148.340302
265 28.478287 187.891144 -149.184097
266 29.181458 185.795700 -149.521622
267 28.478287 187.192673 -149.859146
268 28.654083 187.018051 -149.352859
269 28.654083 188.415009 -148.677811
270 28.654083 187.716522 -148.677811
271 27.950912 187.716522 -150.702942
272 27.950912 187.367294 -148.002777
273 28.126709 186.843430 -148.509064
274 29.181458 186.843430 -148.509064
275 28.478287 187.541901 -147.158981
276 28.478287 186.494186 -150.196655
277 27.423538 187.891144 -149.521622
278 27.950912 187.367294 -149.015335
279 27.775131 186.144943 -148.846573
280 29.005676 187.716522 -149.690384
281 28.829880 186.843430 -148.171539
282 28.302505 187.367294 -149.690384
283 29.181458 186.843430 -149.184097
284 29.005676 186.319565 -148.340302
285 29.708832 187.716522 -148.677811
286 29.708832 186.668808 -150.027893
287 28.829880 187.541901 -148.171539
288 28.829880 186.494186 -149.184097
289 29.005676 187.018051 -150.365417
290 29.533051 187.192673 -148.171539
291 27.775131 188.589630 -148.171539
292 28.302505 187.716522 -148.340302
293 28.478287 186.494186 -148.846573
294 29.005676 187.018051 -150.027893
295 28.302505 188.065765 -149.015335
296 28.829880 187.541901 -147.834015
297 28.126709 187.891144 -148.171539
298 28.302505 187.716522 -149.352859
299 28.302505 187.716522 -149.015335
300 28.829880 187.192673 -149.859146
301 29.708832 185.970322 -148.340302
302 28.126709 187.192673 -148.846573
303 29.533051 188.938873 -147.834015
304 28.478287 186.843430 -148.171539
305 28.126709 186.144943 -148.509064
306 27.950912 187.716522 -149.352859
307 28.654083 187.018051 -149.352859
308 28.654083 185.970322 -148.340302
309 28.654083 187.367294 -149.015335
310 29.357254 187.367294 -150.027893
311 28.302505 187.367294 -149.690384
312 28.829880 186.843430 -149.521622
313 27.775131 187.541901 -148.509064
314 28.126709 187.891144 -149.521622
315 28.478287 187.891144 -148.171539
316 28.654083 187.716522 -148.677811
317 26.720367 186.843430 -148.846573
318 28.478287 187.192673 -150.196655
319 27.423538 188.589630 -149.521622
320 29.533051 187.192673 -149.521622
321 29.005676 187.018051 -148.677811
322 27.950912 187.018051 -149.015335
323 28.829880 187.541901 -147.496490
324 29.181458 187.891144 -148.509064
325 28.654083 186.668808 -149.015335
326 27.247742 187.018051 -148.002777
327 29.005676 186.319565 -148.340302
328 29.533051 187.192673 -149.521622
329 29.357254 187.367294 -148.002777
330 29.533051 185.795700 -148.846573
331 30.236206 187.891144 -147.158981
332 29.005676 188.065765 -150.027893
333 28.478287 187.192673 -149.521622
334 29.708832 187.018051 -150.027893
335 29.357254 186.668808 -149.690384
336 29.884628 187.541901 -148.846573
337 28.478287 189.288101 -149.521622
338 29.357254 187.367294 -150.027893
339 27.599335 186.668808 -149.352859
340 27.950912 188.065765 -149.015335
341 29.533051 187.891144 -148.846573
342 28.829880 186.494186 -149.184097
343 29.181458 187.192673 -148.509064
344 27.950912 187.367294 -148.677811
345 29.357254 185.970322 -149.690384
346 28.478287 186.494186 -148.509064
347 29.884628 187.541901 -148.171539
348 27.423538 187.192673 -149.859146
349 29.005676 187.716522 -149.352859
350 28.478287 186.843430 -148.509064
351 29.181458 187.541901 -148.171539
352 29.533051 186.843430 -149.184097
353 27.423538 187.541901 -148.846573
354 27.950912 187.018051 -149.352859
355 29.533051 187.192673 -148.509064
356 27.950912 187.716522 -149.015335
357 29.357254 185.621094 -149.690384
358 29.357254 187.367294 -147.327728
359 29.181458 187.192673 -148.846573
360 27.423538 187.192673 -147.158981
361 29.181458 187.541901 -148.846573
362 28.302505 187.367294 -149.352859
363 28.654083 187.018051 -148.340302
364 29.005676 187.367294 -148.340302
365 28.829880 187.541901 -148.509064
366 28.829880 187.541901 -148.509064
367 29.708832 186.668808 -148.340302
368 28.302505 187.367294 -148.002777
369 27.775131 187.192673 -149.184097
370 29.533051 187.192673 -148.509064
371 28.302505 187.018051 -148.340302
372 29.884628 188.240387 -148.509064
373 28.654083 186.668808 -149.015335
374 28.478287 186.843430 -148.171539
375 27.950912 187.018051 -149.352859
376 27.950912 188.415009 -148.002777
377 27.950912 187.716522 -148.677811
378 29.357254 187.018051 -148.677811
379 28.126709 187.541901 -149.184097
380 27.950912 188.415009 -148.677811
381 29.005676 187.367294 -149.352859
382 28.478287 189.288101 -149.859146
383 28.829880 187.541901 -148.846573
384 27.775131 186.494186 -149.521622
385 28.654083 187.018051 -149.352859
386 28.126709 186.494186 -147.158981
387 28.302505 187.018051 -148.677811
388 29.181458 186.144943 -148.846573
389 27.247742 185.970322 -149.690384
390 28.302505 187.367294 -149.352859
391 29.005676 188.764252 -149.352859
392 27.071960 187.541901 -148.509064
393 26.544586 188.415009 -150.027893
394 29.005676 185.621094 -149.015335
395 29.181458 186.494186 -149.184097
396 29.005676 187.367294 -149.690384
397 28.302505 186.668808 -148.677811
398 28.126709 187.541901 -148.846573
399 28.478287 186.843430 -148.846573
400 28.302505 185.970322 -148.677811
401 29.357254 187.716522 -149.690384
402 28.126709 188.240387 -149.859146
403 28.654083 187.018051 -148.677811
404 27.775131 188.240387 -149.859146
405 28.654083 186.668808 -148.340302
406 28.126709 186.843430 -151.209229
407 28.302505 187.367294 -149.015335
408 30.060425 187.716522 -148.677811
409 28.654083 187.018051 -149.690384
410 30.060425 186.668808 -149.015335
411 29.533051 186.843430 -149.521622
412 29.357254 187.018051 -149.015335
413 29.005676 188.065765 -149.352859
414 29.533051 186.843430 -149.184097
415 28.654083 187.367294 -149.352859
416 29.005676 186.668808 -149.015335
417 28.829880 187.192673 -149.521622
418 28.829880 186.843430 -148.846573
419 28.302505 187.716522 -149.352859
420 29.884628 187.541901 -149.859146
421 28.829880 187.192673 -149.521622
422 27.950912 185.970322 -149.690384
423 28.654083 187.716522 -148.677811
424 29.884628 186.843430 -149.184097
425 28.829880 188.589630 -147.496490
426 29.533051 187.192673 -148.171539
427 29.181458 187.192673 -148.171539
428 28.654083 186.319565 -149.690384
429 27.775131 185.446472 -148.171539
430 28.654083 188.415009 -149.352859
431 29.357254 186.668808 -149.015335
432 28.654083 187.716522 -149.690384
433 28.126709 187.192673 -148.171539
434 29.005676 187.716522 -149.015335
435 28.829880 187.541901 -150.196655
436 28.829880 187.541901 -148.171539
437 30.236206 188.589630 -148.846573
438 29.005676 188.764252 -147.665253
439 27.950912 186.668808 -148.340302
440 27.775131 188.240387 -148.846573
441 29.181458 187.541901 -150.534180
442 30.236206 188.240387 -149.521622
443 28.126709 186.843430 -148.171539
444 29.708832 187.367294 -149.352859
445 29.533051 187.192673 -149.521622
446 29.357254 186.319565 -149.690384
447 28.478287 186.843430 -150.534180
448 28.478287 187.891144 -149.184097
449 29.533051 186.144943 -148.171539
450 28.302505 187.716522 -149.690384
451 28.302505 187.367294 -150.027893
452 27.775131 187.541901 -148.846573
453 29.005676 186.668808 -148.677811
454 27.950912 187.716522 -150.027893
455 27.423538 187.541901 -148.509064
456 28.126709 187.192673 -149.184097
457 29.005676 188.065765 -149.015335
458 29.357254 187.367294 -149.352859
459 29.884628 186.843430 -148.846573
460 29.708832 187.716522 -148.002777
461 27.950912 186.668808 -148.677811
462 29.181458 187.192673 -148.846573
463 28.654083 187.018051 -149.690384
464 29.005676 187.018051 -149.015335
465 28.126709 187.891144 -149.521622
466 29.005676 185.621094 -149.690384
467 29.005676 188.065765 -150.027893
468 28.654083 188.415009 -146.990219
469 29.181458 187.192673 -150.196655
470 28.829880 186.494186 -148.846573
471 29.005676 187.367294 -148.340302
472 29.357254 188.065765 -148.677811
473 29.005676 187.367294 -148.677811
474 28.302505 187.018051 -149.690384
475 28.478287 185.795700 -148.846573
476 29.533051 188.240387 -149.521622
477 27.071960 187.541901 -148.509064
478 29.357254 186.668808 -149.352859
479 28.478287 187.192673 -149.859146
480 29.005676 186.319565 -149.352859
481 29.357254 187.716522 -148.677811
482 29.708832 185.970322 -149.352859
483 27.775131 187.541901 -148.846573
484 29.708832 187.716522 -149.015335
485 28.829880 186.144943 -149.184097
486 30.060425 187.367294 -149.690384
487 29.884628 185.795700 -149.521622
488 29.005676 187.716522 -147.665253
489 28.654083 187.367294 -149.015335
490 28.829880 187.192673 -148.846573
491 30.939377 186.843430 -149.859146
492 27.599335 187.018051 -149.015335
493 28.302505 186.668808 -149.352859
494 29.181458 188.589630 -150.534180
495 29.357254 187.716522 -149.352859
496 29.708832 188.065765 -149.352859
497 28.654083 188.415009 -148.340302
498 29.005676 187.367294 -149.015335
499 28.302505 185.970322 -147.327728
500 29.533051 186.843430 -149.521622
501 29.181458 187.192673 -147.834015
502 27.247742 186.668808 -148.677811
503 28.478287 186.144943 -148.171539
504 28.654083 186.668808 -150.027893
505 27.775131 186.494186 -148.846573
506 28.126709 186.144943 -150.196655
507 29.005676 186.668808 -148.677811
508 29.005676 187.018051 -149.352859
509 28.829880 186.843430 -149.521622
510 28.829880 187.541901 -148.846573
511 29.708832 187.018051 -149.352859
512 29.533051 187.891144 -149.859146
513 29.357254 188.065765 -148.677811
514 28.829880 187.192673 -149.521622
515 27.950912 187.018051 -149.690384
516 29.357254 188.065765 -149.352859
517 28.126709 186.843430 -148.509064
518 29.533051 186.843430 -147.834015
519 29.005676 187.716522 -149.690384
520 29.005676 186.319565 -149.015335
521 28.654083 189.462723 -147.327728
522 29.181458 186.843430 -149.521622
523 28.829880 188.240387 -149.521622
524 28.654083 186.319565 -148.340302
525 28.829880 187.541901 -149.184097
526 27.247742 187.018051 -149.352859
527 28.829880 186.494186 -148.846573
528 29.357254 185.621094 -147.665253
529 29.005676 187.018051 -149.352859
530 28.302505 186.319565 -148.677811
531 28.302505 187.716522 -150.027893
532 28.654083 187.716522 -147.327728
533 28.126709 187.541901 -148.846573
534 28.654083 188.065765 -150.027893
535 29.181458 187.192673 -149.184097
536 28.478287 186.843430 -149.859146
537 29.533051 187.891144 -147.834015
538 29.884628 187.541901 -149.521622
539 29.884628 186.494186 -148.509064
540 28.302505 187.018051 -150.027893
541 30.412003 186.319565 -148.677811
542 28.654083 187.367294 -149.690384
543 29.357254 187.018051 -148.677811
544 29.005676 186.319565 -148.340302
545 28.654083 187.716522 -149.015335
546 29.708832 186.668808 -150.702942
547 28.654083 186.668808 -148.340302
548 29.533051 187.541901 -148.509064
549 28.654083 187.018051 -148.677811
550 27.775131 186.843430 -149.521622
551 29.005676 187.018051 -149.352859
552 28.302505 187.716522 -147.665253
553 29.533051 186.494186 -147.834015
554 28.654083 187.716522 -149.352859
555 29.181458 187.192673 -148.171539
556 27.599335 187.716522 -149.690384
557 27.775131 188.938873 -150.196655
558 29.005676 187.018051 -148.677811
559 28.654083 185.970322 -148.677811
560 29.533051 186.494186 -147.496490
561 28.478287 186.843430 -147.834015
562 29.005676 187.018051 -150.027893
563 30.060425 186.668808 -150.365417
564 27.247742 187.018051 -149.015335
565 29.533051 187.891144 -149.521622
566 28.478287 186.494186 -149.521622
567 28.478287 186.843430 -149.521622
568 29.005676 186.668808 -148.340302
569 28.478287 186.843430 -148.171539
570 29.533051 187.891144 -149.521622
571 29.005676 187.716522 -148.677811
572 27.247742 187.018051 -149.015335
573 28.302505 185.621094 -148.677811
574 29.708832 187.716522 -149.015335
575 28.302505 188.065765 -149.015335
576 27.950912 185.970322 -148.002777
577 29.533051 185.446472 -150.196655
578 29.357254 185.970322 -149.352859
579 29.181458 186.843430 -149.859146
580 29.357254 187.367294 -147.665253
581 28.126709 187.192673 -149.521622
582 28.478287 186.144943 -149.521622
583 29.533051 187.192673 -148.509064
584 28.829880 187.891144 -148.171539
585 29.005676 187.018051 -148.340302
586 29.357254 187.018051 -148.677811
587 28.302505 187.018051 -149.690384
588 29.357254 186.668808 -148.340302
589 28.302505 186.319565 -149.352859
590 29.884628 187.192673 -148.509064
591 29.005676 187.367294 -148.677811
592 28.126709 186.144943 -148.846573
593 27.950912 188.415009 -149.015335
594 28.302505 186.668808 -149.015335
595 28.478287 186.494186 -148.509064
596 27.775131 186.494186 -149.521622
597 29.005676 187.367294 -149.690384
598 27.950912 187.018051 -148.340302
599 28.126709 187.541901 -148.846573
600 27.599335 187.018051 -149.352859
601 28.829880 187.541901 -148.509064
602 28.654083 187.716522 -149.015335
603 29.708832 187.716522 -149.352859
604 28.829880 186.843430 -147.834015
605 27.071960 186.494186 -148.171539
606 28.654083 187.367294 -148.340302
607 29.181458 187.192673 -148.509064
608 29.005676 186.319565 -148.340302
609 27.950912 186.668808 -149.015335
610 29.708832 187.367294 -149.352859
611 28.654083 189.113495 -149.690384
612 29.708832 187.716522 -148.002777
613 28.478287 186.144943 -148.509064
614 28.478287 187.192673 -149.521622
615 28.126709 187.192673 -149.521622
616 27.247742 186.319565 -148.002777
617 29.005676 187.367294 -148.340302
618 29.181458 186.843430 -148.846573
619 28.829880 186.494186 -149.184097
620 29.357254 186.668808 -149.690384
621 28.829880 186.494186 -148.846573
622 28.829880 187.192673 -149.521622
623 28.302505 188.415009 -149.352859
624 30.412003 187.367294 -149.352859
625 28.654083 187.018051 -149.015335
626 30.060425 187.018051 -149.352859
627 29.005676 187.018051 -149.352859
628 28.478287 187.541901 -148.846573
629 29.005676 186.668808 -149.352859
630 27.950912 188.065765 -149.690384
631 28.478287 186.144943 -148.509064
632 28.654083 185.621094 -149.015335
633 28.654083 185.970322 -150.027893
634 28.654083 187.367294 -149.690384
635 27.423538 187.192673 -149.184097
636 29.357254 187.716522 -149.352859
637 28.302505 187.367294 -148.677811
638 27.599335 188.415009 -148.340302
639 30.060425 187.018051 -148.002777
640 29.005676 187.716522 -150.365417
641 27.071960 186.494186 -148.846573
642 28.478287 185.795700 -149.859146
643 28.478287 187.192673 -150.196655
644 29.533051 187.541901 -148.171539
645 29.357254 186.319565 -150.365417
646 29.181458 188.240387 -149.184097
647 27.950912 187.018051 -149.352859
648 27.599335 187.018051 -148.340302
649 28.829880 186.843430 -148.509064
650 28.302505 187.367294 -148.677811
651 29.708832 187.716522 -148.677811
652 29.533051 187.891144 -150.534180
653 27.599335 188.065765 -148.677811
654 29.181458 187.541901 -148.171539
655 27.950912 187.716522 -149.690384
656 28.829880 186.843430 -148.171539
657 28.829880 187.891144 -148.846573
658 30.060425 186.668808 -149.352859
659 29.181458 187.192673 -149.521622
660 29.884628 189.288101 -148.846573
661 28.829880 186.144943 -148.171539
662 29.005676 187.018051 -149.015335
663 29.708832 187.367294 -148.002777
664 28.829880 187.192673 -149.184097
665 29.708832 187.367294 -149.352859
666 27.950912 186.319565 -148.002777
667 29.357254 188.065765 -151.040466
668 28.478287 188.240387 -149.521622
669 28.302505 186.319565 -148.340302
670 27.950912 186.319565 -148.340302
671 28.302505 186.668808 -149.015335
672 27.423538 186.843430 -148.846573
673 29.181458 185.446472 -149.184097
674 28.829880 187.192673 -149.859146
675 28.654083 188.065765 -148.340302
676 28.302505 187.018051 -149.352859
677 29.005676 187.367294 -150.702942
678 28.302505 187.716522 -149.015335
679 28.829880 187.891144 -150.196655
680 27.247742 188.065765 -149.015335
681 29.884628 187.541901 -147.158981
682 27.950912 186.319565 -149.015335
683 27.950912 185.970322 -149.015335
684 28.302505 186.319565 -149.015335
685 27.950912 185.970322 -149.690384
686 29.708832 187.716522 -148.677811
687 30.060425 187.716522 -148.002777
688 29.181458 188.240387 -149.184097
689 30.236206 186.843430 -148.171539
690 26.896164 188.415009 -148.677811
691 27.775131 187.891144 -148.509064
692 27.775131 188.240387 -149.184097
693 29.005676 186.668808 -148.002777
694 27.599335 188.415009 -148.677811
695 28.126709 186.144943 -148.509064
696 27.950912 186.319565 -149.015335
697 29.357254 187.018051 -148.340302
698 29.708832 187.018051 -149.352859
699 28.829880 186.843430 -149.859146
700 29.533051 189.288101 -149.521622
701 29.357254 186.319565 -149.352859
702 29.005676 186.668808 -148.677811
703 29.357254 187.367294 -149.015335
704 29.005676 185.271851 -149.015335
705 28.654083 187.716522 -148.677811
706 28.478287 186.494186 -149.521622
707 29.005676 187.716522 -148.677811
708 28.478287 187.541901 -148.171539
709 27.775131 187.192673 -149.184097
710 27.599335 186.319565 -149.352859
711 29.181458 186.144943 -147.496490
712 28.126709 187.541901 -148.846573
713 29.181458 186.494186 -148.171539
714 29.884628 186.843430 -149.521622
715 29.005676 186.319565 -150.365417
716 29.005676 186.319565 -148.002777
717 28.654083 186.668808 -149.352859
718 28.829880 186.494186 -149.859146
719 28.478287 187.192673 -148.846573
720 29.357254 187.018051 -148.677811
721 28.654083 187.018051 -148.677811
722 28.478287 188.589630 -148.846573
723 29.181458 187.541901 -150.534180
724 29.357254 187.716522 -148.677811
725 28.478287 186.843430 -148.509064
726 29.533051 185.795700 -148.846573
727 28.654083 187.018051 -147.665253
728 28.478287 186.843430 -149.184097
729 28.829880 188.240387 -148.846573
730 28.654083 186.668808 -148.677811
731 27.423538 187.192673 -149.521622
732 27.950912 186.319565 -148.340302
733 28.126709 188.240387 -149.184097
734 28.829880 187.192673 -148.846573
735 28.126709 187.541901 -148.509064
736 28.478287 188.240387 -147.834015
737 29.357254 187.018051 -149.352859
738 28.829880 186.843430 -148.509064
739 27.599335 187.716522 -148.340302
740 29.533051 187.192673 -148.171539
741 29.533051 187.541901 -148.171539
742 28.478287 187.192673 -149.521622
743 29.533051 187.192673 -149.184097
744 27.775131 186.494186 -147.834015
745 28.829880 187.541901 -149.184097
746 28.829880 187.192673 -148.509064
747 28.126709 186.843430 -149.521622
748 30.236206 186.494186 -148.846573
749 29.533051 187.192673 -148.171539
750 29.884628 188.240387 -148.846573
751 26.896164 187.716522 -149.352859
752 29.533051 186.843430 -148.171539
753 28.302505 186.668808 -149.352859
754 29.005676 186.319565 -149.690384
755 27.950912 187.367294 -147.327728
756 28.302505 188.065765 -149.352859
757 27.599335 188.065765 -147.665253
758 28.302505 187.716522 -149.015335
759 28.829880 186.494186 -149.184097
760 29.181458 186.843430 -148.509064
761 28.478287 187.891144 -149.184097
762 28.654083 187.367294 -150.365417
763 28.126709 185.795700 -147.834015
764 29.357254 187.367294 -148.677811
765 27.775131 187.541901 -148.509064
766 28.126709 187.192673 -149.184097
767 29.005676 187.367294 -148.677811
768 29.181458 187.541901 -149.521622
769 27.950912 187.716522 -148.677811
770 29.357254 186.668808 -149.015335
771 29.005676 187.716522 -150.027893
772 28.478287 186.144943 -149.521622
773 28.654083 187.367294 -149.015335
774 28.126709 187.192673 -148.171539
775 27.950912 187.018051 -149.015335
776 28.654083 187.018051 -149.015335
777 29.884628 186.843430 -149.859146
778 29.884628 187.192673 -149.521622
779 29.357254 186.668808 -149.015335
780 29.357254 188.764252 -148.677811
781 27.775131 186.144943 -149.859146
782 28.478287 187.541901 -148.171539
783 29.884628 187.192673 -148.509064
784 29.005676 188.415009 -150.027893
785 28.829880 186.843430 -148.846573
786 28.654083 187.367294 -149.352859
787 28.829880 187.891144 -150.196655
788 27.599335 187.716522 -149.690384
789 29.005676 186.668808 -149.352859
790 28.126709 186.843430 -149.184097
791 28.654083 187.716522 -149.690384
792 29.533051 187.192673 -149.859146
793 29.533051 187.541901 -148.171539
794 29.357254 187.018051 -149.015335
795 27.950912 187.018051 -150.027893
796 28.478287 186.843430 -149.521622
797 27.775131 185.795700 -148.846573
798 27.950912 187.018051 -149.015335
799 28.829880 187.192673 -148.846573
800 28.478287 187.192673 -147.496490
801 30.939377 185.446472 -148.171539
802 28.302505 187.716522 -149.015335
803 28.302505 187.367294 -148.002777
804 29.005676 186.319565 -149.015335
805 29.005676 187.716522 -150.027893
806 28.478287 188.240387 -148.846573
807 27.775131 187.192673 -148.846573
808 28.829880 187.541901 -148.171539
809 29.181458 186.843430 -149.184097
810 29.357254 187.716522 -150.027893
811 29.533051 187.192673 -149.184097
812 29.181458 188.240387 -148.846573
813 29.005676 186.319565 -149.690384
814 27.950912 185.970322 -150.027893
815 28.829880 186.843430 -150.196655
816 27.950912 186.319565 -150.365417
817 28.829880 187.541901 -147.834015
818 27.071960 186.494186 -148.509064
819 29.181458 188.240387 -149.184097
820 30.236206 185.795700 -148.509064
821 28.829880 187.541901 -148.171539
822 28.829880 185.795700 -148.846573
823 27.775131 186.494186 -148.171539
824 28.478287 185.795700 -149.521622
825 28.829880 186.494186 -148.846573
826 27.775131 187.891144 -149.184097
827 27.423538 185.795700 -149.184097
828 28.654083 185.970322 -150.702942
829 29.005676 188.065765 -149.015335
830 30.587799 187.891144 -149.184097
831 29.533051 187.541901 -148.846573
832 28.829880 187.891144 -148.509064
833 28.126709 187.541901 -149.521622
834 28.829880 187.192673 -148.846573
835 29.005676 185.970322 -150.027893
836 27.950912 187.367294 -148.677811
837 28.829880 187.541901 -148.509064
838 27.775131 187.891144 -149.521622
839 29.357254 187.367294 -150.365417
840 27.950912 187.018051 -149.015335
841 29.357254 187.716522 -147.665253
842 29.181458 186.494186 -148.509064
843 27.950912 186.319565 -149.352859
844 28.302505 187.716522 -149.352859
845 27.247742 188.065765 -149.352859
846 29.181458 187.541901 -148.846573
847 28.478287 187.192673 -149.859146
848 29.357254 187.367294 -149.015335
849 28.478287 186.494186 -149.521622
850 28.478287 187.541901 -149.521622
851 29.181458 186.494186 -148.171539
852 27.950912 187.367294 -148.340302
853 29.357254 187.367294 -148.677811
854 29.533051 187.541901 -149.521622
855 28.126709 187.192673 -150.196655
856 29.005676 186.668808 -148.340302
857 28.654083 188.065765 -148.340302
858 28.302505 187.716522 -149.690384
859 27.775131 186.144943 -147.496490
860 28.478287 186.494186 -148.846573
861 28.654083 186.668808 -148.002777
862 28.302505 187.367294 -149.690384
863 29.005676 187.018051 -148.340302
864 27.775131 186.843430 -149.521622
865 29.533051 187.541901 -149.521622
866 29.005676 188.065765 -148.340302
867 30.060425 187.716522 -149.015335
868 28.478287 186.494186 -149.184097
869 29.005676 187.716522 -149.352859
870 28.126709 187.891144 -149.859146
871 28.126709 188.240387 -148.846573
872 29.181458 187.192673 -148.509064
873 28.829880 188.240387 -148.509064
874 27.775131 186.843430 -148.509064
875 27.775131 186.843430 -150.196655
876 28.829880 187.541901 -148.846573
877 29.005676 187.367294 -149.352859
878 28.478287 187.192673 -150.196655
879 30.236206 186.494186 -147.834015
880 29.181458 186.843430 -149.859146
881 28.829880 186.843430 -148.509064
882 28.654083 189.462723 -149.352859
883 29.533051 186.494186 -149.521622
884 28.654083 186.668808 -149.352859
885 28.478287 185.795700 -148.509064
886 28.478287 185.795700 -148.846573
887 27.950912 187.367294 -149.352859
888 28.654083 186.319565 -148.002777
889 29.357254 187.018051 -149.352859
890 28.829880 188.589630 -149.521622
891 27.775131 188.589630 -149.521622
892 29.005676 187.018051 -149.015335
893 29.181458 186.843430 -150.196655
894 27.775131 188.589630 -149.184097
895 29.884628 185.795700 -148.509064
896 29.357254 186.319565 -148.340302
897 30.412003 186.668808 -148.677811
898 28.654083 184.922607 -148.002777
899 29.181458 186.843430 -148.846573
900 29.357254 187.716522 -149.015335
901 28.478287 186.494186 -149.859146
902 29.005676 186.319565 -149.015335
903 27.950912 187.716522 -149.015335
904 29.708832 186.319565 -148.340302
905 29.357254 188.065765 -148.677811
906 28.302505 186.319565 -149.015335
907 27.950912 187.018051 -151.040466
908 28.654083 187.716522 -148.340302
909 27.775131 186.843430 -148.846573
910 29.357254 185.970322 -148.340302
911 28.654083 187.018051 -148.677811
912 28.302505 185.621094 -149.015335
913 27.775131 187.192673 -148.846573
914 28.829880 187.192673 -148.171539
915 28.478287 186.843430 -149.184097
916 29.357254 185.970322 -148.002777
917 29.357254 187.018051 -148.002777
918 29.708832 187.018051 -149.015335
919 28.654083 188.764252 -149.352859
920 27.950912 186.668808 -148.677811
921 27.599335 187.367294 -148.002777
922 28.478287 187.192673 -149.859146
923 28.126709 186.494186 -147.834015
924 29.708832 186.668808 -148.340302
925 28.126709 187.192673 -149.184097
926 30.060425 186.668808 -149.352859
927 29.181458 187.192673 -149.184097
928 26.720367 186.843430 -149.184097
929 28.478287 186.843430 -149.521622
930 28.654083 187.367294 -148.677811
931 29.181458 187.541901 -149.184097
932 27.423538 187.541901 -149.184097
933 27.775131 185.795700 -147.834015
934 28.829880 187.891144 -148.509064
935 28.126709 187.192673 -147.496490
936 31.290970 186.843430 -149.184097
937 29.357254 187.367294 -149.690384
938 27.423538 186.843430 -149.184097
939 28.829880 187.541901 -148.171539
940 29.181458 187.891144 -149.521622
941 29.708832 187.367294 -148.677811
942 28.829880 187.891144 -149.521622
943 28.478287 187.192673 -147.834015
944 29.181458 186.494186 -147.834015
945 29.005676 187.367294 -148.340302
946 28.126709 188.240387 -149.184097
947 29.181458 187.541901 -148.846573
948 28.654083 187.716522 -149.015335
949 27.950912 185.970322 -148.677811
950 29.181458 187.541901 -148.509064
951 29.181458 185.446472 -149.521622
952 29.533051 189.288101 -147.158981
953 30.587799 186.144943 -148.171539
954 28.654083 187.367294 -149.690384
955 27.599335 187.716522 -148.002777
956 28.829880 186.843430 -148.509064
957 28.302505 187.018051 -148.677811
958 29.533051 187.891144 -149.859146
959 29.005676 187.367294 -147.665253
960 28.478287 185.795700 -148.846573
961 27.599335 188.415009 -148.340302
962 29.357254 187.018051 -148.340302
963 30.412003 185.970322 -148.677811
964 28.126709 186.144943 -149.521622
965 27.950912 187.018051 -149.352859
966 29.357254 187.367294 -149.352859
967 28.654083 187.367294 -149.015335
968 28.478287 187.192673 -147.834015
969 30.060425 187.716522 -149.352859
970 30.236206 187.192673 -149.521622
971 29.005676 187.716522 -148.677811
972 28.654083 186.319565 -149.690384
973 27.599335 187.018051 -148.677811
974 27.599335 188.065765 -148.340302
975 28.829880 187.192673 -147.834015
976 28.829880 186.843430 -148.846573
977 27.950912 187.367294 -148.677811
978 29.005676 187.018051 -148.340302
979 29.357254 188.415009 -148.340302
980 29.005676 187.018051 -149.015335
981 29.533051 188.240387 -149.184097
982 29.357254 187.367294 -149.690384
983 30.060425 188.065765 -148.677811
984 29.181458 186.494186 -149.521622
985 28.302505 187.018051 -149.690384
986 29.884628 187.891144 -148.171539
987 28.478287 186.144943 -150.534180
988 29.357254 187.367294 -149.352859
989 29.708832 186.668808 -149.352859
990 28.478287 186.843430 -149.859146
991 27.775131 187.891144 -149.521622
992 29.005676 187.367294 -147.327728
993 29.533051 187.891144 -148.509064
994 29.181458 187.541901 -148.509064
995 28.302505 185.970322 -150.027893
996 27.775131 186.843430 -149.184097
997 29.533051 186.843430 -148.846573
998 28.126709 186.843430 -148.509064
999 29.533051 186.494186 -149.184097
1000 30.587799 186.843430 -148.846573
1001 29.533051 187.192673 -148.846573
1002 29.357254 187.716522 -149.015335
1003 29.357254 187.018051 -147.327728
1004 29.181458 186.843430 -149.184097
1005 29.181458 188.240387 -148.171539
1006 27.775131 186.494186 -148.509064
1007 29.181458 186.494186 -148.846573
1008 29.005676 187.018051 -149.690384
1009 28.126709 187.541901 -149.184097
1010 27.423538 187.192673 -150.196655
1011 28.654083 187.367294 -149.352859
1012 29.357254 188.065765 -148.677811
1013 27.775131 186.843430 -147.834015
1014 28.302505 185.970322 -149.352859
1015 28.829880 187.541901 -149.184097
1016 27.071960 185.795700 -149.184097
1017 27.423538 186.494186 -148.846573
1018 28.829880 186.843430 -149.184097
1019 28.126709 188.240387 -149.521622
1020 29.181458 186.144943 -148.171539
1021 29.884628 187.192673 -150.196655
1022 29.533051 185.795700 -149.184097
1023 28.829880 187.541901 -148.846573
1024 29.181458 186.144943 -148.846573
1025 28.478287 188.240387 -148.509064
1026 28.829880 187.541901 -148.846573
1027 29.005676 187.367294 -150.027893
1028 29.357254 186.319565 -149.690384
1029 29.005676 187.018051 -148.340302
1030 29.005676 187.018051 -149.690384
1031 28.829880 187.541901 -150.196655
1032 28.126709 186.843430 -149.521622
1033 29.533051 187.541901 -149.859146
1034 29.357254 185.271851 -149.690384
1035 28.829880 186.144943 -150.196655
1036 28.302505 188.065765 -149.015335
1037 29.181458 187.891144 -148.509064
1038 28.302505 187.367294 -149.690384
1039 29.708832 186.668808 -148.677811
1040 27.247742 187.018051 -149.352859
1041 28.829880 186.494186 -148.846573
1042 28.126709 186.494186 -149.184097
1043 27.071960 188.589630 -150.196655
1044 28.478287 186.494186 -149.184097
1045 28.126709 186.144943 -148.846573
1046 28.829880 186.843430 -149.184097
1047 28.654083 189.113495 -148.002777
1048 27.599335 188.065765 -149.015335
1049 29.181458 187.891144 -147.834015
1050 29.357254 188.065765 -148.340302
1051 27.423538 186.843430 -149.184097
1052 29.005676 187.716522 -149.015335
1053 29.357254 187.018051 -148.340302
1054 27.950912 187.018051 -149.015335
1055 29.533051 186.494186 -149.521622
1056 28.829880 186.843430 -147.496490
1057 28.126709 187.541901 -148.846573
1058 28.126709 186.843430 -150.871704
1059 28.478287 187.192673 -149.184097
1060 30.587799 188.589630 -148.846573
1061 27.950912 187.367294 -149.352859
1062 29.005676 187.018051 -149.352859
1063 28.829880 186.144943 -148.509064
