1 27.950912 186.668808 -149.015335
2 30.412003 187.716522 -149.015335
3 28.478287 185.795700 -148.846573
4 30.587799 187.891144 -149.859146
5 28.829880 186.144943 -148.846573
6 28.302505 186.319565 -150.702942
7 29.005676 188.764252 -149.690384
8 30.060425 187.716522 -149.015335
9 26.720367 186.843430 -148.846573
10 27.950912 186.668808 -148.340302
11 29.005676 185.970322 -148.002777
12 28.654083 187.716522 -148.340302
13 28.126709 187.891144 -148.509064
14 27.599335 187.018051 -148.340302
15 28.302505 187.018051 -149.690384
16 27.599335 187.716522 -146.990219
17 27.950912 187.018051 -148.340302
18 29.181458 187.541901 -149.521622
19 27.599335 186.319565 -148.002777
20 28.654083 187.367294 -148.677811
21 29.708832 187.367294 -149.352859
22 29.708832 188.065765 -148.677811
23 27.775131 188.240387 -148.509064
24 28.126709 186.494186 -149.859146
25 27.775131 187.891144 -148.509064
26 28.829880 187.192673 -148.509064
27 29.181458 187.192673 -149.521622
28 29.005676 188.065765 -148.677811
29 29.181458 186.144943 -149.521622
30 29.005676 187.018051 -148.340302
31 29.708832 186.668808 -148.677811
32 28.302505 186.668808 -149.015335
33 28.829880 187.891144 -149.184097
34 28.478287 186.843430 -150.534180
35 29.357254 187.367294 -149.352859
36 27.071960 186.494186 -148.509064
37 28.302505 186.668808 -149.015335
38 27.775131 187.192673 -148.846573
39 28.829880 186.494186 -147.834015
40 28.829880 187.541901 -149.521622
41 28.478287 185.795700 -149.184097
42 29.533051 186.843430 -149.521622
43 27.071960 187.541901 -149.859146
44 29.181458 186.843430 -149.184097
45 27.423538 186.144943 -147.496490
46 28.302505 185.621094 -147.665253
47 28.302505 187.367294 -149.015335
48 27.950912 185.970322 -148.340302
49 27.950912 187.018051 -148.677811
50 27.423538 187.192673 -148.509064
51 29.357254 187.018051 -149.690384
52 28.654083 187.018051 -147.665253
53 29.181458 187.192673 -147.834015
54 29.357254 187.018051 -148.677811
55 28.302505 187.018051 -149.690384
56 27.950912 186.668808 -148.677811
57 28.654083 186.668808 -149.690384
58 27.775131 187.891144 -147.496490
59 27.423538 188.240387 -148.509064
60 29.181458 187.541901 -148.509064
61 30.236206 185.795700 -149.184097
62 28.302505 187.716522 -148.340302
63 28.478287 187.541901 -148.846573
64 27.247742 185.970322 -149.015335
65 29.533051 186.494186 -149.859146
66 29.181458 187.891144 -149.184097
67 28.302505 186.668808 -149.015335
68 27.599335 184.922607 -148.677811
69 28.478287 187.541901 -149.184097
70 29.005676 185.621094 -148.002777
71 29.005676 186.668808 -148.340302
72 29.005676 185.970322 -149.352859
73 29.708832 187.716522 -149.352859
74 27.247742 186.319565 -149.015335
75 29.181458 187.541901 -148.171539
76 29.357254 186.319565 -149.015335
77 26.896164 186.668808 -148.340302
78 27.775131 187.891144 -148.846573
79 27.950912 187.367294 -149.015335
80 27.423538 186.494186 -148.509064
81 27.247742 188.065765 -149.352859
82 28.654083 187.018051 -148.002777
83 28.126709 187.192673 -148.171539
84 29.884628 187.192673 -150.196655
85 27.950912 187.367294 -149.690384
86 27.247742 187.367294 -148.340302
87 30.412003 187.716522 -149.690384
88 27.950912 187.716522 -148.002777
89 28.126709 188.240387 -148.846573
90 28.126709 186.144943 -149.521622
91 27.950912 187.716522 -148.002777
92 27.071960 187.192673 -148.509064
93 29.357254 187.018051 -146.990219
94 28.829880 187.192673 -148.509064
95 30.236206 188.240387 -150.196655
96 28.829880 187.541901 -147.834015
97 29.708832 187.716522 -149.015335
98 27.599335 186.668808 -149.015335
99 28.478287 188.240387 -147.834015
100 29.181458 186.494186 -148.171539
101 28.302505 186.668808 -149.352859
102 28.302505 187.716522 -149.015335
103 27.950912 187.018051 -148.340302
104 28.126709 186.494186 -150.196655
105 27.950912 187.367294 -148.002777
106 29.005676 187.367294 -149.352859
107 28.829880 186.843430 -149.521622
108 28.478287 186.843430 -148.846573
109 29.708832 187.018051 -148.677811
110 27.775131 186.843430 -150.196655
111 27.950912 187.716522 -148.677811
112 28.478287 186.144943 -148.846573
113 27.775131 187.192673 -148.846573
114 27.950912 186.668808 -150.027893
115 28.829880 187.891144 -147.834015
116 27.599335 187.018051 -149.352859
117 28.478287 189.637344 -148.509064
118 28.302505 186.668808 -148.677811
119 27.423538 186.843430 -148.846573
120 29.181458 186.144943 -149.184097
121 27.247742 187.367294 -147.327728
122 29.005676 186.668808 -148.340302
123 28.829880 186.843430 -148.846573
124 28.654083 187.716522 -149.352859
125 26.896164 187.367294 -149.690384
126 29.181458 185.446472 -148.171539
127 29.005676 185.970322 -148.340302
128 29.005676 188.065765 -149.015335
129 27.950912 185.970322 -149.015335
130 29.533051 187.891144 -149.859146
131 28.302505 187.367294 -149.690384
132 29.884628 188.240387 -149.521622
133 29.357254 187.018051 -149.015335
134 28.302505 186.668808 -150.027893
135 29.181458 186.494186 -149.859146
136 27.247742 187.018051 -149.352859
137 27.775131 186.843430 -149.521622
138 29.005676 186.319565 -149.015335
139 29.005676 187.018051 -150.027893
140 28.654083 187.367294 -147.665253
141 29.533051 187.541901 -147.834015
142 28.829880 189.288101 -149.859146
143 27.950912 186.668808 -147.665253
144 27.423538 187.891144 -147.834015
145 28.478287 186.843430 -147.834015
146 28.126709 187.891144 -147.834015
147 28.654083 186.668808 -149.352859
148 28.654083 186.668808 -148.340302
149 27.775131 186.843430 -147.834015
150 27.599335 186.668808 -148.677811
151 29.005676 187.367294 -147.665253
152 28.478287 186.843430 -149.184097
153 29.181458 187.192673 -148.509064
154 29.708832 187.367294 -148.677811
155 28.126709 186.843430 -148.509064
156 27.950912 187.716522 -149.690384
157 28.126709 186.843430 -148.846573
158 27.950912 187.018051 -149.690384
159 28.126709 187.891144 -148.509064
160 27.775131 188.938873 -149.184097
161 29.005676 187.018051 -149.690384
162 30.236206 187.541901 -149.859146
163 29.357254 186.668808 -149.015335
164 28.126709 187.192673 -149.859146
165 29.005676 187.018051 -147.665253
166 29.181458 187.541901 -149.184097
167 29.005676 186.668808 -149.015335
168 27.950912 187.018051 -148.677811
169 28.654083 188.065765 -150.365417
170 28.829880 186.843430 -148.846573
171 27.599335 186.668808 -149.015335
172 28.126709 186.843430 -148.171539
173 29.708832 187.716522 -149.015335
174 29.708832 187.018051 -149.015335
175 27.950912 186.319565 -150.365417
176 29.884628 186.843430 -148.846573
177 27.423538 187.541901 -149.184097
178 28.654083 187.018051 -149.352859
179 29.005676 186.319565 -149.690384
180 29.533051 186.843430 -147.834015
181 28.829880 187.891144 -146.821457
182 28.302505 186.319565 -148.340302
183 28.654083 186.319565 -149.690384
184 28.654083 187.716522 -148.677811
185 29.181458 187.192673 -148.846573
186 28.478287 186.494186 -147.834015
187 28.126709 186.843430 -149.184097
188 28.126709 187.192673 -147.834015
189 28.478287 187.192673 -148.509064
190 27.950912 187.716522 -149.352859
191 28.829880 187.541901 -149.184097
192 29.005676 186.668808 -149.352859
193 29.533051 187.541901 -147.834015
194 28.478287 186.843430 -149.184097
195 28.126709 186.494186 -149.184097
196 28.829880 188.240387 -149.521622
197 29.005676 187.716522 -147.327728
198 27.599335 187.018051 -148.677811
199 28.302505 186.668808 -148.340302
200 29.005676 186.668808 -150.027893
201 28.654083 187.716522 -149.015335
202 28.829880 187.541901 -149.184097
203 29.533051 187.541901 -149.184097
204 28.654083 187.716522 -148.340302
205 28.126709 186.144943 -149.521622
206 28.478287 187.541901 -148.509064
207 27.950912 187.716522 -149.015335
208 27.599335 187.716522 -147.665253
209 29.357254 187.716522 -149.690384
210 28.829880 186.144943 -149.859146
211 28.478287 185.795700 -148.171539
212 29.533051 187.192673 -149.521622
213 28.829880 186.843430 -148.846573
214 28.302505 188.065765 -149.690384
215 27.775131 186.843430 -148.171539
216 28.302505 187.018051 -148.002777
217 28.302505 185.970322 -148.002777
218 29.181458 187.192673 -149.521622
219 28.829880 186.843430 -148.846573
220 29.708832 186.668808 -149.690384
221 28.654083 186.668808 -149.352859
222 29.708832 186.319565 -146.990219
223 28.829880 186.494186 -147.834015
224 27.950912 187.018051 -149.690384
225 28.478287 187.891144 -149.521622
226 29.181458 186.843430 -148.846573
227 29.005676 185.970322 -149.015335
228 28.654083 186.668808 -149.352859
229 28.126709 187.891144 -148.846573
230 28.654083 188.065765 -149.015335
231 29.181458 185.446472 -148.846573
232 29.357254 187.018051 -149.015335
233 28.478287 186.494186 -148.509064
234 28.126709 186.494186 -149.184097
235 27.775131 187.541901 -148.846573
236 28.829880 185.795700 -149.184097
237 27.950912 187.018051 -148.340302
238 28.829880 187.541901 -148.509064
239 28.654083 186.668808 -149.015335
240 27.775131 187.541901 -147.834015
241 28.478287 186.144943 -149.859146
242 29.708832 187.018051 -149.352859
243 28.302505 185.970322 -148.340302
244 29.005676 186.668808 -149.690384
245 29.005676 187.367294 -149.015335
246 29.884628 187.541901 -147.834015
247 28.302505 186.319565 -149.352859
248 29.005676 188.065765 -148.002777
249 30.060425 187.018051 -149.352859
250 27.599335 188.065765 -149.015335
251 27.775131 186.144943 -148.509064
252 27.423538 187.541901 -149.184097
253 28.478287 187.192673 -148.509064
254 28.126709 186.494186 -147.834015
255 29.708832 187.367294 -149.015335
256 29.005676 187.716522 -149.015335
257 29.357254 188.065765 -149.352859
258 29.708832 186.319565 -149.352859
259 29.181458 187.192673 -148.846573
260 29.005676 187.018051 -148.677811
261 29.005676 187.367294 -149.015335
262 28.126709 187.192673 -147.496490
263 28.654083 187.018051 -149.690384
264 28.478287 187.891144 -148.846573
265 27.950912 186.668808 -147.665253
266 28.478287 186.843430 -147.834015
267 27.950912 184.922607 -149.690384
268 29.533051 186.144943 -149.184097
269 29.533051 185.795700 -149.184097
270 30.060425 187.018051 -148.677811
271 27.950912 186.668808 -147.665253
272 29.708832 186.668808 -148.677811
273 27.599335 185.621094 -150.027893
274 29.533051 187.891144 -149.521622
275 29.884628 186.843430 -149.184097
276 28.829880 187.192673 -149.184097
277 27.950912 187.716522 -148.340302
278 28.829880 187.192673 -149.521622
279 28.302505 187.367294 -149.690384
280 27.071960 186.494186 -148.171539
281 28.302505 187.018051 -150.027893
282 28.829880 186.494186 -148.171539
283 28.654083 187.716522 -149.352859
284 27.950912 186.319565 -148.340302
285 26.720367 186.843430 -148.509064
286 27.950912 186.319565 -149.352859
287 28.478287 188.589630 -148.846573
288 27.950912 187.367294 -149.015335
289 27.950912 188.065765 -149.352859
290 28.302505 188.415009 -149.352859
291 28.654083 187.367294 -149.352859
292 27.950912 188.415009 -149.352859
293 27.950912 186.319565 -148.677811
294 28.829880 187.891144 -149.521622
295 29.005676 187.018051 -148.677811
296 29.708832 186.319565 -149.690384
297 27.599335 186.319565 -148.002777
298 29.005676 185.970322 -150.365417
299 28.302505 187.018051 -149.352859
300 29.181458 186.144943 -149.184097
301 28.126709 187.541901 -148.171539
302 29.005676 186.668808 -147.665253
303 27.950912 185.970322 -149.015335
304 28.478287 187.192673 -148.509064
305 27.423538 186.843430 -148.171539
306 29.181458 186.494186 -151.209229
307 29.181458 187.192673 -149.521622
308 28.829880 186.843430 -148.846573
309 29.181458 186.144943 -148.846573
310 29.533051 187.541901 -149.184097
311 27.950912 187.716522 -149.690384
312 27.775131 187.192673 -148.509064
313 29.181458 187.541901 -149.521622
314 29.005676 187.367294 -148.677811
315 27.599335 187.716522 -147.327728
316 28.478287 186.843430 -149.859146
317 30.060425 186.668808 -147.665253
318 29.005676 187.018051 -150.365417
319 29.181458 187.541901 -149.521622
320 29.005676 187.367294 -150.365417
321 29.005676 186.319565 -149.015335
322 29.005676 187.716522 -149.352859
323 28.478287 187.891144 -148.509064
324 30.763596 187.367294 -149.352859
325 28.478287 187.541901 -148.171539
326 28.302505 187.018051 -148.340302
327 29.533051 187.192673 -148.171539
328 30.412003 187.018051 -149.352859
329 27.775131 188.240387 -148.171539
330 29.181458 186.494186 -148.846573
331 28.829880 186.843430 -148.846573
332 28.829880 187.541901 -148.171539
333 28.654083 186.668808 -149.352859
334 27.423538 187.891144 -149.184097
335 28.126709 187.541901 -149.184097
336 28.478287 186.843430 -149.521622
337 29.005676 187.018051 -149.015335
338 27.775131 187.891144 -147.496490
339 28.829880 186.494186 -148.171539
340 27.423538 187.192673 -149.184097
341 29.005676 186.319565 -149.015335
342 28.126709 187.891144 -148.846573
343 27.775131 187.192673 -149.521622
344 29.533051 186.494186 -148.171539
345 27.423538 187.192673 -149.184097
346 29.005676 187.018051 -149.352859
347 29.181458 186.144943 -149.521622
348 28.478287 186.494186 -148.509064
349 29.005676 187.716522 -149.352859
350 28.302505 188.764252 -149.015335
351 29.005676 186.668808 -147.665253
352 28.302505 187.018051 -149.352859
353 27.423538 187.192673 -148.509064
354 28.654083 185.970322 -149.015335
355 27.950912 187.716522 -149.352859
356 27.247742 186.319565 -149.352859
357 29.708832 187.018051 -149.015335
358 27.071960 187.541901 -149.521622
359 27.950912 186.668808 -148.340302
360 27.950912 186.668808 -149.690384
361 29.005676 185.970322 -149.015335
362 29.181458 186.494186 -148.846573
363 29.181458 187.541901 -148.846573
364 28.302505 185.271851 -148.340302
365 28.126709 187.891144 -149.184097
366 29.005676 187.367294 -150.365417
367 27.950912 187.018051 -149.690384
368 26.368790 187.192673 -149.184097
369 28.302505 187.367294 -149.015335
370 28.302505 186.668808 -149.352859
371 28.302505 186.668808 -149.690384
372 28.126709 188.240387 -149.184097
373 28.654083 187.018051 -148.677811
374 27.775131 187.192673 -149.184097
375 29.357254 187.018051 -149.015335
376 28.829880 187.192673 -149.184097
377 27.599335 186.668808 -150.027893
378 29.005676 185.621094 -148.677811
379 28.654083 188.065765 -149.015335
380 28.654083 187.367294 -148.340302
381 30.236206 187.192673 -149.521622
382 28.126709 187.192673 -149.859146
383 29.357254 186.319565 -150.027893
384 27.423538 186.144943 -149.859146
385 29.181458 186.843430 -149.521622
386 27.950912 187.018051 -150.365417
387 29.533051 186.494186 -149.521622
388 28.126709 186.494186 -150.871704
389 27.247742 187.367294 -148.677811
390 28.829880 187.541901 -148.171539
391 29.181458 187.192673 -148.509064
392 28.126709 185.795700 -150.534180
393 28.654083 188.065765 -148.677811
394 27.775131 186.843430 -148.509064
395 28.654083 187.716522 -149.352859
396 29.708832 186.668808 -150.027893
397 27.950912 186.319565 -150.027893
398 27.950912 187.367294 -148.340302
399 27.599335 187.367294 -148.677811
400 30.236206 187.891144 -149.184097
401 28.829880 186.494186 -149.184097
402 28.654083 188.764252 -150.027893
403 29.005676 187.367294 -148.340302
404 27.950912 188.764252 -149.690384
405 27.247742 187.716522 -147.665253
406 29.533051 186.843430 -148.509064
407 28.829880 187.541901 -148.509064
408 27.775131 188.240387 -148.171539
409 28.478287 186.843430 -149.184097
410 28.478287 187.541901 -148.846573
411 28.302505 187.716522 -150.027893
412 27.950912 187.367294 -148.340302
413 28.126709 187.891144 -149.184097
414 28.478287 186.144943 -149.859146
415 28.302505 185.621094 -149.690384
416 29.884628 187.541901 -149.859146
417 27.599335 187.018051 -149.015335
418 27.950912 187.018051 -149.015335
419 28.478287 186.494186 -148.171539
420 28.478287 187.541901 -148.509064
421 27.775131 186.843430 -147.158981
422 29.005676 186.319565 -148.340302
423 28.478287 186.144943 -147.834015
424 28.829880 186.144943 -148.171539
425 29.357254 185.970322 -148.677811
426 28.478287 189.637344 -148.171539
427 27.950912 187.716522 -149.352859
428 29.357254 187.018051 -149.352859
429 28.478287 185.446472 -149.184097
430 29.181458 185.446472 -148.509064
431 29.181458 187.541901 -148.846573
432 28.126709 185.446472 -149.859146
433 29.708832 188.764252 -148.677811
434 28.478287 186.843430 -149.859146
435 29.708832 187.367294 -148.677811
436 28.829880 185.795700 -148.509064
437 28.302505 187.018051 -149.690384
438 27.071960 187.192673 -149.184097
439 27.950912 187.018051 -148.002777
440 29.181458 187.192673 -147.834015
441 28.126709 188.240387 -148.846573
442 28.302505 187.716522 -149.352859
443 28.478287 187.891144 -148.846573
444 26.896164 186.668808 -149.352859
445 27.775131 186.494186 -148.509064
446 29.181458 187.891144 -149.184097
447 28.829880 186.144943 -149.521622
448 28.478287 186.494186 -147.834015
449 28.654083 186.668808 -148.677811
450 29.005676 187.367294 -149.015335
451 28.126709 186.843430 -149.521622
452 29.181458 186.843430 -148.509064
453 29.533051 186.494186 -149.859146
454 29.357254 187.367294 -149.352859
455 29.005676 187.367294 -149.015335
456 27.071960 186.843430 -148.509064
457 28.478287 186.144943 -148.171539
458 27.423538 187.192673 -148.509064
459 27.247742 187.367294 -149.015335
460 28.126709 186.843430 -148.171539
461 29.005676 188.065765 -149.690384
462 29.533051 186.843430 -147.834015
463 30.060425 187.367294 -148.002777
464 28.829880 187.541901 -148.509064
465 29.181458 187.541901 -149.184097
466 27.775131 187.541901 -148.171539
467 29.357254 187.367294 -150.027893
468 28.302505 185.970322 -147.665253
469 29.005676 187.367294 -150.027893
470 28.829880 186.494186 -149.184097
471 27.599335 186.319565 -147.665253
472 28.302505 187.018051 -148.677811
473 28.302505 187.018051 -148.340302
474 29.357254 189.113495 -148.677811
475 27.775131 187.891144 -148.846573
476 29.181458 187.192673 -149.859146
477 29.181458 187.192673 -149.184097
478 28.829880 187.192673 -148.509064
479 27.950912 188.764252 -149.352859
480 27.775131 187.192673 -149.184097
481 29.884628 187.541901 -148.509064
482 28.654083 186.319565 -148.677811
483 29.005676 187.018051 -148.002777
484 28.126709 188.240387 -148.846573
485 28.829880 187.192673 -148.846573
486 28.478287 187.192673 -149.184097
487 29.357254 187.367294 -150.027893
488 26.544586 187.018051 -148.340302
489 29.005676 185.970322 -149.015335
490 28.126709 187.192673 -148.846573
491 28.302505 185.970322 -149.015335
492 27.950912 187.018051 -149.015335
493 29.005676 187.367294 -148.677811
494 28.478287 186.494186 -149.859146
495 28.478287 187.192673 -147.834015
496 28.302505 185.621094 -147.327728
497 28.302505 187.716522 -150.702942
498 28.654083 185.970322 -148.340302
499 27.950912 187.716522 -150.027893
500 28.126709 188.589630 -148.509064
501 28.654083 187.018051 -148.340302
502 28.126709 187.192673 -149.521622
503 29.005676 188.065765 -149.015335
504 29.005676 185.621094 -147.327728
505 28.654083 186.319565 -147.665253
506 28.478287 187.192673 -147.496490
507 26.720367 188.589630 -149.184097
508 27.599335 188.415009 -149.690384
509 27.950912 185.271851 -149.015335
510 29.181458 186.494186 -148.509064
511 28.302505 187.367294 -148.002777
512 28.302505 188.415009 -148.677811
513 28.302505 187.018051 -150.027893
514 28.126709 187.541901 -148.171539
515 27.950912 188.415009 -148.340302
516 29.181458 187.192673 -148.846573
517 27.775131 186.843430 -148.509064
518 27.423538 187.541901 -149.184097
519 29.181458 186.843430 -149.521622
520 28.654083 187.018051 -149.352859
521 28.654083 187.018051 -149.015335
522 27.775131 187.541901 -149.184097
523 29.181458 187.192673 -148.171539
524 27.599335 188.415009 -149.015335
525 27.775131 186.494186 -149.521622
526 28.126709 185.446472 -149.184097
527 28.126709 187.541901 -149.184097
528 27.950912 187.716522 -149.690384
529 28.654083 187.018051 -148.677811
530 27.423538 187.192673 -150.196655
531 29.005676 187.018051 -149.690384
532 27.775131 187.541901 -148.846573
533 28.126709 187.192673 -149.184097
534 29.181458 186.494186 -149.184097
535 28.302505 187.367294 -149.690384
536 27.950912 186.668808 -150.027893
537 28.478287 186.494186 -149.184097
538 28.302505 186.668808 -148.002777
539 29.708832 187.367294 -150.027893
540 27.071960 187.192673 -149.521622
541 29.357254 186.668808 -149.352859
542 29.533051 187.891144 -150.534180
543 28.478287 187.192673 -147.834015
544 29.357254 187.367294 -150.027893
545 29.181458 186.843430 -148.846573
546 28.654083 187.367294 -150.027893
547 29.884628 186.144943 -149.521622
548 29.357254 186.668808 -148.677811
549 27.950912 187.367294 -150.027893
550 28.654083 187.018051 -149.015335
551 29.005676 186.319565 -148.340302
552 29.357254 186.319565 -148.677811
553 28.654083 187.367294 -148.340302
554 28.829880 187.192673 -149.521622
555 28.302505 187.367294 -149.015335
556 28.654083 187.716522 -151.040466
557 28.126709 186.144943 -148.509064
558 28.478287 186.494186 -148.509064
559 27.775131 187.192673 -149.859146
560 28.829880 187.541901 -149.521622
561 28.302505 187.018051 -150.027893
562 28.829880 186.843430 -148.509064
563 28.478287 186.144943 -149.184097
564 28.654083 185.970322 -149.690384
565 29.357254 186.319565 -148.677811
566 27.423538 186.843430 -147.834015
567 27.247742 186.668808 -147.665253
568 28.478287 187.192673 -149.184097
569 29.181458 187.541901 -149.521622
570 29.181458 186.494186 -147.834015
571 29.181458 187.891144 -148.509064
572 28.478287 187.541901 -149.184097
573 28.302505 188.415009 -149.015335
574 27.247742 185.970322 -150.027893
575 28.829880 187.192673 -148.171539
576 28.126709 187.541901 -147.834015
577 28.829880 185.097229 -149.184097
578 27.950912 186.319565 -148.677811
579 29.533051 187.192673 -148.846573
580 28.829880 186.494186 -149.184097
581 29.005676 187.018051 -148.340302
582 28.126709 185.446472 -147.496490
583 28.302505 186.668808 -149.015335
584 29.357254 188.415009 -147.665253
585 28.654083 187.716522 -148.002777
586 28.478287 186.494186 -147.158981
587 28.126709 186.494186 -148.846573
588 29.181458 186.144943 -148.846573
589 28.126709 187.192673 -149.184097
590 28.302505 186.668808 -149.352859
591 28.654083 186.319565 -147.327728
592 28.654083 187.716522 -148.340302
593 29.005676 188.764252 -149.015335
594 28.654083 187.716522 -148.002777
595 29.005676 187.018051 -148.677811
596 27.950912 187.367294 -148.677811
597 28.829880 186.843430 -147.834015
598 28.654083 187.716522 -149.015335
599 27.950912 186.668808 -147.665253
600 27.599335 187.367294 -148.002777
601 28.302505 187.367294 -148.340302
602 26.192993 187.018051 -148.002777
603 28.654083 186.668808 -149.015335
604 28.829880 187.192673 -148.846573
605 28.478287 186.843430 -149.859146
606 29.005676 185.621094 -148.002777
607 27.423538 187.541901 -148.171539
608 27.247742 187.367294 -147.327728
609 28.126709 187.192673 -149.521622
610 28.302505 185.621094 -150.365417
611 28.829880 186.494186 -148.509064
612 29.533051 186.843430 -148.509064
613 29.181458 186.843430 -148.509064
614 28.654083 187.716522 -149.352859
615 29.708832 188.065765 -148.002777
616 28.829880 187.192673 -148.846573
617 27.950912 187.018051 -150.027893
618 28.302505 187.716522 -149.015335
619 28.478287 187.891144 -148.846573
620 28.654083 187.018051 -148.340302
621 29.708832 185.970322 -150.702942
622 28.654083 188.415009 -148.340302
623 29.181458 187.192673 -148.171539
624 28.829880 187.891144 -148.509064
625 28.126709 186.843430 -149.521622
626 28.829880 186.843430 -149.184097
627 28.829880 187.541901 -148.509064
628 27.599335 185.970322 -148.677811
629 28.654083 185.970322 -149.352859
630 27.950912 186.668808 -149.352859
631 28.478287 185.795700 -147.496490
632 27.950912 187.367294 -147.665253
633 28.829880 186.494186 -148.846573
634 28.126709 185.795700 -148.509064
635 29.181458 188.240387 -148.171539
636 27.247742 186.668808 -148.677811
637 28.302505 186.668808 -148.340302
638 27.599335 187.018051 -149.690384
639 29.884628 187.891144 -148.846573
640 27.599335 187.716522 -149.352859
641 29.708832 185.970322 -149.015335
642 27.950912 186.319565 -149.015335
643 29.708832 188.065765 -149.015335
644 30.060425 186.668808 -149.015335
645 27.950912 187.018051 -148.677811
646 27.775131 187.541901 -149.184097
647 27.950912 187.018051 -148.340302
648 26.544586 188.415009 -148.340302
649 28.654083 187.367294 -149.690384
650 28.829880 187.192673 -148.509064
651 28.302505 187.018051 -147.665253
652 28.126709 187.192673 -148.846573
653 28.829880 188.240387 -148.846573
654 29.005676 187.018051 -149.352859
655 29.708832 186.319565 -148.677811
656 28.478287 187.541901 -148.846573
657 27.950912 187.018051 -150.027893
658 29.005676 187.716522 -149.015335
659 27.599335 187.018051 -148.340302
660 30.060425 187.367294 -148.677811
661 28.478287 186.144943 -149.184097
662 27.950912 187.367294 -148.677811
663 29.181458 187.541901 -149.521622
664 28.126709 188.589630 -148.171539
665 29.357254 187.018051 -148.002777
666 28.829880 186.843430 -148.846573
667 28.829880 187.891144 -148.171539
668 29.357254 189.462723 -149.352859
669 27.950912 186.319565 -148.002777
670 29.533051 187.192673 -148.509064
671 27.423538 185.795700 -148.846573
672 28.302505 187.018051 -149.015335
673 27.775131 186.494186 -149.521622
674 27.247742 187.367294 -148.677811
675 30.060425 187.716522 -149.015335
676 29.884628 187.891144 -148.846573
677 29.005676 187.018051 -149.690384
678 28.654083 187.018051 -148.677811
679 27.950912 187.716522 -149.352859
680 29.005676 187.716522 -149.352859
681 27.423538 185.795700 -148.171539
682 28.478287 187.541901 -149.859146
683 28.478287 187.192673 -148.509064
684 29.708832 186.668808 -148.340302
685 28.126709 187.891144 -149.859146
686 27.071960 185.446472 -149.521622
687 28.829880 187.541901 -149.859146
688 28.654083 188.415009 -150.365417
689 28.302505 186.319565 -147.665253
690 29.533051 187.192673 -148.509064
691 27.950912 186.319565 -148.677811
692 28.302505 187.018051 -149.690384
693 28.126709 187.541901 -148.171539
694 28.654083 188.764252 -149.015335
695 28.126709 186.843430 -148.846573
696 27.775131 187.192673 -150.534180
697 29.533051 186.843430 -148.171539
698 28.126709 187.192673 -148.171539
699 27.071960 187.541901 -147.158981
700 29.005676 187.716522 -149.015335
701 27.775131 188.938873 -149.521622
702 29.181458 186.494186 -149.859146
703 27.950912 187.367294 -149.352859
704 28.654083 187.018051 -148.677811
705 27.950912 187.018051 -149.015335
706 28.478287 187.891144 -148.171539
707 29.533051 187.541901 -149.859146
708 29.357254 186.319565 -148.340302
709 28.654083 185.970322 -149.690384
710 28.829880 186.843430 -149.859146
711 28.126709 186.843430 -148.846573
712 28.126709 187.192673 -149.859146
713 29.181458 187.192673 -149.184097
714 28.829880 185.446472 -149.859146
715 27.950912 187.018051 -148.677811
716 28.829880 188.240387 -148.846573
717 28.302505 186.319565 -149.015335
718 27.775131 185.446472 -148.171539
719 29.533051 185.795700 -150.196655
720 30.060425 187.018051 -147.327728
721 29.357254 187.716522 -149.015335
722 28.302505 187.367294 -149.015335
723 29.181458 187.192673 -148.846573
724 29.357254 186.319565 -148.002777
725 28.829880 187.541901 -148.171539
726 29.181458 187.891144 -149.521622
727 29.181458 187.541901 -147.834015
728 27.599335 187.367294 -149.015335
729 27.599335 186.668808 -150.365417
730 29.708832 186.319565 -149.352859
731 29.357254 186.668808 -149.352859
732 28.829880 185.795700 -148.171539
733 28.478287 187.541901 -149.184097
734 28.829880 186.843430 -147.834015
735 27.775131 186.494186 -149.859146
736 29.181458 186.494186 -149.184097
737 28.302505 185.621094 -149.690384
738 29.005676 187.367294 -148.340302
739 28.654083 188.415009 -149.690384
740 27.599335 188.065765 -148.677811
741 28.302505 186.319565 -149.015335
742 29.884628 187.891144 -149.184097
743 27.775131 187.192673 -148.846573
744 28.654083 189.113495 -149.015335
745 28.654083 187.018051 -150.027893
746 27.599335 186.668808 -149.015335
747 28.126709 186.843430 -149.184097
748 27.423538 185.795700 -149.521622
749 27.775131 186.843430 -148.509064
750 29.181458 188.938873 -148.171539
751 29.181458 186.494186 -149.521622
752 27.247742 187.367294 -148.677811
753 29.708832 188.065765 -148.677811
754 27.775131 185.795700 -148.846573
755 28.302505 187.716522 -149.015335
756 28.654083 186.668808 -149.352859
757 29.181458 186.144943 -149.521622
758 28.478287 186.843430 -149.859146
759 29.533051 188.589630 -149.859146
760 28.829880 187.192673 -149.521622
761 30.060425 187.018051 -149.352859
762 29.533051 187.192673 -148.171539
763 27.071960 187.192673 -149.184097
764 28.302505 187.018051 -149.352859
765 29.884628 185.795700 -148.509064
766 28.478287 186.843430 -149.859146
767 27.950912 187.716522 -149.690384
768 30.236206 187.192673 -148.509064
769 29.181458 186.144943 -149.184097
770 28.126709 187.192673 -148.509064
771 29.005676 187.018051 -148.340302
772 28.829880 185.795700 -148.846573
773 28.302505 187.716522 -149.352859
774 28.829880 186.843430 -148.171539
775 30.060425 187.716522 -148.677811
776 26.368790 187.541901 -148.509064
777 26.544586 188.415009 -149.015335
778 29.533051 187.192673 -148.171539
779 27.775131 185.795700 -149.184097
780 29.181458 186.494186 -149.521622
781 28.478287 187.541901 -148.171539
782 29.005676 187.018051 -149.015335
783 28.478287 187.891144 -149.859146
784 28.478287 186.843430 -150.196655
785 27.950912 187.367294 -149.352859
786 27.950912 185.621094 -148.677811
787 30.236206 187.192673 -148.509064
788 27.071960 185.795700 -148.171539
789 27.775131 186.843430 -149.184097
790 29.357254 187.716522 -149.352859
791 27.950912 189.113495 -149.015335
792 28.478287 186.843430 -149.859146
793 29.181458 187.891144 -148.509064
794 27.423538 186.843430 -150.534180
795 27.775131 186.494186 -149.184097
796 29.181458 185.795700 -148.509064
797 29.181458 187.192673 -148.171539
798 29.708832 186.319565 -149.690384
799 27.599335 185.621094 -149.352859
800 27.775131 187.541901 -149.521622
801 27.599335 187.367294 -149.352859
802 29.357254 187.018051 -149.352859
803 26.720367 186.843430 -148.846573
804 27.775131 187.192673 -149.184097
805 28.829880 186.843430 -149.184097
806 30.060425 186.319565 -150.365417
807 28.654083 186.668808 -149.015335
808 27.423538 187.192673 -148.509064
809 27.775131 185.795700 -148.846573
810 29.708832 188.065765 -148.677811
811 29.357254 186.668808 -148.677811
812 29.005676 187.716522 -149.352859
813 28.302505 186.668808 -148.677811
814 27.950912 187.367294 -148.002777
815 28.654083 187.018051 -149.015335
816 28.829880 188.240387 -149.859146
817 28.478287 186.144943 -148.509064
818 29.357254 187.716522 -148.340302
819 29.181458 186.843430 -148.846573
820 29.181458 186.144943 -149.184097
821 27.950912 187.018051 -149.690384
822 28.126709 187.541901 -148.846573
823 27.423538 187.891144 -148.509064
824 29.884628 188.240387 -148.509064
825 29.357254 187.716522 -148.340302
826 28.302505 187.367294 -149.015335
827 28.302505 187.018051 -149.015335
828 28.478287 187.541901 -150.534180
829 28.302505 187.716522 -149.690384
830 27.950912 187.716522 -148.002777
831 27.950912 186.319565 -148.677811
832 28.829880 187.891144 -148.846573
833 29.357254 187.367294 -148.002777
834 28.126709 186.144943 -149.184097
835 28.478287 185.097229 -149.521622
836 29.357254 187.018051 -149.015335
837 27.775131 187.891144 -148.171539
838 28.654083 186.319565 -149.015335
839 28.478287 186.843430 -148.171539
840 28.654083 187.367294 -150.027893
841 29.181458 187.541901 -148.171539
842 29.533051 187.541901 -148.171539
843 28.654083 188.065765 -149.690384
844 28.126709 186.843430 -148.509064
845 27.775131 187.891144 -149.184097
846 29.884628 188.240387 -148.171539
847 29.181458 187.541901 -148.509064
848 29.357254 185.970322 -148.340302
849 28.829880 188.240387 -148.171539
850 29.181458 187.891144 -149.184097
851 28.654083 186.319565 -149.015335
852 28.829880 187.891144 -148.846573
853 29.181458 186.843430 -149.521622
854 29.708832 187.018051 -149.015335
855 27.247742 185.970322 -149.015335
856 28.478287 187.541901 -149.184097
857 27.950912 188.415009 -149.352859
858 29.005676 187.018051 -149.690384
859 28.829880 186.494186 -147.834015
860 27.775131 187.192673 -148.171539
861 29.005676 185.621094 -150.027893
862 29.708832 186.668808 -150.702942
863 28.478287 186.843430 -148.171539
864 28.654083 186.319565 -149.352859
865 28.302505 186.668808 -148.002777
866 28.302505 188.065765 -149.352859
867 28.654083 187.018051 -148.677811
868 27.423538 186.494186 -149.521622
869 29.005676 186.668808 -147.665253
870 27.423538 186.843430 -148.171539
871 29.533051 186.843430 -147.158981
872 28.829880 187.541901 -148.846573
873 27.775131 186.144943 -147.496490
874 27.599335 188.065765 -150.027893
875 27.775131 187.192673 -148.846573
876 28.654083 186.668808 -148.002777
877 29.005676 186.319565 -149.015335
878 28.126709 186.494186 -147.834015
879 26.720367 186.843430 -148.846573
880 28.126709 188.240387 -148.509064
881 28.126709 188.589630 -148.846573
882 28.126709 186.843430 -149.184097
883 29.357254 187.367294 -148.340302
884 29.884628 185.795700 -148.171539
885 28.126709 187.891144 -148.509064
886 27.071960 186.144943 -149.521622
887 27.950912 187.716522 -147.665253
888 29.005676 187.716522 -147.665253
889 27.423538 187.541901 -149.521622
890 28.829880 187.541901 -148.171539
891 27.950912 187.716522 -147.665253
892 28.829880 186.494186 -149.521622
893 29.181458 187.192673 -148.846573
894 27.599335 187.367294 -148.340302
895 29.357254 186.319565 -148.677811
896 28.302505 185.621094 -150.027893
897 29.708832 187.716522 -148.002777
898 27.950912 186.668808 -149.690384
899 29.181458 186.144943 -150.196655
900 26.544586 187.018051 -150.702942
901 29.005676 187.367294 -149.690384
902 27.775131 186.144943 -149.859146
903 28.126709 186.144943 -149.184097
904 28.478287 187.891144 -149.859146
905 27.423538 185.446472 -148.846573
906 29.357254 188.065765 -148.002777
907 28.302505 186.668808 -149.015335
908 28.302505 187.018051 -148.677811
909 27.950912 186.668808 -148.340302
910 28.654083 187.018051 -148.002777
911 27.599335 187.367294 -148.677811
912 27.775131 186.494186 -148.846573
913 29.884628 187.541901 -149.184097
914 28.829880 187.541901 -148.846573
915 28.126709 187.541901 -149.184097
916 29.005676 185.970322 -150.702942
917 29.533051 187.891144 -149.521622
918 29.181458 188.589630 -149.859146
919 28.654083 186.319565 -149.352859
920 28.126709 186.843430 -148.171539
921 28.126709 188.240387 -147.496490
922 29.533051 187.891144 -149.184097
923 29.005676 187.367294 -148.677811
924 28.829880 186.144943 -148.171539
925 28.829880 187.192673 -150.534180
926 29.357254 187.716522 -148.002777
927 29.357254 187.018051 -148.340302
928 29.884628 187.192673 -149.521622
929 28.829880 186.144943 -147.496490
930 27.423538 187.192673 -149.184097
931 28.654083 186.668808 -149.015335
932 27.423538 186.843430 -148.509064
933 29.181458 186.843430 -148.509064
934 28.126709 187.192673 -149.184097
935 29.005676 189.113495 -149.352859
936 29.533051 186.494186 -148.846573
937 29.181458 186.494186 -149.184097
938 29.357254 187.018051 -149.352859
939 29.181458 187.192673 -147.834015
940 27.071960 186.494186 -149.184097
941 27.950912 186.668808 -148.340302
942 27.599335 187.367294 -149.352859
943 28.654083 185.621094 -149.690384
944 29.533051 187.541901 -149.859146
945 27.599335 187.018051 -148.002777
946 28.302505 188.065765 -148.340302
947 28.654083 187.367294 -149.015335
948 29.708832 187.367294 -149.015335
949 28.654083 187.716522 -148.677811
950 27.775131 186.494186 -149.184097
951 28.126709 186.843430 -149.184097
952 28.829880 185.446472 -149.521622
953 28.302505 187.716522 -148.002777
954 28.126709 187.192673 -148.846573
955 27.423538 187.192673 -148.509064
956 28.478287 187.192673 -148.846573
957 28.478287 186.494186 -149.184097
958 28.126709 187.541901 -149.184097
959 28.478287 187.192673 -148.509064
960 29.533051 188.240387 -148.846573
961 27.775131 186.494186 -149.521622
962 27.247742 187.367294 -148.677811
963 29.533051 186.494186 -148.846573
964 26.896164 186.668808 -148.677811
965 29.533051 187.192673 -149.521622
966 28.302505 185.970322 -146.990219
967 28.302505 187.367294 -149.352859
968 29.357254 186.668808 -148.340302
969 30.236206 188.589630 -148.846573
970 28.126709 187.541901 -149.184097
971 28.654083 187.716522 -148.677811
972 28.654083 186.668808 -149.690384
973 28.302505 186.668808 -149.015335
974 27.775131 187.541901 -148.509064
975 29.181458 186.494186 -150.196655
976 28.829880 186.843430 -148.509064
977 28.829880 187.192673 -148.171539
978 28.302505 188.065765 -149.352859
979 27.775131 186.843430 -148.171539
980 28.126709 187.192673 -148.846573
981 28.302505 186.319565 -149.352859
982 27.775131 187.192673 -149.184097
983 28.654083 185.970322 -149.352859
984 27.071960 186.843430 -149.184097
985 29.357254 187.716522 -148.677811
986 28.126709 186.494186 -149.184097
987 27.423538 186.494186 -149.184097
988 28.829880 186.494186 -148.846573
989 28.302505 187.367294 -148.340302
990 27.775131 187.192673 -149.521622
991 26.368790 186.843430 -148.171539
992 27.950912 187.367294 -148.002777
993 28.302505 188.065765 -149.015335
994 27.950912 188.065765 -149.690384
995 27.950912 186.668808 -146.990219
996 27.950912 187.367294 -149.690384
997 28.654083 188.065765 -148.677811
998 28.302505 187.367294 -150.027893
999 27.247742 187.018051 -149.352859
1000 29.005676 187.716522 -148.677811
1001 28.478287 187.541901 -149.184097
1002 28.478287 187.541901 -147.158981
1003 29.181458 187.541901 -148.846573
1004 28.478287 186.144943 -148.846573
1005 28.126709 187.891144 -149.184097
1006 28.829880 186.494186 -149.521622
1007 28.126709 186.494186 -148.509064
1008 29.533051 188.938873 -148.846573
1009 28.829880 185.795700 -149.521622
1010 29.181458 188.240387 -149.521622
1011 28.654083 187.018051 -148.340302
1012 28.302505 187.367294 -149.352859
1013 28.829880 188.240387 -147.496490
1014 28.829880 186.843430 -146.821457
1015 28.478287 187.192673 -148.171539
1016 28.126709 187.541901 -148.171539
1017 28.302505 186.668808 -149.015335
1018 28.654083 188.065765 -148.677811
1019 28.302505 186.668808 -148.677811
1020 27.599335 187.716522 -148.340302
1021 28.829880 187.192673 -148.171539
1022 27.775131 186.494186 -149.521622
1023 29.357254 188.065765 -148.677811
1024 29.181458 187.891144 -149.521622
1025 29.357254 187.367294 -148.677811
1026 29.005676 186.668808 -148.677811
1027 29.708832 187.716522 -146.990219
1028 28.654083 188.415009 -149.015335
1029 28.478287 186.843430 -149.184097
1030 28.829880 186.144943 -149.521622
1031 29.533051 186.843430 -148.846573
1032 29.181458 187.541901 -149.184097
1033 29.181458 186.843430 -148.509064
1034 27.775131 186.144943 -150.196655
1035 29.181458 186.843430 -148.846573
1036 28.302505 186.668808 -148.677811
1037 28.478287 187.192673 -148.846573
1038 29.708832 186.668808 -149.015335
1039 27.950912 186.668808 -149.015335
1040 31.115173 186.668808 -148.677811
1041 29.181458 187.891144 -148.171539
1042 28.654083 188.764252 -147.665253
1043 29.005676 186.668808 -149.015335
1044 27.950912 187.716522 -148.340302
1045 28.302505 186.668808 -148.340302
1046 29.005676 187.367294 -149.015335
1047 30.060425 187.018051 -148.340302
1048 29.181458 187.541901 -148.171539
1049 28.654083 186.668808 -149.015335
1050 27.423538 186.843430 -148.509064
1051 29.884628 186.494186 -149.184097
1052 28.829880 186.843430 -148.509064
1053 29.357254 185.970322 -148.677811
1054 27.950912 186.668808 -149.015335
1055 27.775131 186.494186 -149.521622
1056 28.478287 187.541901 -148.509064
1057 29.005676 187.018051 -147.327728
1058 28.126709 187.891144 -149.521622
1059 28.302505 187.716522 -148.340302
