1 59.945053 134.282791 -129.439148
2 60.648224 134.981277 -129.439148
3 60.296646 133.584320 -129.776657
4 61.702972 132.885834 -128.764099
5 60.472427 135.505142 -128.932861
6 60.648224 132.885834 -130.114182
7 61.527191 132.711212 -129.607910
8 60.472427 134.108185 -128.595337
9 61.351395 134.282791 -129.101624
10 60.999802 134.282791 -129.776657
11 59.945053 134.632034 -130.451706
12 59.241882 134.981277 -128.426575
13 58.890305 133.584320 -129.439148
14 62.933517 133.409698 -129.945419
15 60.472427 135.155899 -128.932861
16 60.648224 134.632034 -129.101624
17 60.824020 134.457413 -129.607910
18 60.999802 134.632034 -129.776657
19 61.527191 135.155899 -130.620468
20 61.527191 133.758942 -128.932861
21 60.120850 133.758942 -129.270386
22 61.351395 133.235077 -129.439148
23 61.175598 134.108185 -128.595337
24 61.702972 133.584320 -130.114182
25 60.824020 134.457413 -129.945419
26 61.702972 132.536591 -128.764099
27 60.472427 134.108185 -128.932861
28 61.175598 133.758942 -130.957993
29 61.351395 134.981277 -130.789230
30 61.351395 135.679764 -129.776657
31 61.351395 134.632034 -129.439148
32 59.593475 133.933563 -128.764099
33 61.175598 133.060455 -129.270386
34 60.296646 132.885834 -129.101624
35 61.527191 133.060455 -129.270386
36 61.351395 134.632034 -129.776657
37 61.175598 134.457413 -130.282944
38 60.472427 133.060455 -130.282944
39 60.296646 133.584320 -129.776657
40 61.527191 134.108185 -128.932861
41 60.648224 133.235077 -130.789230
42 60.472427 134.108185 -129.270386
43 60.999802 133.584320 -129.101624
44 60.472427 133.060455 -128.595337
45 62.406143 134.282791 -129.101624
46 61.175598 134.108185 -128.932861
47 60.472427 134.806656 -129.607910
48 61.702972 134.632034 -129.776657
49 59.945053 134.282791 -128.764099
50 61.702972 133.584320 -128.764099
51 61.175598 134.457413 -128.932861
52 60.296646 133.933563 -129.439148
53 59.945053 134.282791 -130.114182
54 60.824020 133.409698 -129.270386
55 60.999802 133.933563 -129.439148
56 61.702972 133.235077 -129.101624
57 60.472427 135.155899 -130.620468
58 61.351395 133.584320 -129.101624
59 60.824020 133.060455 -128.932861
60 60.648224 134.282791 -129.101624
61 60.472427 132.711212 -128.932861
62 61.878769 133.060455 -129.945419
63 61.527191 134.457413 -130.282944
64 60.472427 133.409698 -130.282944
65 61.527191 133.409698 -129.270386
66 60.999802 134.981277 -129.439148
67 60.824020 134.806656 -128.932861
68 61.527191 134.108185 -129.607910
69 61.175598 133.060455 -130.620468
70 60.472427 134.108185 -129.270386
71 60.472427 133.758942 -130.620468
72 59.945053 134.282791 -130.451706
73 60.999802 133.235077 -128.426575
74 61.527191 134.108185 -130.282944
75 61.878769 134.457413 -129.607910
76 61.175598 132.711212 -129.270386
77 60.648224 134.282791 -130.114182
78 60.296646 133.584320 -130.114182
79 61.175598 133.758942 -130.620468
80 61.878769 135.155899 -129.607910
81 59.945053 135.679764 -131.126740
82 61.527191 132.012741 -129.945419
83 60.120850 133.758942 -129.945419
84 61.527191 134.806656 -129.945419
85 60.648224 133.235077 -129.439148
86 60.824020 134.457413 -129.270386
87 61.175598 133.758942 -129.945419
88 61.175598 133.758942 -130.620468
89 60.296646 134.981277 -130.114182
90 61.175598 134.457413 -128.257828
91 61.175598 134.457413 -128.932861
92 60.472427 133.409698 -129.270386
93 60.472427 134.457413 -130.620468
94 58.890305 133.584320 -128.426575
95 61.527191 134.457413 -128.932861
96 58.714508 133.758942 -130.620468
97 61.175598 133.758942 -129.270386
98 61.702972 133.584320 -130.789230
99 60.999802 133.584320 -129.776657
100 59.066101 134.108185 -128.595337
101 61.175598 135.854370 -129.270386
102 60.472427 134.108185 -130.282944
103 61.175598 135.155899 -129.270386
104 62.581940 134.108185 -129.270386
105 60.824020 134.108185 -128.595337
106 61.527191 134.806656 -128.257828
107 62.054565 132.885834 -129.776657
108 60.296646 133.933563 -128.764099
109 60.648224 133.933563 -129.776657
110 62.230347 133.409698 -129.607910
111 58.890305 133.235077 -129.439148
112 61.527191 133.409698 -130.957993
113 60.296646 132.885834 -131.464264
114 60.120850 134.457413 -128.932861
115 59.066101 133.409698 -129.607910
116 61.878769 133.758942 -130.282944
117 61.175598 135.155899 -129.607910
118 59.945053 134.632034 -129.439148
119 60.648224 133.235077 -129.776657
120 60.472427 134.108185 -130.282944
121 60.296646 134.282791 -129.101624
122 60.472427 133.409698 -129.270386
123 60.648224 134.632034 -129.439148
124 61.351395 134.981277 -130.114182
125 60.999802 134.632034 -130.451706
126 60.296646 134.282791 -129.439148
127 61.351395 133.933563 -130.789230
128 61.702972 133.584320 -130.114182
129 60.824020 134.457413 -130.282944
130 60.472427 135.505142 -128.595337
131 60.472427 133.758942 -129.945419
132 60.296646 134.632034 -130.789230
133 60.648224 133.584320 -129.439148
134 61.175598 133.409698 -130.620468
135 60.824020 133.758942 -129.607910
136 59.945053 133.584320 -129.776657
137 60.824020 134.108185 -130.620468
138 58.890305 132.885834 -130.114182
139 60.120850 134.108185 -130.620468
140 61.702972 133.235077 -127.751541
141 60.296646 133.933563 -130.451706
142 61.351395 133.933563 -129.439148
143 62.581940 134.806656 -131.295502
144 60.296646 134.632034 -128.764099
145 61.351395 133.584320 -128.764099
146 61.351395 134.981277 -129.776657
147 60.472427 135.155899 -129.945419
148 61.527191 134.457413 -130.282944
149 60.648224 134.981277 -129.101624
150 61.527191 134.457413 -130.620468
151 61.175598 133.060455 -129.270386
152 61.702972 134.282791 -130.114182
153 58.362930 132.012741 -129.270386
154 60.999802 134.282791 -128.764099
155 61.351395 134.282791 -129.776657
156 60.120850 135.155899 -127.920303
157 61.527191 134.457413 -129.607910
158 60.472427 133.409698 -129.945419
159 61.351395 133.584320 -130.451706
160 61.878769 134.806656 -130.620468
161 60.648224 133.235077 -128.764099
162 61.878769 134.806656 -130.620468
163 61.351395 134.282791 -129.776657
164 59.417679 134.457413 -130.957993
165 61.175598 134.457413 -130.282944
166 60.648224 133.933563 -128.764099
167 60.472427 134.806656 -128.932861
168 59.769272 133.758942 -128.595337
169 60.296646 133.933563 -131.464264
170 60.824020 134.806656 -129.607910
171 61.702972 134.981277 -129.101624
172 61.702972 134.282791 -130.114182
173 61.702972 133.933563 -129.776657
174 62.933517 133.060455 -128.595337
175 61.175598 133.758942 -130.620468
176 62.406143 133.933563 -129.776657
177 61.351395 134.282791 -129.439148
178 61.702972 134.632034 -128.764099
179 61.351395 133.235077 -129.439148
180 59.945053 134.632034 -129.439148
181 60.824020 132.361984 -128.595337
182 60.120850 134.108185 -128.595337
183 61.175598 134.457413 -129.945419
184 61.351395 134.282791 -128.426575
185 60.296646 132.885834 -129.439148
186 60.648224 132.885834 -129.101624
187 61.175598 133.060455 -129.270386
188 61.702972 135.679764 -129.439148
189 60.648224 134.632034 -129.776657
190 60.824020 134.108185 -128.257828
191 61.351395 133.933563 -130.451706
192 60.472427 132.711212 -129.945419
193 61.702972 134.981277 -130.114182
194 60.999802 134.282791 -128.764099
195 60.824020 134.108185 -129.945419
196 61.351395 133.235077 -129.776657
197 61.702972 133.584320 -130.789230
198 61.878769 135.505142 -129.270386
199 61.175598 135.155899 -129.607910
200 61.351395 133.584320 -129.439148
201 61.175598 134.108185 -129.270386
202 60.824020 133.758942 -128.595337
203 59.241882 133.933563 -130.451706
204 60.296646 133.933563 -128.089066
205 62.054565 134.632034 -129.439148
206 61.351395 134.981277 -130.451706
207 60.472427 135.155899 -129.270386
208 61.351395 133.933563 -129.439148
209 60.999802 131.838120 -130.789230
210 58.714508 134.457413 -128.595337
211 59.241882 135.679764 -130.114182
212 61.878769 134.108185 -129.607910
213 60.120850 134.806656 -128.932861
214 61.527191 134.108185 -128.595337
215 60.472427 133.758942 -129.270386
216 60.648224 133.235077 -129.101624
217 60.648224 134.282791 -127.751541
218 61.878769 133.409698 -129.270386
219 60.120850 134.108185 -130.282944
220 60.472427 132.711212 -129.270386
221 60.824020 133.758942 -129.270386
222 59.769272 133.060455 -129.607910
223 61.175598 134.108185 -129.945419
224 61.702972 134.981277 -130.114182
225 60.648224 134.282791 -129.101624
226 59.769272 133.409698 -129.270386
227 59.593475 133.584320 -129.439148
228 62.230347 134.806656 -128.595337
229 61.351395 133.235077 -128.764099
230 62.054565 133.933563 -129.439148
231 59.945053 134.981277 -128.764099
232 61.351395 133.584320 -130.451706
233 61.175598 133.060455 -129.945419
234 59.945053 134.981277 -130.789230
235 62.230347 132.361984 -128.932861
236 61.351395 134.981277 -129.101624
237 60.648224 134.632034 -130.114182
238 61.351395 132.187363 -128.426575
239 61.527191 133.409698 -130.957993
240 59.593475 134.632034 -129.776657
241 60.824020 133.758942 -129.270386
242 61.702972 133.584320 -129.776657
243 59.945053 133.235077 -129.101624
244 61.175598 134.108185 -129.607910
245 62.054565 134.981277 -129.101624
246 61.527191 133.060455 -128.595337
247 62.230347 134.806656 -130.282944
248 62.054565 133.933563 -131.126740
249 61.175598 134.806656 -129.270386
250 62.054565 133.584320 -130.451706
251 61.175598 134.108185 -129.607910
252 60.824020 133.758942 -128.932861
253 62.054565 134.632034 -129.439148
254 60.824020 133.758942 -128.595337
255 62.581940 134.457413 -129.270386
256 61.175598 134.108185 -129.270386
257 61.702972 133.235077 -129.776657
258 60.824020 134.457413 -128.932861
259 61.175598 133.758942 -128.932861
260 60.120850 133.409698 -128.595337
261 60.999802 133.933563 -127.414017
262 61.527191 135.155899 -128.932861
263 60.999802 134.282791 -128.426575
264 60.999802 133.933563 -129.101624
265 59.945053 133.235077 -130.451706
266 59.769272 134.806656 -129.270386
267 61.702972 133.235077 -129.439148
268 58.890305 133.584320 -129.776657
269 62.054565 133.933563 -129.439148
270 61.175598 133.060455 -128.595337
271 60.824020 133.409698 -128.595337
272 60.648224 134.632034 -130.114182
273 59.593475 134.282791 -130.789230
274 62.406143 133.933563 -128.426575
275 60.296646 133.235077 -129.439148
276 60.648224 134.981277 -130.451706
277 59.945053 133.933563 -129.439148
278 60.120850 133.409698 -128.257828
279 61.175598 135.505142 -128.595337
280 61.702972 133.933563 -128.426575
281 60.296646 133.584320 -130.114182
282 60.296646 133.584320 -129.101624
283 59.769272 135.155899 -128.595337
284 60.296646 133.933563 -128.426575
285 61.351395 133.584320 -129.776657
286 60.472427 133.060455 -129.607910
287 60.472427 133.758942 -129.607910
288 60.472427 134.806656 -129.945419
289 60.472427 134.806656 -130.282944
290 61.175598 133.409698 -130.282944
291 60.999802 134.981277 -129.101624
292 59.945053 133.584320 -128.426575
293 61.702972 134.282791 -130.114182
294 61.527191 134.457413 -129.607910
295 60.824020 134.806656 -128.932861
296 59.945053 133.933563 -129.101624
297 60.296646 134.282791 -129.439148
298 60.648224 134.632034 -128.089066
299 61.702972 134.632034 -129.776657
300 60.120850 133.758942 -129.270386
301 59.593475 134.632034 -130.114182
302 61.878769 134.457413 -129.270386
303 61.351395 134.282791 -129.776657
304 60.824020 134.108185 -129.607910
305 59.593475 133.933563 -130.114182
306 61.878769 133.060455 -128.595337
307 60.824020 133.758942 -128.257828
308 61.702972 134.632034 -128.764099
309 60.999802 133.584320 -128.764099
310 61.702972 133.933563 -128.426575
311 60.999802 135.679764 -130.114182
312 61.351395 133.235077 -130.114182
313 61.351395 134.282791 -129.101624
314 61.175598 132.711212 -129.270386
315 60.296646 133.933563 -129.101624
316 60.120850 134.806656 -129.607910
317 60.648224 134.981277 -128.764099
318 61.527191 135.505142 -128.257828
319 61.527191 135.505142 -129.270386
320 60.296646 132.187363 -129.439148
321 61.878769 133.758942 -128.595337
322 61.175598 133.409698 -127.920303
323 62.054565 133.235077 -130.114182
324 61.527191 133.758942 -129.945419
325 60.648224 133.584320 -128.764099
326 61.175598 134.108185 -129.270386
327 62.933517 133.060455 -129.607910
328 60.120850 133.060455 -130.282944
329 61.351395 134.282791 -128.426575
330 61.175598 135.155899 -130.957993
331 60.472427 133.409698 -129.607910
332 60.120850 133.409698 -129.945419
333 61.351395 134.632034 -129.776657
334 60.648224 133.584320 -128.426575
335 60.999802 134.632034 -129.439148
336 60.824020 134.457413 -128.595337
337 62.230347 134.457413 -130.957993
338 60.999802 133.584320 -130.114182
339 61.175598 132.711212 -129.270386
340 61.351395 133.933563 -128.764099
341 60.824020 134.457413 -129.270386
342 62.757736 134.981277 -128.764099
343 61.175598 133.409698 -129.607910
344 61.878769 134.806656 -130.620468
345 62.230347 134.806656 -128.257828
346 60.120850 134.806656 -129.270386
347 61.175598 132.012741 -129.607910
348 61.351395 134.632034 -129.439148
349 59.241882 135.330521 -128.764099
350 62.757736 134.632034 -128.764099
351 61.527191 134.457413 -129.607910
352 60.824020 133.758942 -128.595337
353 61.175598 133.758942 -129.270386
354 60.824020 135.155899 -128.595337
355 61.175598 133.409698 -128.932861
356 60.472427 134.108185 -128.595337
357 60.296646 132.885834 -131.126740
358 60.296646 134.632034 -128.426575
359 62.406143 133.584320 -129.776657
360 59.417679 134.806656 -129.270386
361 59.769272 133.409698 -129.270386
362 61.175598 134.457413 -128.932861
363 62.054565 132.536591 -129.439148
364 61.351395 134.632034 -130.114182
365 61.878769 133.758942 -128.932861
366 60.999802 134.981277 -129.439148
367 62.230347 133.060455 -128.932861
368 61.878769 133.758942 -129.270386
369 60.999802 133.933563 -130.451706
370 59.417679 134.457413 -128.595337
371 61.878769 133.409698 -128.932861
372 61.702972 134.282791 -127.751541
373 60.999802 133.584320 -129.101624
374 61.527191 134.108185 -128.932861
375 61.351395 134.981277 -128.089066
376 60.999802 135.679764 -129.439148
377 62.054565 133.933563 -130.114182
378 61.175598 133.060455 -129.607910
379 60.472427 134.457413 -129.945419
380 59.593475 132.187363 -129.776657
381 61.351395 134.282791 -130.451706
382 61.351395 135.330521 -129.776657
383 60.999802 132.536591 -129.101624
384 60.296646 133.235077 -128.764099
385 60.472427 133.758942 -129.945419
386 59.769272 135.155899 -129.270386
387 60.120850 133.758942 -128.932861
388 59.417679 133.409698 -129.945419
389 60.999802 135.679764 -129.439148
390 60.120850 133.060455 -129.270386
391 60.296646 134.981277 -129.776657
392 60.296646 133.584320 -129.101624
393 62.230347 134.108185 -128.257828
394 60.296646 133.584320 -128.764099
395 60.824020 133.060455 -128.595337
396 60.648224 133.235077 -130.451706
397 60.472427 133.409698 -129.945419
398 60.296646 133.584320 -128.764099
399 61.175598 134.457413 -129.945419
400 60.999802 133.584320 -130.114182
401 60.120850 133.060455 -129.945419
402 60.296646 133.584320 -129.101624
403 60.120850 133.409698 -128.257828
404 61.878769 133.060455 -129.607910
405 60.472427 132.711212 -129.945419
406 59.593475 133.235077 -129.439148
407 60.648224 133.933563 -129.101624
408 60.648224 133.933563 -129.101624
409 61.351395 134.282791 -130.114182
410 61.175598 132.711212 -128.595337
411 60.824020 134.108185 -128.932861
412 60.999802 134.632034 -128.764099
413 60.472427 134.108185 -129.607910
414 60.999802 134.282791 -129.439148
415 60.120850 134.108185 -130.282944
416 61.175598 134.806656 -130.957993
417 60.648224 134.632034 -129.776657
418 61.175598 134.806656 -129.270386
419 61.175598 133.060455 -128.257828
420 60.120850 134.457413 -129.270386
421 60.472427 134.457413 -129.607910
422 63.109314 133.933563 -129.439148
423 61.527191 134.806656 -129.270386
424 60.120850 133.409698 -129.607910
425 61.878769 134.108185 -128.595337
426 61.527191 134.457413 -129.607910
427 61.351395 132.885834 -129.776657
428 60.472427 134.108185 -129.607910
429 62.054565 135.330521 -130.451706
430 59.945053 133.235077 -130.114182
431 60.296646 134.632034 -128.426575
432 60.472427 133.758942 -129.270386
433 60.296646 131.838120 -127.751541
434 60.296646 134.282791 -129.776657
435 61.175598 134.457413 -129.607910
436 59.593475 133.933563 -130.451706
437 61.527191 134.108185 -128.932861
438 59.593475 133.235077 -129.101624
439 60.648224 134.632034 -128.764099
440 60.120850 134.457413 -128.932861
441 61.878769 134.457413 -128.932861
442 59.945053 132.885834 -128.764099
443 61.175598 134.108185 -129.945419
444 60.296646 133.584320 -128.764099
445 61.175598 133.409698 -129.270386
446 60.296646 133.235077 -130.114182
447 60.824020 134.457413 -128.257828
448 60.999802 134.632034 -130.114182
449 61.527191 133.758942 -129.270386
450 61.351395 134.632034 -130.451706
451 60.472427 133.060455 -129.270386
452 59.769272 133.409698 -129.270386
453 61.351395 134.632034 -130.114182
454 60.824020 134.806656 -128.932861
455 61.878769 133.060455 -128.595337
456 61.175598 134.457413 -129.945419
457 60.296646 133.584320 -129.101624
458 61.351395 134.981277 -130.114182
459 60.999802 134.632034 -130.114182
460 60.824020 134.457413 -128.932861
461 60.472427 133.758942 -129.270386
462 60.120850 134.108185 -129.270386
463 60.296646 133.235077 -129.439148
464 60.648224 134.632034 -128.764099
465 61.351395 134.981277 -130.114182
466 60.296646 133.933563 -130.451706
467 59.769272 135.155899 -129.607910
468 61.175598 133.758942 -129.270386
469 60.648224 132.885834 -130.114182
470 59.417679 133.758942 -128.595337
471 61.175598 135.155899 -129.607910
472 61.878769 134.108185 -130.282944
473 60.648224 133.584320 -129.439148
474 61.527191 134.108185 -129.607910
475 61.351395 134.632034 -128.764099
476 60.472427 133.060455 -128.932861
477 61.351395 134.981277 -130.114182
478 60.648224 133.584320 -129.439148
479 60.999802 133.584320 -129.439148
480 60.999802 133.584320 -129.101624
481 60.648224 132.536591 -129.439148
482 60.296646 134.282791 -128.426575
483 60.999802 134.632034 -130.451706
484 60.648224 134.981277 -129.439148
485 60.472427 133.409698 -128.257828
486 61.351395 133.235077 -129.776657
487 60.648224 133.933563 -129.776657
488 60.824020 133.409698 -129.270386
489 61.175598 132.711212 -128.257828
490 60.648224 133.235077 -129.101624
491 60.648224 134.981277 -129.776657
492 60.999802 133.235077 -129.101624
493 60.824020 132.711212 -128.595337
494 61.527191 134.806656 -130.282944
495 61.527191 133.758942 -130.282944
496 59.945053 131.838120 -129.439148
497 60.296646 133.235077 -129.439148
498 62.230347 133.060455 -128.595337
499 60.648224 133.584320 -128.764099
500 61.175598 133.409698 -129.607910
501 61.527191 132.711212 -129.270386
502 60.999802 134.282791 -129.776657
503 61.351395 133.235077 -129.776657
504 60.648224 133.584320 -129.439148
505 60.296646 134.632034 -128.089066
506 61.878769 134.108185 -129.270386
507 60.999802 133.933563 -129.101624
508 61.878769 133.060455 -129.270386
509 61.351395 134.981277 -130.114182
510 60.296646 133.933563 -129.439148
511 61.351395 134.632034 -129.776657
512 61.878769 133.409698 -128.932861
513 60.296646 134.282791 -130.451706
514 61.702972 133.235077 -129.776657
515 61.878769 133.060455 -130.620468
516 61.175598 132.711212 -129.945419
517 59.417679 132.711212 -129.270386
518 61.878769 134.806656 -130.282944
519 60.999802 134.282791 -130.114182
520 61.175598 133.758942 -129.270386
521 59.769272 135.155899 -130.282944
522 60.648224 134.282791 -129.439148
523 60.648224 133.584320 -129.101624
524 60.999802 133.933563 -131.126740
525 61.175598 133.060455 -129.270386
526 60.120850 133.758942 -129.607910
527 60.120850 133.758942 -130.282944
528 60.648224 133.933563 -129.101624
529 60.648224 133.584320 -128.089066
530 60.999802 133.584320 -130.789230
531 62.581940 133.409698 -128.257828
532 61.527191 135.155899 -129.607910
533 61.351395 134.632034 -129.776657
534 59.769272 134.806656 -128.932861
535 62.581940 134.457413 -130.282944
536 61.527191 133.409698 -130.282944
537 60.824020 133.409698 -128.595337
538 60.296646 133.933563 -129.101624
539 61.527191 132.361984 -130.620468
540 60.648224 134.632034 -129.439148
541 59.945053 132.885834 -128.426575
542 59.945053 133.584320 -129.776657
543 59.593475 134.632034 -129.101624
544 60.472427 133.409698 -129.607910
545 61.351395 134.282791 -129.776657
546 61.702972 133.933563 -129.101624
547 61.351395 133.933563 -128.764099
548 62.054565 134.282791 -129.776657
549 60.296646 133.933563 -129.776657
550 62.406143 134.632034 -131.126740
551 59.945053 133.584320 -130.451706
552 60.999802 133.584320 -130.114182
553 61.702972 134.632034 -128.089066
554 60.999802 133.235077 -129.101624
555 60.472427 134.108185 -131.295502
556 60.472427 133.758942 -129.607910
557 62.230347 135.155899 -129.270386
558 61.351395 133.235077 -129.439148
559 61.351395 133.584320 -129.439148
560 60.999802 133.235077 -130.114182
561 60.472427 133.409698 -128.932861
562 60.824020 135.505142 -128.932861
563 61.351395 133.933563 -129.439148
564 59.769272 133.758942 -128.932861
565 60.120850 133.409698 -129.270386
566 61.527191 133.758942 -130.282944
567 59.945053 133.584320 -129.439148
568 60.648224 133.235077 -128.764099
569 59.593475 133.584320 -129.101624
570 63.109314 132.885834 -129.439148
571 60.824020 134.457413 -128.932861
572 60.296646 133.584320 -129.439148
573 60.999802 134.981277 -129.101624
574 59.066101 134.108185 -129.945419
575 60.120850 133.060455 -128.932861
576 59.417679 133.758942 -129.270386
577 59.241882 134.282791 -129.439148
578 60.824020 134.108185 -129.607910
579 59.593475 132.885834 -128.764099
580 61.702972 133.235077 -128.764099
581 59.769272 133.060455 -129.270386
582 61.351395 132.536591 -128.426575
583 59.945053 135.679764 -129.439148
584 60.648224 133.584320 -130.114182
585 60.824020 134.457413 -130.620468
586 61.175598 134.108185 -128.595337
587 60.999802 133.933563 -128.764099
588 61.175598 133.758942 -129.945419
589 60.999802 133.235077 -128.426575
590 59.769272 133.409698 -129.945419
591 62.054565 134.981277 -128.426575
592 60.296646 134.981277 -129.101624
593 59.417679 134.457413 -129.607910
594 61.527191 135.854370 -128.595337
595 61.351395 134.981277 -129.101624
596 61.702972 133.235077 -128.089066
597 60.824020 134.108185 -129.945419
598 59.945053 133.933563 -128.089066
599 60.120850 133.758942 -129.607910
600 59.769272 133.758942 -129.270386
601 60.120850 133.758942 -129.270386
602 60.120850 133.758942 -129.607910
603 60.824020 133.758942 -129.607910
604 61.702972 132.187363 -130.451706
605 61.527191 135.505142 -128.932861
606 61.175598 134.457413 -129.945419
607 61.175598 133.758942 -130.620468
608 61.878769 134.108185 -129.607910
609 61.527191 135.155899 -129.607910
610 62.406143 133.933563 -129.101624
611 59.769272 133.060455 -129.270386
612 60.120850 132.711212 -128.932861
613 60.648224 133.933563 -129.101624
614 61.702972 133.235077 -129.776657
615 59.066101 134.108185 -129.270386
616 60.472427 134.806656 -129.270386
617 60.472427 135.155899 -129.607910
618 60.648224 133.933563 -129.776657
619 60.472427 134.457413 -129.607910
620 60.824020 132.361984 -130.282944
621 60.648224 133.584320 -128.764099
622 60.472427 133.758942 -129.607910
623 60.648224 133.933563 -129.776657
624 61.351395 132.885834 -130.451706
625 59.769272 134.108185 -129.607910
626 60.999802 133.933563 -129.776657
627 61.351395 132.885834 -130.451706
628 60.648224 133.584320 -129.776657
629 60.999802 134.282791 -130.451706
630 60.472427 134.108185 -129.270386
631 61.351395 134.632034 -129.101624
632 59.945053 132.885834 -128.764099
633 60.472427 134.457413 -130.282944
634 61.175598 134.457413 -129.607910
635 59.593475 134.981277 -130.114182
636 62.406143 133.933563 -128.764099
637 61.878769 132.361984 -129.607910
638 60.824020 135.505142 -130.620468
639 59.945053 134.981277 -129.776657
640 60.472427 133.758942 -129.270386
641 61.527191 135.155899 -129.270386
642 61.878769 134.457413 -129.945419
643 60.824020 133.060455 -128.932861
644 62.054565 132.885834 -128.764099
645 61.175598 133.409698 -128.932861
646 62.230347 134.108185 -130.282944
647 60.472427 133.060455 -129.607910
648 60.472427 133.060455 -129.607910
649 60.296646 134.282791 -130.789230
650 60.648224 135.330521 -128.089066
651 60.120850 134.806656 -129.607910
652 60.120850 133.758942 -129.945419
653 60.999802 132.536591 -130.114182
654 62.054565 134.632034 -128.426575
655 60.472427 134.108185 -128.932861
656 62.406143 134.282791 -130.451706
657 60.999802 132.536591 -129.439148
658 60.999802 135.330521 -130.789230
659 59.769272 133.758942 -128.595337
660 61.175598 133.758942 -129.270386
661 60.648224 133.584320 -129.101624
662 60.120850 134.108185 -129.607910
663 61.175598 134.457413 -128.932861
664 60.999802 133.933563 -129.776657
665 60.472427 133.758942 -130.282944
666 61.527191 134.108185 -130.282944
667 60.472427 134.457413 -127.920303
668 61.175598 134.108185 -129.607910
669 60.999802 133.235077 -128.426575
670 60.648224 134.632034 -129.439148
671 61.527191 134.806656 -129.270386
672 61.175598 134.108185 -129.607910
673 60.648224 134.282791 -129.776657
674 59.417679 134.108185 -128.595337
675 61.351395 133.235077 -129.776657
676 59.945053 134.632034 -129.776657
677 62.406143 133.584320 -130.451706
678 60.296646 134.632034 -129.776657
679 60.824020 135.155899 -129.607910
680 61.175598 133.409698 -128.257828
681 60.824020 134.108185 -128.257828
682 61.175598 134.457413 -130.282944
683 59.945053 134.282791 -130.114182
684 60.648224 135.330521 -130.451706
685 61.175598 134.806656 -128.595337
686 62.054565 133.235077 -130.451706
687 61.878769 133.758942 -129.270386
688 60.999802 133.584320 -130.789230
689 60.472427 134.108185 -128.595337
690 60.296646 134.282791 -128.426575
691 61.351395 133.933563 -128.426575
692 61.702972 134.632034 -130.114182
693 60.824020 133.758942 -130.620468
694 60.472427 135.155899 -129.945419
695 59.769272 133.409698 -129.270386
696 61.175598 133.409698 -128.595337
697 59.945053 134.632034 -129.101624
698 60.824020 134.806656 -130.282944
699 60.120850 133.409698 -129.607910
700 59.945053 134.632034 -129.776657
701 59.769272 134.108185 -129.270386
702 61.175598 135.155899 -128.932861
703 60.999802 134.632034 -128.426575
704 60.120850 134.108185 -128.257828
705 59.945053 133.235077 -128.764099
706 59.066101 133.758942 -129.945419
707 62.406143 133.584320 -128.764099
708 60.472427 133.409698 -127.920303
709 61.175598 133.409698 -129.270386
710 61.351395 134.632034 -129.101624
711 60.296646 133.584320 -128.764099
712 60.472427 134.108185 -128.932861
713 61.527191 133.060455 -128.595337
714 59.945053 133.584320 -130.114182
715 60.648224 134.981277 -129.776657
716 60.472427 133.060455 -130.282944
717 60.824020 133.758942 -127.920303
718 60.120850 134.108185 -128.257828
719 59.945053 133.235077 -129.101624
720 61.351395 134.282791 -130.114182
721 61.702972 133.933563 -129.101624
722 62.054565 133.235077 -129.776657
723 59.593475 133.933563 -128.764099
724 60.999802 134.282791 -129.439148
725 60.999802 133.235077 -129.439148
726 59.417679 135.155899 -128.257828
727 60.472427 134.457413 -129.270386
728 60.472427 133.758942 -129.945419
729 61.527191 134.108185 -128.932861
730 60.120850 134.457413 -128.932861
731 60.999802 133.584320 -129.439148
732 60.999802 134.981277 -129.439148
733 60.999802 133.933563 -130.451706
734 60.648224 133.235077 -129.776657
735 61.175598 133.409698 -128.932861
736 60.120850 133.758942 -130.957993
737 61.527191 135.505142 -127.920303
738 60.472427 134.806656 -128.595337
739 62.230347 134.806656 -128.932861
740 60.648224 134.981277 -128.089066
741 60.999802 135.330521 -128.426575
742 60.648224 133.933563 -128.426575
743 61.175598 133.758942 -128.932861
744 60.472427 135.505142 -129.607910
745 61.702972 133.584320 -128.426575
746 61.527191 133.409698 -129.945419
747 62.054565 133.584320 -129.776657
748 60.472427 133.409698 -129.270386
749 59.593475 134.981277 -129.776657
750 61.175598 133.060455 -129.270386
751 60.824020 134.457413 -129.607910
752 61.527191 133.758942 -130.957993
753 60.472427 132.711212 -129.270386
754 59.945053 133.933563 -129.101624
755 60.120850 135.155899 -130.282944
756 60.296646 134.632034 -129.439148
757 61.702972 134.282791 -129.101624
758 59.593475 134.282791 -129.439148
759 60.296646 133.933563 -130.114182
760 62.054565 135.330521 -130.114182
761 60.648224 133.933563 -129.439148
762 62.230347 133.758942 -128.595337
763 60.472427 132.711212 -130.282944
764 60.999802 134.632034 -128.764099
765 60.999802 134.282791 -130.451706
766 60.472427 134.108185 -128.595337
767 60.648224 134.282791 -129.101624
768 60.648224 135.330521 -129.439148
769 61.175598 134.457413 -128.932861
770 62.054565 133.933563 -129.439148
771 60.472427 133.060455 -129.945419
772 60.824020 133.758942 -130.282944
773 60.824020 134.457413 -129.945419
774 60.296646 134.632034 -129.439148
775 60.999802 133.235077 -129.439148
776 61.702972 133.235077 -129.439148
777 59.769272 134.108185 -129.270386
778 60.824020 133.409698 -130.282944
779 60.648224 134.981277 -129.101624
780 59.769272 134.108185 -129.607910
781 59.945053 135.330521 -129.101624
782 61.527191 135.155899 -129.270386
783 61.351395 134.981277 -130.114182
784 59.769272 134.108185 -129.945419
785 60.120850 133.758942 -129.607910
786 61.878769 135.155899 -128.932861
787 60.824020 133.758942 -129.270386
788 62.230347 134.108185 -129.607910
789 59.769272 135.155899 -130.282944
790 59.945053 134.981277 -129.439148
791 60.296646 133.584320 -130.789230
792 59.769272 132.361984 -130.282944
793 61.702972 134.981277 -129.439148
794 61.351395 132.187363 -130.451706
795 60.999802 136.028992 -129.101624
796 61.175598 133.409698 -129.945419
797 61.527191 134.457413 -129.270386
798 60.824020 133.060455 -129.270386
799 60.648224 134.282791 -129.776657
800 60.472427 134.108185 -128.257828
801 59.945053 133.235077 -129.439148
802 60.648224 134.282791 -128.764099
803 61.351395 133.235077 -128.426575
804 61.527191 133.758942 -128.595337
805 60.472427 135.505142 -130.282944
806 60.999802 132.187363 -128.426575
807 60.824020 134.806656 -129.270386
808 60.824020 133.758942 -130.620468
809 61.175598 133.409698 -128.932861
810 59.945053 134.282791 -129.439148
811 60.824020 133.758942 -128.595337
812 60.999802 135.330521 -129.439148
813 60.296646 133.584320 -128.426575
814 61.527191 134.108185 -129.945419
815 60.999802 133.235077 -128.426575
816 60.120850 134.108185 -128.595337
817 60.824020 134.806656 -129.945419
818 62.230347 134.108185 -129.607910
819 60.296646 135.330521 -128.426575
820 62.230347 134.457413 -128.595337
821 60.296646 134.282791 -128.764099
822 60.999802 134.282791 -129.101624
823 60.824020 134.457413 -128.932861
824 61.527191 134.806656 -129.270386
825 60.472427 133.409698 -129.270386
826 61.175598 132.361984 -128.595337
827 61.527191 133.758942 -128.932861
828 60.472427 134.108185 -129.945419
829 61.175598 134.108185 -128.932861
830 59.593475 133.235077 -130.451706
831 60.120850 133.758942 -129.607910
832 60.648224 133.235077 -129.439148
833 60.472427 133.409698 -129.270386
834 61.527191 134.457413 -128.595337
835 59.593475 133.235077 -128.089066
836 60.824020 133.758942 -129.607910
837 61.175598 133.409698 -129.270386
838 60.120850 135.505142 -129.945419
839 59.769272 133.758942 -129.945419
840 59.769272 133.758942 -128.595337
841 61.527191 134.457413 -130.282944
842 60.648224 134.981277 -129.776657
843 61.351395 133.584320 -129.439148
844 60.648224 132.885834 -129.101624
845 60.648224 133.933563 -129.439148
846 59.769272 134.108185 -129.270386
847 62.054565 133.235077 -129.439148
848 60.999802 134.282791 -129.776657
849 60.999802 134.282791 -129.101624
850 60.648224 133.584320 -129.439148
851 59.945053 132.885834 -130.451706
852 60.648224 134.632034 -129.776657
853 61.175598 133.060455 -128.932861
854 61.351395 134.282791 -129.776657
855 62.054565 134.282791 -129.101624
856 59.945053 132.187363 -130.789230
857 60.648224 134.282791 -128.089066
858 59.593475 133.235077 -129.776657
859 61.175598 134.457413 -128.932861
860 60.120850 132.711212 -129.270386
861 59.945053 133.933563 -129.776657
862 60.472427 135.155899 -128.932861
863 61.351395 133.933563 -130.114182
864 62.230347 134.457413 -130.620468
865 61.351395 133.584320 -129.439148
866 60.472427 134.108185 -130.620468
867 61.878769 133.758942 -128.595337
868 61.702972 133.933563 -130.789230
869 61.175598 134.457413 -129.270386
870 60.472427 134.457413 -129.270386
871 60.296646 133.933563 -129.439148
872 61.351395 134.282791 -129.776657
873 60.824020 133.758942 -128.595337
874 62.757736 135.330521 -129.776657
875 60.999802 136.028992 -129.439148
876 62.054565 134.632034 -130.114182
877 60.472427 133.758942 -129.607910
878 60.648224 134.282791 -130.114182
879 60.999802 134.282791 -129.101624
880 59.945053 134.282791 -130.114182
881 60.999802 132.187363 -131.126740
882 59.769272 133.409698 -130.282944
883 60.648224 134.632034 -129.776657
884 60.472427 134.108185 -129.945419
885 60.120850 134.457413 -128.932861
886 61.175598 134.457413 -130.282944
887 61.351395 133.584320 -130.789230
888 60.824020 134.108185 -128.595337
889 62.054565 134.632034 -130.789230
890 60.296646 134.981277 -129.101624
891 60.648224 134.282791 -129.776657
892 60.120850 133.060455 -130.282944
893 60.648224 133.933563 -128.426575
894 61.702972 134.282791 -130.114182
895 60.472427 133.409698 -129.607910
896 60.648224 134.632034 -129.439148
897 59.945053 136.028992 -129.101624
898 60.824020 133.409698 -130.282944
899 59.769272 132.711212 -128.257828
900 60.472427 132.711212 -129.607910
901 59.945053 134.632034 -128.764099
902 59.417679 134.806656 -129.607910
903 60.472427 133.758942 -129.945419
904 59.945053 133.933563 -129.101624
905 61.527191 134.108185 -129.945419
906 61.351395 134.632034 -129.439148
907 61.527191 134.806656 -128.932861
908 60.824020 135.854370 -128.595337
909 60.296646 133.584320 -129.776657
910 60.120850 133.758942 -128.932861
911 60.648224 134.632034 -129.776657
912 60.824020 133.409698 -129.270386
913 60.120850 133.060455 -129.607910
914 61.351395 134.981277 -129.439148
915 61.702972 133.584320 -130.451706
916 60.120850 135.505142 -129.607910
917 60.648224 133.584320 -131.126740
918 60.296646 133.235077 -130.114182
919 61.351395 133.584320 -129.776657
920 61.527191 134.457413 -129.270386
921 60.999802 133.584320 -131.126740
922 60.824020 133.758942 -129.945419
923 61.175598 133.409698 -128.932861
924 60.999802 134.981277 -128.426575
925 62.054565 133.933563 -130.114182
926 60.472427 135.155899 -129.270386
927 60.120850 132.361984 -129.270386
928 61.527191 133.060455 -129.945419
929 60.648224 133.933563 -128.089066
930 61.527191 135.155899 -130.620468
931 59.769272 133.060455 -128.257828
932 60.999802 133.933563 -130.114182
933 60.824020 135.155899 -129.945419
934 62.757736 135.330521 -129.439148
935 60.296646 133.933563 -129.776657
936 60.472427 133.758942 -129.607910
937 60.648224 134.981277 -130.789230
938 60.648224 133.933563 -129.776657
939 61.175598 134.457413 -129.945419
940 61.702972 134.632034 -130.114182
941 60.296646 133.933563 -128.764099
942 60.120850 133.758942 -128.932861
943 59.945053 134.282791 -129.101624
944 60.296646 134.632034 -129.776657
945 61.351395 133.933563 -128.426575
946 62.230347 134.457413 -130.282944
947 60.824020 132.711212 -129.607910
948 60.472427 134.108185 -129.607910
949 60.999802 133.933563 -129.439148
950 60.824020 134.806656 -129.270386
951 60.120850 133.758942 -129.607910
952 61.878769 133.758942 -129.270386
953 60.472427 134.108185 -130.282944
954 60.120850 135.505142 -128.932861
955 60.824020 134.108185 -128.257828
956 59.769272 134.457413 -128.932861
957 60.648224 132.885834 -129.101624
958 61.527191 134.457413 -129.607910
959 61.878769 133.758942 -129.607910
960 61.527191 133.409698 -129.945419
961 61.175598 134.457413 -129.945419
962 61.878769 134.806656 -129.607910
963 60.824020 133.409698 -129.945419
964 60.472427 133.060455 -129.607910
965 60.648224 133.235077 -129.776657
966 62.581940 133.758942 -130.282944
967 61.527191 134.806656 -129.270386
968 59.417679 135.155899 -129.270386
969 60.999802 133.933563 -127.751541
970 61.175598 133.409698 -129.270386
971 60.999802 134.632034 -128.426575
972 60.648224 134.632034 -129.101624
973 60.296646 133.933563 -128.764099
974 60.648224 134.632034 -129.101624
975 60.648224 134.632034 -129.101624
976 61.878769 132.361984 -128.595337
977 60.999802 133.933563 -129.101624
978 60.999802 132.885834 -129.101624
979 60.648224 133.235077 -128.089066
980 60.648224 133.584320 -129.101624
981 60.648224 134.981277 -129.439148
982 61.702972 133.584320 -128.764099
983 60.648224 133.584320 -129.101624
984 60.296646 133.933563 -130.114182
985 61.351395 133.584320 -129.101624
986 59.241882 132.885834 -127.751541
987 60.472427 133.060455 -131.295502
988 60.472427 133.409698 -129.607910
989 60.472427 132.711212 -129.945419
990 58.538727 134.282791 -129.439148
991 60.472427 133.060455 -129.607910
992 60.648224 134.282791 -128.764099
993 60.296646 134.282791 -129.439148
994 59.769272 135.155899 -129.607910
995 59.945053 133.584320 -128.764099
996 61.175598 133.409698 -129.607910
997 60.120850 134.457413 -129.607910
998 60.999802 133.933563 -128.426575
999 60.296646 134.282791 -129.101624
1000 60.120850 134.108185 -128.932861
1001 61.527191 133.409698 -128.595337
1002 60.472427 134.806656 -129.607910
1003 59.945053 135.330521 -130.451706
1004 59.417679 134.457413 -128.595337
