1 67.504120 141.791458 -146.821457
2 69.613617 142.839172 -146.146408
3 67.855698 142.489944 -147.158981
4 67.679901 143.013794 -144.627563
5 67.504120 141.092972 -146.483932
6 67.679901 142.664566 -146.315170
7 69.262039 142.839172 -146.483932
8 68.383072 141.616837 -146.652695
9 68.383072 141.616837 -146.652695
10 67.855698 142.489944 -147.496490
11 69.086243 141.267593 -146.315170
12 68.031494 141.267593 -146.315170
13 68.031494 142.315323 -146.652695
14 68.207275 141.442215 -146.821457
15 67.504120 141.791458 -146.146408
16 68.383072 143.013794 -145.640137
17 68.558868 143.188416 -147.496490
18 67.504120 142.839172 -146.821457
19 68.383072 143.363037 -146.990219
20 70.140991 141.616837 -146.315170
21 67.504120 143.188416 -147.158981
22 69.437820 142.664566 -145.640137
23 68.383072 143.013794 -147.327728
24 68.031494 141.966080 -145.977646
25 67.855698 143.537659 -146.483932
26 67.504120 141.791458 -145.808899
27 67.504120 143.188416 -147.496490
28 68.734650 141.966080 -147.665253
29 68.910446 141.791458 -146.146408
30 67.504120 143.188416 -145.808899
31 68.558868 141.092972 -147.158981
32 66.800949 142.489944 -146.821457
33 67.679901 141.966080 -146.315170
34 68.910446 141.092972 -146.146408
35 66.800949 141.791458 -146.821457
36 67.328323 142.315323 -146.990219
37 68.558868 142.839172 -146.146408
38 67.855698 142.140701 -148.171539
39 68.734650 143.363037 -145.977646
40 68.734650 141.966080 -147.327728
41 68.910446 141.791458 -146.821457
42 67.328323 142.664566 -147.665253
43 68.734650 142.315323 -147.665253
44 68.558868 142.140701 -145.808899
45 68.383072 141.966080 -145.640137
46 68.207275 141.791458 -146.483932
47 68.031494 143.712280 -146.652695
48 69.086243 141.966080 -146.990219
49 67.679901 140.569122 -147.327728
50 66.800949 142.140701 -146.821457
51 67.152527 141.791458 -145.471375
52 69.086243 141.966080 -147.665253
53 68.910446 140.743744 -146.483932
54 68.383072 143.013794 -146.652695
55 67.504120 141.442215 -146.483932
56 68.031494 142.315323 -145.977646
57 68.207275 141.442215 -146.821457
58 68.031494 141.616837 -146.315170
59 67.504120 142.489944 -147.496490
60 67.679901 143.013794 -146.652695
61 68.734650 142.315323 -147.665253
62 69.086243 141.616837 -145.977646
63 68.734650 140.569122 -145.640137
64 68.031494 141.616837 -147.327728
65 66.625153 141.966080 -147.327728
66 68.558868 141.092972 -145.808899
67 68.383072 141.616837 -146.315170
68 67.679901 142.315323 -145.302612
69 67.152527 142.140701 -145.808899
70 68.031494 143.013794 -146.652695
71 67.328323 141.267593 -145.640137
72 69.437820 141.966080 -146.990219
73 68.207275 143.188416 -145.133850
74 68.383072 143.013794 -146.990219
75 68.910446 141.442215 -146.821457
76 67.855698 141.092972 -146.483932
77 68.910446 141.442215 -145.471375
78 68.558868 143.188416 -146.821457
79 67.855698 142.140701 -146.483932
80 68.031494 141.616837 -146.315170
81 68.910446 142.140701 -147.496490
82 66.800949 142.489944 -147.834015
83 67.855698 142.140701 -146.146408
84 69.613617 143.188416 -147.158981
85 68.031494 142.664566 -145.640137
86 68.031494 140.918365 -147.665253
87 68.558868 140.743744 -146.483932
88 67.504120 142.489944 -146.821457
89 67.679901 142.315323 -147.327728
90 68.031494 141.966080 -146.315170
91 69.262039 143.537659 -147.496490
92 67.328323 142.664566 -148.677811
93 68.207275 142.489944 -147.158981
94 67.679901 141.966080 -146.315170
95 68.910446 141.791458 -147.158981
96 68.910446 142.489944 -146.146408
97 67.679901 141.966080 -148.002777
98 67.679901 142.315323 -145.977646
99 67.504120 142.140701 -146.821457
100 67.679901 143.013794 -147.327728
101 67.504120 141.442215 -147.496490
102 68.558868 142.489944 -147.158981
103 68.558868 142.839172 -146.146408
104 67.679901 143.363037 -145.977646
105 66.976730 141.616837 -147.327728
106 68.910446 142.839172 -146.146408
107 68.207275 140.045258 -146.821457
108 67.679901 143.712280 -147.327728
109 67.855698 142.140701 -146.146408
110 67.679901 142.315323 -147.327728
111 69.613617 142.839172 -147.496490
112 68.207275 141.442215 -146.146408
113 68.207275 141.791458 -146.821457
114 67.855698 142.140701 -146.821457
115 66.800949 140.394501 -147.158981
116 68.558868 142.839172 -146.821457
117 68.031494 141.966080 -148.002777
118 67.679901 141.966080 -148.002777
119 68.207275 144.236145 -147.158981
120 69.437820 143.712280 -145.977646
121 67.328323 142.664566 -145.977646
122 69.262039 141.442215 -148.509064
123 68.031494 141.267593 -145.977646
124 69.262039 141.092972 -147.158981
125 68.558868 142.489944 -147.496490
126 67.855698 142.489944 -145.808899
127 67.328323 141.966080 -148.002777
128 69.965195 142.489944 -146.821457
129 67.328323 142.315323 -148.340302
130 68.558868 141.791458 -147.158981
131 69.965195 142.140701 -147.834015
132 68.031494 141.616837 -148.002777
133 68.207275 143.188416 -147.834015
134 67.679901 142.315323 -146.990219
135 68.383072 141.616837 -146.315170
136 67.679901 142.315323 -146.652695
137 68.207275 142.839172 -146.483932
138 67.504120 141.791458 -146.821457
139 69.086243 141.616837 -148.002777
140 68.383072 142.664566 -146.315170
141 67.855698 141.092972 -146.483932
142 67.855698 142.489944 -145.471375
143 68.383072 143.013794 -146.990219
144 68.558868 143.886902 -147.496490
145 67.855698 142.140701 -147.496490
146 67.504120 143.188416 -146.483932
147 67.855698 141.791458 -146.821457
148 68.910446 142.839172 -146.483932
149 67.504120 143.188416 -146.821457
150 68.207275 142.489944 -147.496490
151 68.383072 141.616837 -147.665253
152 68.383072 143.013794 -146.315170
153 69.613617 141.092972 -145.133850
154 67.328323 142.664566 -147.665253
155 67.504120 141.442215 -147.496490
156 68.558868 142.140701 -146.483932
157 69.262039 142.489944 -146.146408
158 68.031494 143.363037 -146.990219
159 68.734650 143.013794 -146.315170
160 69.965195 142.489944 -146.821457
161 67.679901 143.363037 -148.002777
162 68.734650 141.267593 -146.652695
163 67.504120 142.489944 -147.496490
164 67.679901 142.315323 -145.977646
165 68.734650 142.315323 -146.315170
166 68.734650 142.664566 -144.965088
167 69.437820 142.664566 -146.990219
168 68.207275 140.743744 -147.496490
169 67.679901 141.966080 -148.677811
170 70.140991 142.664566 -145.640137
171 69.086243 141.616837 -146.990219
172 68.734650 143.013794 -146.652695
173 68.910446 142.489944 -146.821457
174 67.855698 142.839172 -146.483932
175 68.207275 142.489944 -147.158981
176 66.976730 141.966080 -145.302612
177 69.437820 140.219879 -145.640137
178 67.855698 142.489944 -146.821457
179 67.679901 141.267593 -146.652695
180 68.383072 143.712280 -147.665253
181 67.152527 143.188416 -146.821457
182 68.383072 141.966080 -146.315170
183 68.734650 140.918365 -145.977646
184 69.086243 142.664566 -147.327728
185 68.031494 143.363037 -146.652695
186 68.031494 141.966080 -146.990219
187 68.031494 141.966080 -146.315170
188 69.086243 143.363037 -147.665253
189 68.558868 141.442215 -147.158981
190 69.086243 142.315323 -147.665253
191 68.558868 141.791458 -147.496490
192 67.679901 141.267593 -146.652695
193 67.504120 141.442215 -146.483932
194 68.031494 142.315323 -146.652695
195 67.679901 143.363037 -145.302612
196 68.910446 142.140701 -145.471375
197 67.152527 142.489944 -145.471375
198 66.976730 140.918365 -148.677811
199 68.383072 141.966080 -146.990219
200 66.976730 143.363037 -146.652695
201 68.031494 141.966080 -145.977646
202 68.734650 141.966080 -147.665253
203 67.679901 142.315323 -146.315170
204 69.789413 141.616837 -146.652695
205 69.437820 141.267593 -145.977646
206 67.855698 141.791458 -146.483932
207 68.207275 142.839172 -146.821457
208 68.558868 142.489944 -146.483932
209 68.734650 142.315323 -146.990219
210 68.734650 142.664566 -145.977646
211 68.734650 142.664566 -146.315170
212 69.613617 142.489944 -146.483932
213 67.679901 144.759995 -145.640137
214 69.437820 141.616837 -146.652695
215 68.207275 142.839172 -146.483932
216 67.152527 140.394501 -147.496490
217 69.789413 141.966080 -146.315170
218 69.789413 141.966080 -146.315170
219 69.086243 141.616837 -146.652695
220 68.383072 142.315323 -146.315170
221 67.679901 142.315323 -147.327728
222 68.383072 141.267593 -147.665253
223 68.383072 143.363037 -145.640137
224 67.855698 142.140701 -145.808899
225 69.789413 141.267593 -146.315170
226 69.437820 141.267593 -145.302612
227 68.910446 142.489944 -146.146408
228 67.855698 141.791458 -147.158981
229 67.855698 142.839172 -146.821457
230 68.031494 142.664566 -146.315170
231 69.262039 141.791458 -146.821457
232 67.152527 141.442215 -145.471375
233 67.504120 142.140701 -146.483932
234 67.504120 142.140701 -146.483932
235 68.031494 142.315323 -146.315170
236 68.910446 143.188416 -145.808899
237 68.031494 141.616837 -146.315170
238 67.504120 141.442215 -146.146408
239 68.558868 141.442215 -146.483932
240 68.734650 141.267593 -147.327728
241 67.152527 142.489944 -147.158981
242 67.855698 143.537659 -146.483932
243 69.789413 143.363037 -146.652695
244 69.086243 142.315323 -146.990219
245 69.086243 142.664566 -146.315170
246 66.449356 141.791458 -146.821457
247 68.383072 142.315323 -146.990219
248 67.152527 141.442215 -147.496490
249 68.558868 141.442215 -146.146408
250 68.734650 142.664566 -146.315170
251 68.207275 141.791458 -147.158981
252 67.328323 141.616837 -145.977646
253 68.207275 142.140701 -145.471375
254 66.625153 143.363037 -147.665253
255 68.207275 140.394501 -146.821457
256 68.031494 142.315323 -146.652695
257 68.910446 142.489944 -147.834015
258 67.504120 141.442215 -146.821457
259 67.679901 142.664566 -146.990219
260 68.558868 142.839172 -146.821457
261 68.734650 143.013794 -147.665253
262 67.504120 141.442215 -147.158981
263 67.679901 142.315323 -146.990219
264 69.437820 144.061523 -146.990219
265 69.437820 143.013794 -145.977646
266 68.031494 141.616837 -146.990219
267 67.679901 143.013794 -146.652695
268 67.504120 141.442215 -147.158981
269 67.855698 142.489944 -147.496490
270 67.679901 141.616837 -147.665253
271 68.383072 143.363037 -147.665253
272 68.383072 141.616837 -146.315170
273 68.207275 143.188416 -147.496490
274 68.558868 143.537659 -147.834015
275 68.558868 141.791458 -146.483932
276 68.734650 141.966080 -147.665253
277 68.734650 142.664566 -147.327728
278 69.262039 142.140701 -148.171539
279 69.262039 141.442215 -147.158981
280 68.207275 142.839172 -147.158981
281 68.910446 142.489944 -146.821457
282 67.855698 143.188416 -147.158981
283 67.152527 141.092972 -146.483932
284 68.207275 142.140701 -146.483932
285 68.910446 142.489944 -146.146408
286 68.031494 142.315323 -146.315170
287 67.504120 142.140701 -147.834015
288 68.031494 143.363037 -146.990219
289 68.207275 142.140701 -147.158981
290 68.207275 141.791458 -147.496490
291 69.086243 141.966080 -147.665253
292 68.734650 141.966080 -146.315170
293 68.558868 142.489944 -145.133850
294 68.031494 143.013794 -145.977646
295 68.383072 143.013794 -146.652695
296 66.976730 142.664566 -146.652695
297 69.086243 141.267593 -145.977646
298 68.383072 142.664566 -147.327728
299 68.558868 143.188416 -147.496490
300 67.679901 142.664566 -145.977646
301 67.855698 142.839172 -147.158981
302 68.383072 141.966080 -146.652695
303 68.383072 141.966080 -146.652695
304 68.383072 142.664566 -146.652695
305 68.031494 141.966080 -148.002777
306 68.558868 142.839172 -146.483932
307 68.031494 142.664566 -146.652695
308 69.437820 141.616837 -145.977646
309 67.855698 141.791458 -144.796326
310 67.328323 141.966080 -145.977646
311 67.328323 143.013794 -147.665253
312 66.976730 143.013794 -147.665253
313 67.855698 142.489944 -146.821457
314 67.504120 141.092972 -147.158981
315 67.679901 143.363037 -147.327728
316 66.800949 143.537659 -147.158981
317 69.086243 141.267593 -147.327728
318 68.207275 142.489944 -146.821457
319 69.789413 143.013794 -146.990219
320 69.613617 142.839172 -146.821457
321 68.734650 142.315323 -147.327728
322 68.558868 141.442215 -147.496490
323 67.679901 142.315323 -146.652695
324 68.734650 143.363037 -146.315170
325 68.910446 142.140701 -146.821457
326 69.437820 143.363037 -146.990219
327 69.965195 140.743744 -147.158981
328 69.965195 142.839172 -146.146408
329 67.504120 142.140701 -147.158981
330 66.800949 142.839172 -145.471375
331 68.558868 141.791458 -147.496490
332 68.207275 142.140701 -146.146408
333 68.207275 141.442215 -146.146408
334 67.328323 143.363037 -146.315170
335 67.855698 142.489944 -147.496490
336 67.855698 142.140701 -146.146408
337 68.031494 143.363037 -145.977646
338 67.855698 142.140701 -146.821457
339 69.262039 141.791458 -145.808899
340 67.855698 142.839172 -146.146408
341 68.207275 142.140701 -146.821457
342 68.031494 142.315323 -145.640137
343 67.855698 142.839172 -147.496490
344 68.383072 142.664566 -147.665253
345 68.031494 143.013794 -145.640137
346 67.328323 141.966080 -145.977646
347 66.800949 142.839172 -147.158981
348 69.613617 141.791458 -146.821457
349 68.383072 142.664566 -146.990219
350 68.558868 142.140701 -147.834015
351 68.383072 141.966080 -146.990219
352 69.086243 141.966080 -146.652695
353 68.031494 140.918365 -145.977646
354 67.855698 142.489944 -147.158981
355 68.383072 142.664566 -146.990219
356 66.976730 143.013794 -145.640137
357 66.976730 141.616837 -146.990219
358 67.504120 141.442215 -146.821457
359 67.855698 141.791458 -146.483932
360 67.679901 141.966080 -147.665253
361 68.383072 143.712280 -148.002777
362 68.383072 141.616837 -146.990219
363 69.262039 141.791458 -146.483932
364 68.383072 143.013794 -146.315170
365 67.855698 143.537659 -147.158981
366 67.152527 142.140701 -147.158981
367 67.152527 141.442215 -146.821457
368 66.625153 143.712280 -145.977646
369 67.679901 141.966080 -146.652695
370 69.262039 142.839172 -146.821457
371 68.207275 142.140701 -146.146408
372 68.031494 142.664566 -144.965088
373 68.031494 142.315323 -148.002777
374 70.140991 141.966080 -146.990219
375 68.031494 141.616837 -146.990219
376 68.558868 142.839172 -147.834015
377 69.086243 141.267593 -147.327728
378 67.855698 141.442215 -147.158981
379 69.086243 142.664566 -144.965088
380 67.152527 142.839172 -146.821457
381 68.383072 140.918365 -147.665253
382 67.679901 140.569122 -145.640137
383 68.383072 142.664566 -146.652695
384 68.207275 143.188416 -147.496490
385 68.910446 143.537659 -146.821457
386 68.207275 143.188416 -146.483932
387 68.207275 143.886902 -146.821457
388 68.383072 140.918365 -147.665253
389 67.679901 141.616837 -145.640137
390 68.558868 142.140701 -147.496490
391 68.031494 141.966080 -146.315170
392 67.152527 142.839172 -147.158981
393 67.504120 141.092972 -145.808899
394 68.383072 141.966080 -148.340302
395 68.207275 142.839172 -145.471375
396 69.086243 142.315323 -146.990219
397 67.504120 141.791458 -147.158981
398 68.207275 142.140701 -145.808899
399 68.734650 141.966080 -147.665253
400 67.855698 142.489944 -146.483932
401 68.031494 141.966080 -147.327728
402 69.437820 143.013794 -145.640137
403 70.668365 141.442215 -146.146408
404 69.613617 141.442215 -146.821457
405 68.383072 141.966080 -146.652695
406 68.207275 141.791458 -146.821457
407 68.031494 141.616837 -146.652695
408 67.328323 142.664566 -146.652695
409 67.679901 142.315323 -146.315170
410 66.976730 143.013794 -148.002777
411 69.086243 141.966080 -147.327728
412 67.679901 142.315323 -145.977646
413 68.558868 142.489944 -147.496490
414 68.558868 142.839172 -147.158981
415 69.437820 141.616837 -146.990219
416 68.383072 143.013794 -145.640137
417 70.316788 141.442215 -146.483932
418 68.031494 142.664566 -145.977646
419 67.855698 142.140701 -145.808899
420 68.558868 142.140701 -146.821457
421 69.437820 141.267593 -146.652695
422 68.734650 141.966080 -147.665253
423 69.965195 142.489944 -145.471375
424 68.031494 142.664566 -147.665253
425 68.558868 142.839172 -147.834015
426 70.492569 142.315323 -146.315170
427 68.558868 142.839172 -146.146408
428 68.734650 142.315323 -146.990219
429 67.855698 141.442215 -147.496490
430 68.207275 141.791458 -147.496490
431 69.086243 142.664566 -145.640137
432 68.910446 141.442215 -144.796326
433 67.679901 141.966080 -146.990219
434 67.679901 142.664566 -146.990219
435 69.086243 142.315323 -145.640137
436 68.910446 142.489944 -147.158981
437 68.031494 141.616837 -146.652695
438 68.383072 143.013794 -145.977646
439 67.504120 142.140701 -146.483932
440 68.207275 142.140701 -146.483932
441 68.207275 142.839172 -145.808899
442 68.207275 142.140701 -145.133850
443 68.383072 142.664566 -147.327728
444 68.558868 142.489944 -147.158981
445 68.734650 142.315323 -146.652695
446 67.152527 141.791458 -145.808899
447 68.910446 141.442215 -147.158981
448 67.855698 143.188416 -146.146408
449 68.910446 142.839172 -146.146408
450 68.383072 141.267593 -146.990219
451 67.679901 142.315323 -146.990219
452 66.800949 142.489944 -145.808899
453 68.734650 141.616837 -146.990219
454 67.855698 142.140701 -147.496490
455 68.207275 142.489944 -145.808899
456 67.679901 141.966080 -146.990219
457 68.383072 143.712280 -146.652695
458 66.625153 144.061523 -146.652695
459 67.855698 142.839172 -147.158981
460 68.734650 142.315323 -146.990219
461 68.207275 142.140701 -146.483932
462 67.328323 141.966080 -146.990219
463 69.789413 141.267593 -146.990219
464 68.734650 141.267593 -145.977646
465 68.207275 142.839172 -147.158981
466 68.558868 142.140701 -147.496490
467 68.207275 142.140701 -146.821457
468 68.207275 142.839172 -145.808899
469 68.734650 140.918365 -146.315170
470 68.383072 143.013794 -147.327728
471 66.976730 141.267593 -147.665253
472 67.855698 141.442215 -146.821457
473 67.679901 140.918365 -145.977646
474 69.789413 142.664566 -145.977646
475 68.734650 141.966080 -146.652695
476 69.086243 143.013794 -146.652695
477 68.031494 143.013794 -146.315170
478 67.504120 141.092972 -146.821457
479 67.855698 143.188416 -146.483932
480 67.152527 142.839172 -146.146408
481 67.504120 142.839172 -148.171539
482 68.734650 141.616837 -147.665253
483 67.679901 142.664566 -145.977646
484 67.504120 142.489944 -147.496490
485 68.734650 142.664566 -146.652695
486 68.910446 142.839172 -146.483932
487 69.613617 142.839172 -148.171539
488 66.976730 143.013794 -147.327728
489 68.383072 143.013794 -146.652695
490 67.328323 142.315323 -146.315170
491 69.262039 141.791458 -147.834015
492 68.207275 141.791458 -146.146408
493 68.207275 141.791458 -147.496490
494 68.558868 142.489944 -146.483932
495 69.437820 142.315323 -145.977646
496 67.679901 142.664566 -146.990219
497 67.679901 141.966080 -147.665253
498 67.504120 142.489944 -147.158981
499 68.558868 143.188416 -146.146408
500 68.031494 141.966080 -146.315170
501 68.207275 142.489944 -147.158981
502 68.558868 141.092972 -146.483932
503 68.031494 141.267593 -148.340302
504 68.031494 143.363037 -145.977646
505 69.437820 142.315323 -146.652695
506 69.789413 142.664566 -146.652695
507 67.328323 142.315323 -146.315170
508 69.086243 141.267593 -147.665253
509 69.262039 143.188416 -146.483932
510 68.383072 143.013794 -148.340302
511 67.679901 143.013794 -145.640137
512 68.734650 141.966080 -145.977646
513 68.207275 142.489944 -145.471375
514 66.800949 144.236145 -146.821457
515 68.558868 142.140701 -147.496490
516 67.855698 141.791458 -147.158981
517 67.504120 141.791458 -147.158981
518 68.558868 142.140701 -147.158981
519 68.558868 141.791458 -144.458817
520 67.855698 142.140701 -147.158981
521 67.679901 143.013794 -146.990219
522 68.910446 143.188416 -146.821457
523 68.207275 141.791458 -146.821457
524 69.262039 142.489944 -147.496490
525 69.262039 142.489944 -148.171539
526 67.679901 143.712280 -146.990219
527 68.558868 142.140701 -146.821457
528 67.328323 141.966080 -145.977646
529 67.328323 142.315323 -147.327728
530 67.855698 142.839172 -146.483932
531 68.910446 142.489944 -147.496490
532 68.910446 142.489944 -146.146408
533 68.031494 141.966080 -146.990219
534 68.031494 141.966080 -147.327728
535 68.734650 143.363037 -144.965088
536 68.910446 143.537659 -146.821457
537 68.910446 142.140701 -146.821457
538 68.383072 141.616837 -144.965088
539 68.910446 143.188416 -146.821457
540 68.383072 141.966080 -146.315170
541 68.734650 142.315323 -146.990219
542 68.910446 141.791458 -147.496490
543 69.262039 141.791458 -147.158981
544 67.679901 142.664566 -146.315170
545 67.679901 144.061523 -145.302612
546 68.207275 143.188416 -147.158981
547 68.558868 142.140701 -145.808899
548 67.328323 142.315323 -147.327728
549 68.910446 141.791458 -147.496490
550 66.800949 142.839172 -147.158981
551 68.383072 143.013794 -145.640137
552 68.734650 143.712280 -145.640137
553 66.976730 142.664566 -147.327728
554 67.855698 141.442215 -147.158981
555 67.328323 141.966080 -144.965088
556 67.504120 141.442215 -146.483932
557 68.734650 141.966080 -146.315170
558 66.976730 141.966080 -146.652695
559 68.383072 142.315323 -146.315170
560 68.734650 143.363037 -145.977646
561 69.789413 141.267593 -145.640137
562 67.679901 143.363037 -146.652695
563 69.086243 142.664566 -146.315170
564 68.031494 143.363037 -147.327728
565 67.855698 141.442215 -146.483932
566 68.383072 142.664566 -145.977646
567 67.328323 143.363037 -146.652695
568 69.086243 141.616837 -146.990219
569 68.383072 141.966080 -147.327728
570 67.328323 142.315323 -146.990219
571 67.504120 142.489944 -146.146408
572 68.383072 141.267593 -147.327728
573 68.910446 141.791458 -146.821457
574 67.679901 142.315323 -146.990219
575 69.437820 142.664566 -145.640137
576 69.086243 142.315323 -147.327728
577 67.855698 142.489944 -145.808899
578 69.613617 142.839172 -147.158981
579 68.910446 141.791458 -147.834015
580 67.679901 142.664566 -146.315170
581 68.558868 140.045258 -146.146408
582 69.086243 141.966080 -147.665253
583 67.328323 140.918365 -146.990219
584 68.734650 140.918365 -146.315170
585 70.316788 142.489944 -146.146408
586 69.262039 142.140701 -146.146408
587 68.910446 141.791458 -146.821457
588 69.086243 140.918365 -147.327728
589 69.437820 141.616837 -146.652695
590 67.679901 143.363037 -147.665253
591 67.152527 142.140701 -147.834015
592 68.031494 141.267593 -146.990219
593 68.558868 143.188416 -146.146408
594 67.504120 141.791458 -146.146408
595 67.152527 141.442215 -144.458817
596 68.031494 141.616837 -148.002777
597 67.504120 142.489944 -148.171539
598 68.734650 143.712280 -147.327728
599 69.262039 142.489944 -146.146408
600 66.625153 141.267593 -147.327728
601 67.679901 141.966080 -148.340302
602 68.734650 142.664566 -148.002777
603 68.207275 141.442215 -146.821457
604 68.031494 142.315323 -146.652695
605 68.734650 142.315323 -146.652695
606 68.207275 142.839172 -146.146408
607 67.328323 143.712280 -145.302612
608 67.152527 142.140701 -146.146408
609 67.855698 142.140701 -147.158981
610 67.855698 143.537659 -147.158981
611 68.207275 143.188416 -147.496490
612 68.383072 141.966080 -146.652695
613 69.262039 142.140701 -147.158981
614 67.328323 143.712280 -148.002777
615 67.679901 140.918365 -147.327728
616 67.855698 142.839172 -146.821457
617 68.558868 141.092972 -146.821457
618 67.679901 142.315323 -146.990219
619 68.383072 143.712280 -148.002777
620 69.437820 143.013794 -147.327728
621 68.558868 142.140701 -147.496490
622 67.152527 141.442215 -146.821457
623 67.855698 142.140701 -146.483932
624 69.086243 141.267593 -147.665253
625 68.734650 142.664566 -146.315170
626 68.558868 142.140701 -146.821457
627 67.152527 142.140701 -146.146408
628 68.207275 141.791458 -145.808899
629 67.504120 142.489944 -146.146408
630 68.558868 142.489944 -147.834015
631 68.207275 143.188416 -146.821457
632 68.383072 143.363037 -146.652695
633 68.734650 142.664566 -146.315170
634 69.437820 143.013794 -147.665253
635 68.207275 141.092972 -145.471375
636 68.734650 141.966080 -145.302612
637 68.031494 143.363037 -146.652695
638 67.328323 143.013794 -146.652695
639 67.328323 142.315323 -146.315170
640 69.437820 142.315323 -146.652695
641 68.207275 141.442215 -146.821457
642 67.328323 141.267593 -146.990219
643 68.207275 141.092972 -147.158981
644 69.086243 142.664566 -146.315170
645 68.734650 143.712280 -147.327728
646 68.383072 142.315323 -145.977646
647 68.031494 141.267593 -146.652695
648 68.207275 144.236145 -145.808899
649 68.910446 142.839172 -146.821457
650 68.207275 142.489944 -146.821457
651 69.437820 142.664566 -145.640137
652 69.086243 141.966080 -147.665253
653 67.328323 141.616837 -146.652695
654 68.207275 141.442215 -146.821457
655 67.855698 141.442215 -146.483932
656 68.383072 143.013794 -146.652695
657 68.734650 142.315323 -147.327728
658 66.625153 142.664566 -146.990219
659 68.734650 141.616837 -146.652695
660 67.679901 143.712280 -145.977646
661 67.328323 141.966080 -146.652695
662 67.328323 141.966080 -146.990219
663 69.262039 141.791458 -146.821457
664 68.734650 141.616837 -146.652695
665 68.207275 141.442215 -145.133850
666 67.504120 142.489944 -146.821457
667 68.558868 142.140701 -147.834015
668 67.679901 142.315323 -146.652695
669 67.679901 142.664566 -146.315170
670 69.086243 141.616837 -146.315170
671 68.031494 142.664566 -144.965088
672 67.855698 142.839172 -145.471375
673 68.558868 142.489944 -147.834015
674 67.679901 141.267593 -146.990219
675 68.031494 141.966080 -147.665253
676 68.910446 142.489944 -148.171539
677 68.383072 141.616837 -147.327728
678 67.679901 141.966080 -147.665253
679 68.734650 143.712280 -148.002777
680 67.679901 141.966080 -145.977646
681 67.504120 143.188416 -145.808899
682 69.086243 142.315323 -145.977646
683 68.031494 141.616837 -147.665253
684 68.734650 141.966080 -147.327728
685 68.031494 142.664566 -146.315170
686 67.328323 141.267593 -147.327728
687 67.855698 143.537659 -146.821457
688 68.910446 144.236145 -147.834015
689 67.152527 142.489944 -146.821457
690 68.383072 143.712280 -146.315170
691 68.734650 141.267593 -146.315170
692 68.734650 140.918365 -146.990219
693 69.086243 142.315323 -146.652695
694 69.437820 142.664566 -146.990219
695 69.262039 141.442215 -147.158981
696 66.976730 143.363037 -146.990219
697 67.504120 143.886902 -147.834015
698 67.328323 143.013794 -147.327728
699 68.734650 144.061523 -145.977646
700 67.328323 143.712280 -145.977646
701 68.910446 141.791458 -147.496490
702 69.086243 142.315323 -146.990219
703 69.613617 141.791458 -146.146408
704 68.383072 142.664566 -148.002777
705 68.031494 143.712280 -146.652695
706 68.383072 142.664566 -146.315170
707 68.031494 143.013794 -148.340302
708 68.207275 143.188416 -147.496490
709 69.965195 142.489944 -147.496490
710 67.504120 142.489944 -146.821457
711 68.734650 142.664566 -145.977646
712 69.086243 142.315323 -148.002777
713 69.262039 141.791458 -146.483932
714 68.207275 141.791458 -147.158981
715 68.383072 143.712280 -146.315170
716 68.734650 142.315323 -146.652695
717 68.031494 141.966080 -145.977646
718 69.613617 141.791458 -146.483932
719 68.558868 142.489944 -146.146408
720 68.383072 141.966080 -146.990219
721 68.383072 142.315323 -146.652695
722 68.910446 141.442215 -148.171539
723 69.086243 142.664566 -146.990219
724 69.789413 141.966080 -147.327728
725 68.031494 141.616837 -147.327728
726 67.679901 142.664566 -146.990219
727 68.031494 143.013794 -147.327728
728 68.031494 142.664566 -148.002777
729 67.504120 142.140701 -146.483932
730 68.031494 142.315323 -146.990219
731 69.437820 142.315323 -145.640137
732 69.262039 143.188416 -147.496490
733 67.855698 142.839172 -146.483932
734 67.152527 142.140701 -146.821457
735 68.910446 141.092972 -147.158981
736 66.800949 142.140701 -147.158981
737 67.152527 141.791458 -146.483932
738 68.734650 141.966080 -147.327728
739 67.328323 141.966080 -146.990219
740 67.504120 142.140701 -146.483932
741 67.679901 141.966080 -146.652695
742 67.504120 142.839172 -146.483932
743 68.031494 142.664566 -146.652695
744 69.613617 143.188416 -146.146408
745 68.207275 141.092972 -146.483932
746 68.558868 142.140701 -147.496490
747 68.558868 141.791458 -146.821457
748 68.734650 141.616837 -146.990219
749 67.855698 142.489944 -147.158981
750 68.207275 142.489944 -147.834015
751 69.437820 141.616837 -146.652695
752 69.086243 142.664566 -146.315170
753 69.086243 142.664566 -147.665253
754 68.207275 143.188416 -146.483932
755 68.558868 141.092972 -146.821457
756 68.734650 141.966080 -147.327728
757 67.679901 141.267593 -146.652695
758 68.383072 143.363037 -147.665253
759 69.613617 143.537659 -146.483932
760 68.207275 142.839172 -147.158981
761 69.262039 142.140701 -146.821457
762 69.613617 141.791458 -148.171539
763 69.262039 144.236145 -147.496490
764 67.855698 142.839172 -146.146408
765 67.679901 141.616837 -145.640137
766 67.504120 142.140701 -148.171539
767 68.383072 143.712280 -148.002777
768 67.504120 144.236145 -146.483932
769 67.855698 143.537659 -147.496490
770 69.437820 141.616837 -147.327728
771 68.031494 142.664566 -146.990219
772 67.504120 141.791458 -146.821457
773 68.207275 142.140701 -146.821457
774 68.383072 141.616837 -146.652695
775 69.789413 143.013794 -146.990219
776 67.328323 141.616837 -146.652695
777 68.031494 142.664566 -146.652695
778 68.910446 142.140701 -146.821457
779 68.383072 141.966080 -145.640137
780 68.558868 142.489944 -146.821457
781 68.558868 142.140701 -146.821457
782 67.679901 143.363037 -146.652695
783 69.086243 142.664566 -146.990219
784 68.558868 142.839172 -146.483932
785 67.504120 142.140701 -147.158981
786 67.679901 143.363037 -145.302612
787 67.504120 143.537659 -147.834015
788 68.734650 142.315323 -146.652695
789 68.207275 141.442215 -147.496490
790 68.910446 140.743744 -146.483932
791 68.910446 142.839172 -145.808899
792 68.031494 140.918365 -148.002777
793 68.910446 141.092972 -146.146408
794 68.383072 142.664566 -147.327728
795 67.504120 141.791458 -147.834015
796 68.031494 140.569122 -146.652695
797 68.207275 142.839172 -147.496490
798 66.976730 141.966080 -148.340302
799 68.031494 141.966080 -146.652695
800 68.207275 141.442215 -146.146408
801 68.734650 143.013794 -146.652695
802 68.383072 140.918365 -146.652695
803 68.734650 142.664566 -146.315170
804 68.207275 142.839172 -146.483932
805 68.207275 142.489944 -147.158981
806 69.086243 142.315323 -146.990219
807 68.558868 142.839172 -146.146408
808 68.383072 142.315323 -147.665253
809 68.910446 142.839172 -145.808899
810 67.504120 142.839172 -147.834015
811 68.207275 143.188416 -147.834015
812 68.558868 143.537659 -146.483932
813 67.855698 141.442215 -145.808899
814 68.383072 143.363037 -145.640137
815 68.558868 142.489944 -146.821457
816 68.734650 143.013794 -146.990219
817 68.031494 140.918365 -146.990219
818 67.855698 142.140701 -147.834015
819 67.504120 142.839172 -145.808899
820 69.086243 141.616837 -145.640137
821 69.262039 141.442215 -146.483932
822 69.262039 141.791458 -146.483932
823 67.679901 143.363037 -146.652695
824 68.558868 143.188416 -146.146408
825 68.207275 142.489944 -146.483932
826 69.789413 142.315323 -147.327728
827 68.558868 142.489944 -147.158981
828 68.207275 141.442215 -147.834015
829 68.031494 141.966080 -146.990219
830 68.734650 140.918365 -147.665253
831 67.855698 143.537659 -147.496490
832 68.910446 141.442215 -145.808899
833 67.679901 143.013794 -146.652695
834 69.789413 141.966080 -146.990219
835 69.789413 142.664566 -145.977646
836 68.558868 141.092972 -146.821457
837 68.734650 141.966080 -145.640137
838 68.910446 142.489944 -146.821457
839 68.734650 143.013794 -146.315170
840 68.383072 141.616837 -146.652695
841 68.558868 142.489944 -146.821457
842 68.558868 142.140701 -147.158981
843 68.031494 142.664566 -147.665253
844 68.734650 142.315323 -147.327728
845 69.086243 142.664566 -146.652695
846 68.383072 142.664566 -146.315170
847 68.383072 143.013794 -147.327728
848 68.558868 142.140701 -146.821457
849 68.558868 141.791458 -147.158981
850 68.558868 141.442215 -146.483932
851 68.558868 142.140701 -147.496490
852 68.734650 143.363037 -146.315170
853 68.383072 141.966080 -146.990219
854 68.383072 141.966080 -146.652695
855 68.031494 140.918365 -146.315170
856 68.734650 142.315323 -145.977646
857 68.910446 142.140701 -146.146408
858 67.855698 143.537659 -147.834015
859 68.207275 142.489944 -146.146408
860 66.800949 143.188416 -146.146408
861 68.910446 143.188416 -146.146408
862 67.328323 142.664566 -147.327728
863 69.437820 141.966080 -147.665253
864 67.152527 141.791458 -146.821457
865 68.558868 142.140701 -146.483932
866 69.965195 142.489944 -146.483932
867 67.504120 143.537659 -146.821457
868 67.504120 141.791458 -146.483932
869 68.734650 142.664566 -147.327728
870 67.328323 142.664566 -145.977646
871 68.207275 143.188416 -146.821457
872 68.734650 143.363037 -146.990219
873 68.031494 141.966080 -147.665253
874 69.086243 142.315323 -145.302612
875 69.086243 142.664566 -147.665253
876 68.031494 141.966080 -146.315170
877 68.734650 141.966080 -146.652695
878 68.558868 143.537659 -146.821457
879 68.383072 142.315323 -146.990219
880 67.504120 141.442215 -145.808899
881 68.207275 143.188416 -146.146408
882 68.734650 142.315323 -145.977646
883 68.031494 141.616837 -149.015335
884 68.734650 142.664566 -146.315170
885 67.152527 142.489944 -146.821457
886 68.734650 141.616837 -146.990219
887 67.855698 141.442215 -146.483932
888 66.976730 142.664566 -147.665253
889 68.031494 141.267593 -144.965088
890 68.383072 141.966080 -145.640137
891 69.086243 142.315323 -145.640137
892 68.383072 141.966080 -147.327728
893 68.910446 141.791458 -146.146408
894 69.437820 142.664566 -146.990219
895 69.965195 141.791458 -148.509064
896 68.207275 142.140701 -145.808899
897 68.910446 142.140701 -146.146408
898 67.679901 143.013794 -145.977646
899 67.328323 142.664566 -146.652695
900 68.734650 141.966080 -148.002777
901 68.558868 141.791458 -147.834015
902 66.976730 141.616837 -146.652695
903 68.734650 143.013794 -147.665253
904 66.625153 141.966080 -147.327728
905 68.031494 141.267593 -147.327728
906 69.789413 142.664566 -146.990219
907 67.504120 141.791458 -146.483932
908 68.207275 142.839172 -147.496490
909 68.383072 141.966080 -147.327728
910 68.031494 142.664566 -147.327728
911 67.855698 143.188416 -146.483932
912 68.031494 141.616837 -146.990219
913 67.679901 142.664566 -145.640137
914 68.910446 142.839172 -146.146408
915 69.437820 143.013794 -146.652695
916 68.383072 142.664566 -147.665253
917 68.734650 141.616837 -146.990219
918 68.558868 142.489944 -145.471375
919 69.262039 142.839172 -145.808899
920 68.383072 142.664566 -146.315170
921 68.207275 142.839172 -146.821457
922 68.207275 143.537659 -146.821457
923 67.855698 141.791458 -146.146408
924 69.086243 142.664566 -146.315170
925 69.086243 140.918365 -146.652695
926 67.152527 143.188416 -146.821457
927 68.383072 141.616837 -145.977646
928 68.383072 142.315323 -145.640137
929 68.558868 141.442215 -146.483932
930 68.207275 141.791458 -148.509064
931 68.383072 141.966080 -145.977646
932 69.086243 141.267593 -146.652695
933 68.207275 141.791458 -146.821457
934 67.679901 142.315323 -146.990219
935 68.207275 142.140701 -147.158981
936 69.437820 142.315323 -147.327728
937 67.679901 141.966080 -146.652695
938 68.207275 142.839172 -146.146408
939 68.383072 141.267593 -146.652695
940 68.031494 141.616837 -146.652695
941 68.558868 141.791458 -147.158981
942 68.031494 141.966080 -147.327728
943 68.558868 141.442215 -145.808899
944 68.910446 141.791458 -146.483932
945 67.855698 142.140701 -147.496490
946 68.910446 141.791458 -148.509064
947 69.613617 141.791458 -147.496490
948 69.262039 143.537659 -147.158981
949 67.504120 142.839172 -146.483932
950 67.679901 142.664566 -146.315170
951 66.976730 143.363037 -147.327728
952 68.383072 143.712280 -146.652695
953 69.965195 141.092972 -146.483932
954 68.207275 141.791458 -145.471375
955 68.910446 142.140701 -145.471375
956 68.558868 143.188416 -147.496490
957 68.734650 142.315323 -147.327728
958 68.031494 142.664566 -148.002777
959 68.207275 142.839172 -146.146408
960 68.207275 142.489944 -147.158981
961 68.383072 141.966080 -146.652695
962 68.734650 140.918365 -146.652695
963 69.262039 142.489944 -146.146408
964 68.031494 143.363037 -146.652695
965 68.031494 142.664566 -146.652695
966 67.504120 141.791458 -146.821457
967 69.789413 140.569122 -146.652695
968 68.031494 141.267593 -145.302612
969 66.976730 141.966080 -147.327728
970 68.207275 143.188416 -146.146408
971 68.734650 142.315323 -146.990219
972 67.855698 142.489944 -148.509064
973 68.558868 141.092972 -145.471375
974 69.086243 143.363037 -147.327728
975 68.031494 142.315323 -146.652695
976 67.855698 142.140701 -146.146408
977 68.031494 143.363037 -145.640137
978 67.855698 141.791458 -146.483932
979 67.679901 143.013794 -147.665253
980 68.383072 142.664566 -145.977646
981 68.031494 143.013794 -146.315170
982 67.679901 142.664566 -145.640137
983 68.910446 141.442215 -146.821457
984 68.910446 143.537659 -148.171539
985 67.855698 143.188416 -146.483932
986 69.965195 143.188416 -147.496490
987 68.558868 141.791458 -145.471375
988 69.789413 142.315323 -146.315170
989 69.262039 143.188416 -148.171539
990 68.207275 142.839172 -146.821457
991 68.910446 141.791458 -146.483932
992 69.086243 141.267593 -146.990219
993 68.558868 142.839172 -147.496490
994 68.207275 143.886902 -146.483932
995 69.262039 142.140701 -147.834015
996 67.679901 142.315323 -145.977646
997 68.558868 143.537659 -147.496490
998 68.207275 142.140701 -145.471375
999 69.789413 141.966080 -147.327728
1000 68.558868 142.140701 -146.483932
1001 68.734650 141.616837 -146.990219
1002 68.558868 143.188416 -147.496490
1003 68.207275 142.140701 -145.808899
1004 67.328323 142.664566 -146.315170
1005 68.383072 142.315323 -146.990219
1006 66.800949 143.537659 -146.483932
1007 68.031494 143.712280 -145.977646
1008 67.504120 142.489944 -146.821457
1009 67.504120 140.743744 -146.483932
1010 67.855698 141.791458 -146.821457
1011 68.383072 140.918365 -147.327728
1012 68.734650 142.664566 -145.977646
1013 69.086243 140.918365 -145.640137
1014 68.734650 143.363037 -145.977646
1015 68.910446 143.537659 -146.821457
1016 67.679901 142.315323 -145.302612
1017 67.855698 141.791458 -148.171539
1018 68.383072 142.315323 -146.652695
1019 67.679901 143.363037 -146.652695
1020 67.679901 140.918365 -146.990219
1021 68.207275 143.537659 -146.821457
1022 68.910446 140.743744 -145.471375
1023 68.207275 141.791458 -146.146408
1024 68.207275 142.140701 -147.496490
1025 67.679901 141.966080 -146.315170
1026 69.437820 143.013794 -146.990219
1027 68.910446 142.140701 -145.808899
1028 68.558868 142.839172 -145.471375
1029 69.437820 142.315323 -145.977646
1030 69.437820 142.664566 -145.302612
1031 67.679901 141.267593 -145.977646
1032 68.383072 140.569122 -146.990219
1033 67.679901 140.918365 -145.977646
1034 68.734650 141.966080 -146.990219
