1 68.383072 141.616837 -146.652695
2 69.086243 143.363037 -149.015335
3 67.152527 142.140701 -148.509064
4 68.558868 142.140701 -148.171539
5 68.383072 141.966080 -146.652695
6 68.558868 142.140701 -147.496490
7 68.383072 141.616837 -146.990219
8 67.328323 142.315323 -146.990219
9 68.910446 142.839172 -147.158981
10 68.207275 142.839172 -147.158981
11 67.679901 142.664566 -146.990219
12 69.437820 143.013794 -147.327728
13 67.328323 142.664566 -145.640137
14 69.262039 141.442215 -146.821457
15 68.383072 141.966080 -148.002777
16 68.031494 142.664566 -146.315170
17 68.207275 141.092972 -146.821457
18 68.031494 142.664566 -148.002777
19 68.031494 141.966080 -148.002777
20 67.152527 142.140701 -146.483932
21 68.734650 142.315323 -146.315170
22 68.734650 141.966080 -147.327728
23 69.437820 142.664566 -147.665253
24 68.383072 142.664566 -145.977646
25 69.086243 141.616837 -146.652695
26 68.031494 142.664566 -146.990219
27 66.976730 142.664566 -147.327728
28 67.679901 141.966080 -146.652695
29 68.734650 143.013794 -146.652695
30 68.558868 144.585373 -147.496490
31 67.855698 142.489944 -147.158981
32 68.207275 142.489944 -147.158981
33 68.734650 143.013794 -148.340302
34 69.965195 142.140701 -147.496490
35 68.383072 141.616837 -147.665253
36 67.679901 142.315323 -147.665253
37 68.031494 143.013794 -148.340302
38 68.910446 142.489944 -146.821457
39 68.734650 140.569122 -146.990219
40 67.504120 143.188416 -146.821457
41 69.086243 141.966080 -147.665253
42 68.558868 143.188416 -147.158981
43 68.558868 143.188416 -146.146408
44 69.613617 140.394501 -146.821457
45 67.152527 143.188416 -146.146408
46 68.910446 141.092972 -146.821457
47 69.086243 143.363037 -146.652695
48 69.789413 141.966080 -146.990219
49 68.383072 142.315323 -146.315170
50 68.031494 143.013794 -146.652695
51 68.558868 142.140701 -147.834015
52 68.031494 142.315323 -147.327728
53 68.734650 141.616837 -145.302612
54 68.910446 142.140701 -148.171539
55 67.504120 143.537659 -146.146408
56 67.328323 143.363037 -146.652695
57 67.679901 144.410767 -145.640137
58 69.262039 142.839172 -147.158981
59 66.976730 143.712280 -147.665253
60 67.328323 143.712280 -146.315170
61 69.789413 141.966080 -147.665253
62 68.031494 142.315323 -147.327728
63 68.031494 142.664566 -146.652695
64 67.328323 141.966080 -146.652695
65 68.558868 142.489944 -147.158981
66 68.910446 143.886902 -147.158981
67 67.855698 142.839172 -147.834015
68 68.558868 141.442215 -147.158981
69 67.504120 142.140701 -148.171539
70 69.437820 145.807724 -147.665253
71 68.558868 140.743744 -147.158981
72 67.328323 143.363037 -147.327728
73 69.437820 143.712280 -146.652695
74 68.031494 142.315323 -146.990219
75 68.734650 142.315323 -146.990219
76 67.152527 143.188416 -147.496490
77 69.437820 143.363037 -146.990219
78 67.328323 143.712280 -146.990219
79 69.437820 144.061523 -146.990219
80 68.383072 142.664566 -147.327728
81 66.976730 144.061523 -147.665253
82 68.383072 141.966080 -147.327728
83 68.031494 141.966080 -146.990219
84 68.031494 143.712280 -147.327728
85 69.613617 142.140701 -147.496490
86 68.031494 143.013794 -148.002777
87 68.031494 141.267593 -147.327728
88 67.152527 142.489944 -146.146408
89 67.855698 142.140701 -147.158981
90 67.679901 143.363037 -148.002777
91 68.383072 143.013794 -146.315170
92 68.031494 142.315323 -146.652695
93 69.437820 141.966080 -147.327728
94 66.976730 141.267593 -147.327728
95 68.031494 143.013794 -146.652695
96 68.383072 143.013794 -146.990219
97 69.437820 143.013794 -146.652695
98 68.031494 143.363037 -146.652695
99 68.558868 141.791458 -147.496490
100 68.734650 143.013794 -147.327728
101 68.558868 141.791458 -146.821457
102 68.910446 143.537659 -148.171539
103 67.504120 142.489944 -147.158981
104 68.031494 141.267593 -148.002777
105 68.207275 143.188416 -146.821457
106 67.328323 140.569122 -146.652695
107 68.383072 142.664566 -146.652695
108 68.910446 142.489944 -147.496490
109 68.734650 143.013794 -147.327728
110 69.789413 141.267593 -147.665253
111 67.328323 141.267593 -146.990219
112 69.086243 143.013794 -147.665253
113 68.207275 143.537659 -146.483932
114 68.031494 142.315323 -147.665253
115 68.031494 143.363037 -145.977646
116 68.207275 143.188416 -147.496490
117 67.855698 141.791458 -147.496490
118 68.031494 142.664566 -148.340302
119 69.437820 141.616837 -146.652695
120 69.437820 142.315323 -148.002777
121 69.789413 142.315323 -146.990219
122 68.031494 145.458481 -144.965088
123 68.558868 142.140701 -147.496490
124 67.152527 142.489944 -148.509064
125 67.679901 141.267593 -146.652695
126 69.789413 141.966080 -146.652695
127 68.558868 143.886902 -146.483932
128 69.437820 142.664566 -148.002777
129 68.207275 142.839172 -146.146408
130 68.734650 142.315323 -146.315170
131 68.031494 141.966080 -145.977646
132 69.437820 142.664566 -146.652695
133 68.207275 141.791458 -146.483932
134 68.383072 141.966080 -146.652695
135 69.262039 143.188416 -147.496490
136 67.679901 141.267593 -144.965088
137 68.910446 142.489944 -147.158981
138 67.328323 142.664566 -146.990219
139 69.262039 143.188416 -146.821457
140 67.855698 142.489944 -148.171539
141 68.383072 143.363037 -147.327728
142 68.734650 140.918365 -147.327728
143 68.031494 143.013794 -147.327728
144 67.679901 143.013794 -146.652695
145 69.262039 141.791458 -148.171539
146 68.031494 141.966080 -147.327728
147 68.207275 143.188416 -145.808899
148 68.734650 142.664566 -147.665253
149 67.328323 142.664566 -147.327728
150 68.207275 142.140701 -145.133850
151 68.031494 142.664566 -148.002777
152 68.031494 142.315323 -145.640137
153 68.910446 143.537659 -146.146408
154 69.086243 142.664566 -146.652695
155 70.140991 144.061523 -146.990219
156 68.734650 142.315323 -146.315170
157 68.910446 141.791458 -147.496490
158 69.437820 142.664566 -147.665253
159 67.855698 142.140701 -148.509064
160 68.558868 142.839172 -147.158981
161 69.437820 142.664566 -146.652695
162 67.679901 143.013794 -146.990219
163 68.558868 143.537659 -146.821457
164 68.734650 142.664566 -147.665253
165 68.734650 141.267593 -147.665253
166 68.910446 142.839172 -147.834015
167 67.855698 142.140701 -148.509064
168 69.086243 141.267593 -146.315170
169 69.086243 141.267593 -145.977646
170 70.140991 141.267593 -147.665253
171 68.910446 142.839172 -147.496490
172 68.558868 142.140701 -147.496490
173 69.086243 142.315323 -146.990219
174 68.383072 141.616837 -146.315170
175 69.613617 142.839172 -147.496490
176 68.910446 142.489944 -147.158981
177 69.262039 142.839172 -147.496490
178 68.558868 141.092972 -147.496490
179 67.504120 142.140701 -147.158981
180 67.679901 143.013794 -146.652695
181 69.613617 141.791458 -146.146408
182 67.504120 143.537659 -146.483932
183 70.140991 142.664566 -147.665253
184 67.679901 141.267593 -148.002777
185 68.383072 143.363037 -146.652695
186 69.086243 143.363037 -147.327728
187 67.504120 142.839172 -147.496490
188 68.031494 142.664566 -148.002777
189 67.855698 143.537659 -146.146408
190 67.679901 141.267593 -147.665253
191 68.383072 142.315323 -147.327728
192 68.910446 143.537659 -147.834015
193 69.086243 142.315323 -147.665253
194 69.965195 142.140701 -146.483932
195 68.207275 142.140701 -146.821457
196 69.613617 142.140701 -147.158981
197 68.207275 142.489944 -146.821457
198 68.734650 142.315323 -146.990219
199 68.207275 142.839172 -147.158981
200 68.031494 142.664566 -146.315170
201 67.504120 142.140701 -147.158981
202 68.734650 141.966080 -147.327728
203 67.152527 142.839172 -146.146408
204 67.855698 142.839172 -147.158981
205 68.031494 143.013794 -146.315170
206 67.504120 143.537659 -146.146408
207 68.031494 141.267593 -146.990219
208 68.734650 143.712280 -146.315170
209 68.734650 141.966080 -145.977646
210 67.855698 141.092972 -146.821457
211 69.437820 143.712280 -147.327728
212 68.207275 141.442215 -146.483932
213 68.910446 143.188416 -146.146408
214 67.504120 142.140701 -146.483932
215 68.031494 143.013794 -146.315170
216 68.558868 142.140701 -147.158981
217 67.328323 142.664566 -147.665253
218 68.734650 142.664566 -146.990219
219 68.558868 143.188416 -146.821457
220 67.504120 143.886902 -146.821457
221 69.262039 141.442215 -147.834015
222 68.031494 142.315323 -147.327728
223 68.910446 142.140701 -146.146408
224 68.383072 141.966080 -147.665253
225 68.734650 145.458481 -146.652695
226 67.328323 141.616837 -145.640137
227 69.086243 140.918365 -146.652695
228 68.207275 142.839172 -147.158981
229 67.679901 141.966080 -146.990219
230 68.910446 143.188416 -147.834015
231 67.504120 142.140701 -146.821457
232 68.383072 143.712280 -147.327728
233 68.207275 142.489944 -146.821457
234 67.679901 140.918365 -148.002777
235 68.031494 142.664566 -147.327728
236 69.262039 141.791458 -148.509064
237 68.558868 142.839172 -147.834015
238 67.679901 143.013794 -146.652695
239 68.734650 141.966080 -146.315170
240 68.383072 142.664566 -146.652695
241 70.140991 142.664566 -148.002777
242 68.031494 142.664566 -146.990219
243 68.031494 142.664566 -146.990219
244 68.734650 141.616837 -148.002777
245 69.262039 142.489944 -146.146408
246 67.504120 141.442215 -146.483932
247 68.383072 140.569122 -147.327728
248 69.086243 141.966080 -147.665253
249 69.086243 142.315323 -145.977646
250 70.316788 143.188416 -147.496490
251 68.383072 141.966080 -146.652695
252 67.504120 142.839172 -146.483932
253 67.679901 141.616837 -147.665253
254 66.800949 143.188416 -146.146408
255 69.086243 142.315323 -146.652695
256 68.734650 142.664566 -147.327728
257 68.910446 142.489944 -146.146408
258 68.031494 142.664566 -147.665253
259 66.800949 143.188416 -147.158981
260 67.855698 141.791458 -147.834015
261 67.504120 142.140701 -147.158981
262 69.965195 142.489944 -148.171539
263 67.855698 142.839172 -147.158981
264 67.504120 142.839172 -146.821457
265 68.207275 143.188416 -148.171539
266 67.152527 143.188416 -147.496490
267 68.734650 142.315323 -146.315170
268 68.558868 142.489944 -147.834015
269 68.558868 142.839172 -145.808899
270 68.383072 142.315323 -147.665253
271 67.328323 143.363037 -146.315170
272 66.800949 141.092972 -148.509064
273 68.031494 143.712280 -145.977646
274 68.383072 141.966080 -145.977646
275 67.328323 142.664566 -147.665253
276 68.383072 141.267593 -146.315170
277 68.031494 143.013794 -146.990219
278 67.504120 141.791458 -146.483932
279 67.504120 142.489944 -147.834015
280 68.207275 143.188416 -147.496490
281 68.558868 143.188416 -147.834015
282 67.855698 143.537659 -147.158981
283 68.383072 142.315323 -146.652695
284 69.437820 144.410767 -148.677811
285 68.383072 141.616837 -145.640137
286 67.504120 143.537659 -147.158981
287 69.262039 143.188416 -147.834015
288 68.910446 142.140701 -146.483932
289 68.031494 143.013794 -147.665253
290 66.976730 141.966080 -148.002777
291 68.031494 141.966080 -147.327728
292 68.558868 142.839172 -147.834015
293 69.086243 142.315323 -146.990219
294 68.383072 143.013794 -149.015335
295 68.383072 141.966080 -146.315170
296 68.734650 143.013794 -146.990219
297 68.910446 143.537659 -147.158981
298 68.207275 142.839172 -147.496490
299 67.679901 143.712280 -146.652695
300 67.504120 142.839172 -147.158981
301 68.734650 142.315323 -148.002777
302 69.086243 143.363037 -147.665253
303 69.789413 143.013794 -146.315170
304 67.855698 141.791458 -145.808899
305 67.679901 142.315323 -146.652695
306 68.031494 142.315323 -146.652695
307 67.855698 142.839172 -147.496490
308 68.734650 140.569122 -147.327728
309 68.207275 142.140701 -147.834015
310 68.031494 142.664566 -145.977646
311 68.558868 143.886902 -146.146408
312 68.910446 141.092972 -147.834015
313 68.383072 141.616837 -145.977646
314 68.734650 141.616837 -146.990219
315 69.086243 141.267593 -147.665253
316 66.449356 142.489944 -145.808899
317 68.383072 142.664566 -147.327728
318 67.152527 142.839172 -147.158981
319 67.855698 142.140701 -146.821457
320 68.207275 142.489944 -147.496490
321 67.855698 142.140701 -145.808899
322 68.734650 142.315323 -146.990219
323 69.262039 142.839172 -147.158981
324 68.383072 142.664566 -146.990219
325 68.207275 142.839172 -146.483932
326 69.613617 142.839172 -146.146408
327 68.558868 141.442215 -146.483932
328 69.086243 143.013794 -145.977646
329 68.031494 143.013794 -147.327728
330 68.734650 142.315323 -146.315170
331 68.031494 142.664566 -147.327728
332 67.152527 142.140701 -146.483932
333 68.383072 142.664566 -146.652695
334 69.086243 141.616837 -145.977646
335 67.152527 142.489944 -146.821457
336 69.437820 144.061523 -146.315170
337 68.031494 141.966080 -148.002777
338 69.965195 141.791458 -146.821457
339 68.910446 142.839172 -147.496490
340 68.207275 143.188416 -148.509064
341 68.031494 142.315323 -145.640137
342 68.031494 142.315323 -145.977646
343 68.558868 143.188416 -146.821457
344 68.383072 144.410767 -146.315170
345 67.328323 140.569122 -145.640137
346 69.086243 142.315323 -146.990219
347 69.613617 142.140701 -146.821457
348 67.679901 140.219879 -146.990219
349 67.855698 143.188416 -148.171539
350 67.679901 141.966080 -147.327728
351 69.613617 141.791458 -146.821457
352 69.965195 142.489944 -145.808899
353 67.328323 143.712280 -148.002777
354 68.558868 142.140701 -147.496490
355 67.855698 143.537659 -146.483932
356 67.152527 142.140701 -146.483932
357 68.734650 141.616837 -147.327728
358 67.855698 141.791458 -146.821457
359 68.383072 141.616837 -146.990219
360 68.734650 142.664566 -146.652695
361 68.207275 140.743744 -147.158981
362 67.328323 142.664566 -147.327728
363 68.558868 141.092972 -147.496490
364 68.383072 141.966080 -146.652695
365 68.207275 142.839172 -147.158981
366 68.910446 143.886902 -146.821457
367 68.207275 143.188416 -147.158981
368 69.086243 141.616837 -146.315170
369 68.734650 142.315323 -148.002777
370 69.262039 142.839172 -146.483932
371 69.613617 142.489944 -146.483932
372 69.262039 141.791458 -147.496490
373 68.910446 140.743744 -146.146408
374 69.086243 143.013794 -146.990219
375 67.152527 141.791458 -146.146408
376 68.207275 143.188416 -146.821457
377 68.207275 141.791458 -145.808899
378 67.679901 141.616837 -146.990219
379 68.207275 142.489944 -145.471375
380 67.679901 142.664566 -145.977646
381 69.789413 143.013794 -145.977646
382 68.558868 142.140701 -147.158981
383 68.031494 142.664566 -146.315170
384 68.558868 142.839172 -148.171539
385 68.383072 142.315323 -146.315170
386 67.679901 142.315323 -146.315170
387 69.086243 140.918365 -146.315170
388 69.086243 143.013794 -146.990219
389 69.965195 141.791458 -146.821457
390 68.910446 142.839172 -146.821457
391 68.734650 143.712280 -146.990219
392 69.086243 141.616837 -147.327728
393 69.613617 142.489944 -146.821457
394 68.207275 142.140701 -146.483932
395 69.086243 140.569122 -146.315170
396 68.383072 143.013794 -146.990219
397 68.734650 142.664566 -146.652695
398 69.789413 143.712280 -147.327728
399 69.437820 142.315323 -146.990219
400 68.031494 141.966080 -145.640137
401 68.383072 143.013794 -145.977646
402 68.734650 141.966080 -146.315170
403 68.734650 141.616837 -147.665253
404 67.679901 142.315323 -145.977646
405 69.613617 142.140701 -145.808899
406 69.965195 142.140701 -147.496490
407 68.207275 140.743744 -146.483932
408 68.207275 142.489944 -146.821457
409 67.855698 142.140701 -146.483932
410 68.910446 143.886902 -147.158981
411 68.383072 142.664566 -146.990219
412 68.031494 141.966080 -146.315170
413 67.328323 143.013794 -145.302612
414 67.328323 142.664566 -146.990219
415 66.800949 141.442215 -146.483932
416 69.437820 142.664566 -146.315170
417 67.679901 141.966080 -148.340302
418 68.558868 141.791458 -147.834015
419 68.207275 142.839172 -147.834015
420 67.328323 143.013794 -146.990219
421 68.558868 142.489944 -146.821457
422 68.031494 142.315323 -146.652695
423 68.383072 141.616837 -146.652695
424 69.437820 142.664566 -146.652695
425 69.437820 143.712280 -146.652695
426 67.855698 143.188416 -147.158981
427 68.910446 141.442215 -147.158981
428 69.437820 142.315323 -147.327728
429 66.449356 143.537659 -146.146408
430 69.965195 142.489944 -147.834015
431 68.383072 143.363037 -146.990219
432 68.734650 144.410767 -148.002777
433 68.383072 143.013794 -148.677811
434 68.031494 141.616837 -146.990219
435 67.679901 142.664566 -149.015335
436 69.613617 142.489944 -148.846573
437 69.086243 143.013794 -146.990219
438 68.910446 141.791458 -146.146408
439 67.152527 142.140701 -147.834015
440 68.734650 142.315323 -148.002777
441 68.031494 141.616837 -146.652695
442 67.328323 143.363037 -145.977646
443 68.734650 143.712280 -148.002777
444 69.437820 141.267593 -145.302612
445 69.789413 141.267593 -146.990219
446 66.976730 143.712280 -145.640137
447 68.383072 141.966080 -148.340302
448 68.734650 144.061523 -147.327728
449 68.031494 143.013794 -147.665253
450 69.262039 142.839172 -147.834015
451 67.855698 142.839172 -146.821457
452 68.734650 142.664566 -146.990219
453 68.910446 141.791458 -148.171539
454 68.558868 142.140701 -148.171539
455 67.679901 143.712280 -145.977646
456 67.679901 142.664566 -146.315170
457 67.679901 143.013794 -147.327728
458 68.207275 141.092972 -146.483932
459 69.262039 142.140701 -147.496490
460 68.207275 142.140701 -147.158981
461 68.910446 141.791458 -147.158981
462 67.152527 143.188416 -147.834015
463 68.383072 142.664566 -146.315170
464 68.031494 141.966080 -145.640137
465 67.855698 142.489944 -146.821457
466 68.207275 143.188416 -146.821457
467 67.855698 142.140701 -146.483932
468 68.383072 142.664566 -146.990219
469 68.910446 141.791458 -147.158981
470 67.855698 142.839172 -147.158981
471 66.800949 142.839172 -146.821457
472 68.207275 145.283859 -147.496490
473 68.383072 141.616837 -145.640137
474 68.207275 143.188416 -148.509064
475 69.086243 143.363037 -146.652695
476 67.855698 143.886902 -146.821457
477 68.734650 142.315323 -146.315170
478 67.855698 142.140701 -147.158981
479 67.855698 143.188416 -147.496490
480 68.910446 143.886902 -146.821457
481 69.262039 141.442215 -145.808899
482 69.262039 144.236145 -146.821457
483 69.613617 141.791458 -145.471375
484 67.855698 142.839172 -146.821457
485 67.504120 142.140701 -146.146408
486 68.734650 143.013794 -146.652695
487 69.086243 143.013794 -146.990219
488 68.031494 143.363037 -146.990219
489 69.086243 141.616837 -146.652695
490 68.558868 143.188416 -146.821457
491 67.679901 142.664566 -146.990219
492 69.262039 142.839172 -146.821457
493 67.855698 142.140701 -146.146408
494 68.207275 142.489944 -146.821457
495 67.855698 142.140701 -146.146408
496 68.207275 140.394501 -146.483932
497 68.910446 142.839172 -147.496490
498 69.789413 141.966080 -146.652695
499 69.262039 143.886902 -147.496490
500 68.910446 142.489944 -146.483932
501 68.207275 142.839172 -145.808899
502 68.558868 141.791458 -147.496490
503 67.504120 142.140701 -148.171539
504 68.558868 143.188416 -147.496490
505 68.031494 142.664566 -146.652695
506 69.086243 143.013794 -145.977646
507 68.734650 143.013794 -147.665253
508 68.910446 143.188416 -146.483932
509 68.558868 142.839172 -146.146408
510 67.328323 142.664566 -146.990219
511 67.504120 142.839172 -147.158981
512 68.910446 143.188416 -147.158981
513 69.965195 141.442215 -146.146408
514 67.504120 142.839172 -146.483932
515 69.613617 142.839172 -146.483932
516 68.207275 143.188416 -146.483932
517 68.207275 141.791458 -147.834015
518 69.437820 141.616837 -146.315170
519 67.679901 143.013794 -146.990219
520 69.262039 142.839172 -145.808899
521 68.207275 143.886902 -147.496490
522 69.613617 144.236145 -146.483932
523 68.031494 142.315323 -146.990219
524 68.558868 141.791458 -147.496490
525 69.437820 143.363037 -146.652695
526 69.789413 142.664566 -146.315170
527 68.558868 141.791458 -147.158981
528 66.976730 142.315323 -147.665253
529 68.383072 142.664566 -145.977646
530 67.679901 142.315323 -146.315170
531 68.207275 142.489944 -147.496490
532 69.262039 141.442215 -146.483932
533 68.558868 142.489944 -146.821457
534 67.855698 142.140701 -146.821457
535 68.207275 142.489944 -147.496490
536 68.558868 142.839172 -146.483932
537 68.734650 142.315323 -145.977646
538 69.965195 141.791458 -146.821457
539 69.437820 141.267593 -146.652695
540 68.910446 141.791458 -147.158981
541 68.558868 142.839172 -146.821457
542 68.383072 141.966080 -147.665253
543 67.679901 142.315323 -146.315170
544 70.492569 142.664566 -148.002777
545 68.207275 142.489944 -146.483932
546 68.031494 142.315323 -146.652695
547 67.152527 142.489944 -147.158981
548 67.679901 142.664566 -146.652695
549 68.207275 141.092972 -146.821457
550 68.383072 141.966080 -146.652695
551 66.800949 143.188416 -146.821457
552 68.558868 143.886902 -147.496490
553 69.086243 140.219879 -146.652695
554 67.855698 142.489944 -146.483932
555 68.910446 143.886902 -146.146408
556 67.504120 143.886902 -146.146408
557 68.207275 143.188416 -146.821457
558 68.734650 143.363037 -144.290054
559 68.734650 141.616837 -146.652695
560 68.558868 142.140701 -145.808899
561 67.679901 141.616837 -147.327728
562 68.910446 141.442215 -146.483932
563 67.855698 142.839172 -146.146408
564 68.558868 143.537659 -146.146408
565 69.437820 142.664566 -145.977646
566 68.383072 142.664566 -146.990219
567 69.789413 141.267593 -146.315170
568 68.207275 143.886902 -146.146408
569 67.679901 142.664566 -147.327728
570 68.207275 144.236145 -146.821457
571 69.086243 141.966080 -146.315170
572 68.031494 141.966080 -147.327728
573 68.910446 141.791458 -146.483932
574 68.207275 142.489944 -147.496490
575 68.910446 142.839172 -146.146408
576 67.152527 142.140701 -147.496490
577 67.152527 143.188416 -146.821457
578 67.855698 141.092972 -147.496490
579 68.734650 143.363037 -147.665253
580 68.558868 142.489944 -146.821457
581 69.086243 142.664566 -145.977646
582 70.140991 144.061523 -147.327728
583 69.965195 143.886902 -146.821457
584 68.558868 143.537659 -146.821457
585 67.855698 143.886902 -146.483932
586 68.558868 142.489944 -147.158981
587 69.262039 141.791458 -146.821457
588 68.910446 141.442215 -145.808899
589 68.383072 141.966080 -146.315170
590 69.086243 141.966080 -146.652695
591 69.086243 141.966080 -146.990219
592 67.855698 141.791458 -146.821457
593 68.383072 142.664566 -146.990219
594 68.558868 141.791458 -146.821457
595 68.031494 143.013794 -147.665253
596 68.031494 142.315323 -148.002777
597 68.558868 142.839172 -146.483932
598 69.437820 142.664566 -145.640137
599 69.086243 143.013794 -146.652695
600 67.855698 143.188416 -146.821457
601 69.437820 143.712280 -147.665253
602 69.086243 143.013794 -147.665253
603 70.140991 141.267593 -146.990219
604 69.437820 141.267593 -146.652695
605 69.262039 143.537659 -146.821457
606 69.262039 142.839172 -146.821457
607 69.086243 142.664566 -145.640137
608 65.921982 144.410767 -147.327728
609 69.086243 143.363037 -148.002777
610 69.613617 142.140701 -146.821457
611 68.558868 141.791458 -146.483932
612 68.383072 143.363037 -147.665253
613 67.679901 143.013794 -145.977646
614 67.328323 142.664566 -146.652695
615 69.262039 143.886902 -147.158981
616 67.679901 143.013794 -145.977646
617 67.855698 143.537659 -146.821457
618 69.262039 141.791458 -146.483932
619 67.504120 141.442215 -146.146408
620 69.965195 143.188416 -146.821457
621 69.086243 142.315323 -146.990219
622 67.152527 142.839172 -146.146408
623 68.207275 142.839172 -147.496490
624 69.613617 143.188416 -146.821457
625 67.504120 142.489944 -147.834015
626 67.328323 141.966080 -146.315170
627 69.262039 142.140701 -146.483932
628 68.207275 141.791458 -147.496490
629 68.558868 142.140701 -145.133850
630 67.152527 142.839172 -147.834015
631 67.855698 143.188416 -146.821457
632 68.734650 143.013794 -146.652695
633 69.086243 143.013794 -146.990219
634 66.273575 141.966080 -148.002777
635 68.031494 141.616837 -145.640137
636 69.086243 141.616837 -148.677811
637 68.207275 142.839172 -146.821457
638 67.855698 142.839172 -146.483932
639 68.734650 143.013794 -147.665253
640 68.031494 144.061523 -145.640137
641 69.965195 142.140701 -146.483932
642 68.734650 142.664566 -147.327728
643 68.734650 142.664566 -146.652695
644 69.086243 141.267593 -148.002777
645 69.086243 141.616837 -147.327728
646 69.437820 141.616837 -146.652695
647 68.383072 143.712280 -147.327728
648 69.086243 142.664566 -146.652695
649 67.328323 143.013794 -145.977646
650 69.086243 141.267593 -148.677811
651 69.613617 142.839172 -147.496490
652 68.207275 142.839172 -146.483932
653 68.558868 143.188416 -146.146408
654 66.273575 141.966080 -148.002777
655 69.613617 141.791458 -147.496490
656 68.734650 142.664566 -146.315170
657 68.207275 142.839172 -147.496490
658 68.031494 144.061523 -146.990219
659 68.207275 143.188416 -147.158981
660 69.262039 142.140701 -146.483932
661 67.679901 141.966080 -147.327728
662 69.789413 142.315323 -147.327728
663 69.262039 142.489944 -146.483932
664 68.910446 141.442215 -146.146408
665 67.679901 143.013794 -146.990219
666 68.383072 141.267593 -147.665253
667 68.558868 141.791458 -147.496490
668 68.558868 142.839172 -149.521622
669 67.855698 142.489944 -147.834015
670 68.207275 142.839172 -146.483932
671 69.086243 143.013794 -147.665253
672 69.437820 142.664566 -148.340302
673 68.383072 141.616837 -147.665253
674 69.613617 142.839172 -147.496490
675 69.437820 142.315323 -148.340302
676 68.558868 143.188416 -147.834015
677 68.031494 141.966080 -147.665253
678 69.086243 143.363037 -146.990219
679 69.613617 142.489944 -147.834015
680 68.031494 142.664566 -146.652695
681 69.437820 143.712280 -146.652695
682 68.734650 143.013794 -146.652695
683 67.679901 142.315323 -146.315170
684 69.437820 141.267593 -145.977646
685 69.437820 140.918365 -145.302612
686 69.086243 141.966080 -146.990219
687 69.262039 142.839172 -147.158981
688 68.910446 142.839172 -146.146408
689 66.976730 142.664566 -147.327728
690 69.437820 142.315323 -147.327728
691 68.383072 142.315323 -145.977646
692 68.734650 143.013794 -146.990219
693 67.855698 142.140701 -147.834015
694 68.207275 142.140701 -147.158981
695 68.383072 141.616837 -146.315170
696 68.031494 142.664566 -146.315170
697 69.262039 142.839172 -147.496490
698 69.613617 142.140701 -148.171539
699 69.789413 141.966080 -148.002777
700 68.910446 142.489944 -147.496490
701 67.679901 143.363037 -146.315170
702 68.383072 143.013794 -146.652695
703 68.207275 143.886902 -146.146408
704 68.734650 143.013794 -146.315170
705 67.504120 142.489944 -146.821457
706 67.328323 143.013794 -145.302612
707 69.086243 143.363037 -146.315170
708 70.140991 142.664566 -147.665253
709 68.383072 143.363037 -146.652695
710 67.855698 139.696014 -147.834015
711 67.855698 143.886902 -147.834015
712 68.558868 142.140701 -146.483932
713 68.734650 143.712280 -146.315170
714 68.031494 142.664566 -144.965088
715 69.086243 143.712280 -147.327728
716 67.504120 140.743744 -147.834015
717 69.086243 142.664566 -147.665253
718 69.437820 143.013794 -146.652695
719 68.558868 143.537659 -145.808899
720 68.734650 143.712280 -148.677811
721 67.504120 142.839172 -146.483932
722 68.207275 142.489944 -147.158981
723 68.383072 143.712280 -146.315170
724 66.976730 141.966080 -145.977646
725 68.383072 143.013794 -145.977646
726 69.086243 141.616837 -147.327728
727 70.316788 142.489944 -146.146408
728 67.504120 143.188416 -146.146408
729 68.207275 143.188416 -146.146408
730 68.207275 141.791458 -147.158981
731 69.613617 141.442215 -146.146408
732 68.734650 142.664566 -146.652695
733 68.383072 142.664566 -147.665253
734 69.789413 142.664566 -146.652695
735 68.383072 142.315323 -148.677811
736 68.031494 143.712280 -147.327728
737 67.679901 143.013794 -146.990219
738 68.207275 142.489944 -146.483932
739 67.504120 143.188416 -147.496490
740 66.976730 142.664566 -146.990219
741 70.140991 142.315323 -146.315170
742 68.031494 143.712280 -145.977646
743 67.855698 142.489944 -146.146408
744 67.504120 141.791458 -146.146408
745 70.316788 142.140701 -146.821457
746 69.613617 143.188416 -146.821457
747 68.383072 142.664566 -147.327728
748 68.031494 141.966080 -147.327728
749 68.383072 141.267593 -146.990219
750 67.855698 143.537659 -146.146408
751 69.086243 142.664566 -148.677811
752 69.086243 142.315323 -147.327728
753 68.031494 143.363037 -146.652695
754 67.504120 143.886902 -147.158981
755 69.437820 141.267593 -147.327728
756 68.558868 142.140701 -147.834015
757 67.679901 141.966080 -147.665253
758 68.734650 141.966080 -147.327728
759 68.734650 142.664566 -147.665253
760 67.679901 142.315323 -147.327728
761 67.328323 143.363037 -146.652695
762 68.558868 142.839172 -146.821457
763 68.734650 142.664566 -147.327728
764 68.383072 143.363037 -146.652695
765 67.504120 143.886902 -146.483932
766 67.504120 142.140701 -147.496490
767 68.734650 142.664566 -146.990219
768 67.328323 141.966080 -147.665253
769 68.734650 141.267593 -146.990219
770 67.679901 143.363037 -146.990219
771 67.679901 143.013794 -146.652695
772 69.437820 142.664566 -147.665253
773 68.558868 142.839172 -147.158981
774 68.383072 142.664566 -146.315170
775 69.086243 142.315323 -147.327728
776 69.965195 142.140701 -146.821457
777 68.910446 141.791458 -146.483932
778 67.855698 142.839172 -146.821457
779 68.734650 141.267593 -148.002777
780 69.437820 141.966080 -147.327728
781 69.262039 142.140701 -147.158981
782 69.262039 142.489944 -146.821457
783 69.262039 143.537659 -148.846573
784 68.734650 141.966080 -146.315170
785 68.910446 142.839172 -146.146408
786 69.086243 141.966080 -146.652695
787 68.383072 142.664566 -146.315170
788 70.140991 141.267593 -148.002777
789 68.910446 142.140701 -148.171539
790 68.558868 142.839172 -147.496490
791 68.383072 142.315323 -147.665253
792 68.383072 143.013794 -146.652695
793 68.383072 142.315323 -146.990219
794 67.679901 141.267593 -147.327728
795 69.613617 143.188416 -147.158981
796 68.031494 142.664566 -146.990219
797 67.855698 142.489944 -145.133850
798 66.625153 143.013794 -146.990219
799 68.031494 142.315323 -147.327728
800 67.679901 141.966080 -146.315170
801 69.437820 142.315323 -147.665253
802 68.558868 143.886902 -146.146408
803 69.086243 143.013794 -146.652695
804 67.679901 141.267593 -148.677811
805 68.558868 142.489944 -148.171539
806 68.910446 142.140701 -147.158981
807 68.031494 143.013794 -146.315170
808 70.492569 143.363037 -145.640137
809 69.613617 141.092972 -147.834015
810 67.328323 143.013794 -147.327728
811 67.679901 144.061523 -147.327728
812 68.383072 141.966080 -146.652695
813 67.328323 141.966080 -146.652695
814 68.734650 142.664566 -147.327728
815 68.734650 141.966080 -148.002777
816 68.031494 143.363037 -146.652695
817 69.613617 142.140701 -146.821457
818 69.437820 141.966080 -148.677811
819 68.558868 142.839172 -147.834015
820 67.679901 142.315323 -148.002777
821 69.262039 143.188416 -146.146408
822 69.086243 142.315323 -146.990219
823 70.492569 143.363037 -146.652695
824 68.734650 143.013794 -147.327728
825 68.734650 141.966080 -147.327728
826 68.734650 142.315323 -147.327728
827 68.734650 143.013794 -148.002777
828 68.910446 142.839172 -146.821457
829 66.273575 143.363037 -148.002777
830 67.152527 142.489944 -146.821457
831 68.383072 142.315323 -145.640137
832 67.504120 141.791458 -147.834015
833 69.086243 141.616837 -148.002777
834 67.855698 142.140701 -147.496490
835 68.207275 142.140701 -146.483932
836 69.262039 142.140701 -146.483932
837 69.965195 143.537659 -148.171539
838 70.140991 143.712280 -145.977646
839 68.910446 141.791458 -146.483932
840 69.613617 142.489944 -146.483932
841 69.437820 143.013794 -146.652695
842 69.613617 142.839172 -146.821457
843 68.910446 141.442215 -148.171539
844 69.437820 143.712280 -147.327728
845 67.328323 142.664566 -146.652695
846 67.504120 143.188416 -147.834015
847 67.855698 142.489944 -147.496490
848 68.910446 142.489944 -147.158981
849 69.437820 143.363037 -146.990219
850 66.625153 143.013794 -147.665253
851 67.679901 142.315323 -146.652695
852 68.383072 142.315323 -147.327728
853 67.152527 143.188416 -146.146408
854 68.383072 142.315323 -145.977646
855 67.855698 140.743744 -145.808899
856 68.734650 142.315323 -148.002777
857 69.262039 142.489944 -145.808899
858 67.855698 142.489944 -146.483932
859 67.152527 141.791458 -147.158981
860 68.383072 142.315323 -145.640137
861 68.558868 142.839172 -147.158981
862 67.504120 142.489944 -146.483932
863 68.910446 141.442215 -148.171539
864 69.613617 142.489944 -145.133850
865 68.558868 141.442215 -146.483932
866 69.262039 142.489944 -147.158981
867 69.262039 143.537659 -147.158981
868 68.734650 143.013794 -146.990219
869 66.625153 144.061523 -146.990219
870 68.734650 143.013794 -147.327728
871 69.437820 142.664566 -147.327728
872 68.734650 141.267593 -147.327728
873 69.262039 143.886902 -145.471375
874 69.086243 141.966080 -147.327728
875 69.437820 143.712280 -146.990219
876 68.910446 144.585373 -147.158981
877 69.262039 141.092972 -147.496490
878 68.383072 142.315323 -147.327728
879 69.789413 142.664566 -146.315170
880 68.734650 142.664566 -145.640137
881 68.558868 143.886902 -146.146408
882 67.679901 141.966080 -145.977646
883 68.383072 142.664566 -148.340302
884 67.328323 142.664566 -145.640137
885 68.207275 141.442215 -147.496490
886 68.207275 142.839172 -146.821457
887 67.504120 142.489944 -146.483932
888 69.262039 143.188416 -147.496490
889 68.207275 142.489944 -147.158981
890 68.734650 141.966080 -148.340302
891 68.910446 143.886902 -147.496490
892 68.558868 143.537659 -146.821457
893 68.031494 142.664566 -146.315170
894 67.855698 141.092972 -146.821457
895 68.734650 143.363037 -147.327728
896 67.504120 141.791458 -147.834015
897 69.437820 143.013794 -145.640137
898 68.558868 143.537659 -146.146408
899 68.558868 143.188416 -146.821457
900 68.558868 141.791458 -146.483932
901 68.558868 141.791458 -146.146408
902 67.855698 142.140701 -146.146408
903 68.558868 141.442215 -146.483932
904 69.262039 141.791458 -147.834015
905 68.734650 142.315323 -147.327728
906 68.383072 143.013794 -147.665253
907 67.504120 143.886902 -146.821457
908 68.910446 142.140701 -148.509064
909 66.625153 141.616837 -147.665253
910 69.086243 142.315323 -146.652695
911 69.613617 141.791458 -146.146408
912 68.734650 142.315323 -146.990219
913 69.086243 142.315323 -148.002777
914 68.383072 143.363037 -146.990219
915 69.437820 142.315323 -146.652695
916 68.383072 143.013794 -146.990219
917 70.316788 143.188416 -147.496490
918 68.558868 142.489944 -147.834015
919 69.262039 142.839172 -146.483932
920 68.383072 143.712280 -146.315170
921 67.855698 142.140701 -147.496490
922 68.734650 142.315323 -146.315170
923 69.086243 141.267593 -147.665253
924 68.031494 142.664566 -146.990219
925 68.558868 142.489944 -145.808899
926 69.262039 142.839172 -147.158981
927 68.383072 142.664566 -145.977646
928 68.558868 143.188416 -148.171539
929 69.262039 142.140701 -147.496490
930 68.207275 141.791458 -145.133850
931 70.316788 141.791458 -146.821457
932 68.558868 144.585373 -147.834015
933 68.734650 143.363037 -146.990219
934 67.328323 141.966080 -146.990219
935 67.855698 142.140701 -148.171539
936 68.558868 141.791458 -147.158981
937 69.437820 141.616837 -146.652695
938 68.734650 141.966080 -145.640137
939 68.031494 142.315323 -146.990219
940 68.383072 143.363037 -146.652695
941 69.437820 142.664566 -148.340302
942 69.613617 142.489944 -147.158981
943 66.800949 142.839172 -146.483932
944 67.504120 142.140701 -145.808899
945 67.855698 143.537659 -147.158981
946 68.031494 142.315323 -146.990219
947 68.383072 142.315323 -146.652695
948 69.437820 142.315323 -147.665253
949 68.734650 143.363037 -147.327728
950 68.031494 143.363037 -147.665253
951 68.734650 140.918365 -147.327728
952 68.031494 141.616837 -146.990219
953 68.031494 141.616837 -147.327728
954 68.734650 142.664566 -146.315170
955 67.679901 141.267593 -146.315170
956 67.504120 142.140701 -147.158981
957 68.031494 141.616837 -145.977646
958 69.086243 142.664566 -147.327728
959 69.613617 141.791458 -147.496490
960 68.910446 142.140701 -146.483932
961 70.668365 143.188416 -146.146408
962 68.031494 142.664566 -145.640137
963 67.679901 142.664566 -147.327728
964 67.328323 142.315323 -145.640137
965 68.558868 142.839172 -147.834015
966 68.910446 143.188416 -146.483932
967 69.437820 144.410767 -147.327728
968 67.504120 142.489944 -147.158981
969 68.207275 142.140701 -147.834015
970 68.558868 141.791458 -146.821457
971 68.031494 142.315323 -145.977646
972 68.207275 143.537659 -146.146408
973 68.031494 142.315323 -145.640137
974 68.558868 142.839172 -148.509064
975 68.031494 143.712280 -147.665253
976 68.734650 144.410767 -147.665253
977 68.383072 142.664566 -145.640137
978 69.262039 142.140701 -146.483932
