1 0.527374 95.517151 -123.363770
2 2.636871 96.564865 -122.688736
3 1.933701 97.612595 -125.051376
4 3.164246 96.390244 -123.195007
5 2.109497 96.041016 -123.532532
6 2.109497 97.437973 -124.207581
7 3.164246 96.390244 -123.870056
8 2.636871 96.564865 -122.688736
9 1.757919 95.342529 -123.195007
10 2.109497 95.342529 -124.207581
11 2.988449 95.517151 -123.363770
12 1.406326 95.342529 -123.870056
13 1.230530 96.564865 -124.038818
14 2.461075 96.041016 -124.882614
15 1.230530 95.866394 -124.376328
16 1.933701 96.564865 -123.701294
17 1.230530 97.612595 -123.363770
18 1.933701 95.866394 -122.013687
19 2.109497 96.041016 -123.195007
20 0.351578 96.390244 -124.207581
21 0.175781 95.517151 -126.063934
22 0.878952 96.215637 -124.376328
23 2.812668 96.390244 -123.870056
24 3.164246 95.691772 -123.195007
25 1.230530 95.517151 -124.038818
26 1.406326 97.088730 -124.545090
27 0.351578 97.088730 -125.220139
28 2.988449 96.215637 -126.063934
29 2.461075 96.390244 -124.207581
30 1.054749 95.342529 -122.182449
31 2.988449 95.866394 -123.026245
32 1.933701 95.866394 -124.038818
33 0.878952 94.818665 -125.051376
34 1.230530 97.263351 -123.363770
35 1.230530 96.564865 -123.026245
36 1.933701 96.215637 -123.026245
37 1.406326 95.342529 -122.857498
38 2.812668 95.691772 -123.195007
39 1.406326 95.342529 -123.870056
40 2.285294 96.564865 -124.038818
41 0.527374 96.914108 -124.713852
42 2.285294 95.167908 -124.713852
43 1.933701 96.215637 -123.701294
44 2.109497 96.390244 -123.195007
45 1.230530 96.914108 -124.713852
46 1.054749 94.993286 -124.882614
47 1.933701 95.517151 -125.051376
48 2.109497 96.041016 -124.545090
49 2.636871 95.517151 -124.038818
50 1.582123 95.866394 -124.713852
51 2.461075 96.041016 -123.195007
52 2.461075 96.041016 -123.195007
53 2.285294 96.564865 -124.038818
54 0.703156 95.342529 -123.532532
55 1.933701 94.818665 -124.376328
56 1.054749 96.739487 -124.207581
57 2.636871 96.914108 -124.038818
58 0.527374 96.914108 -123.026245
59 2.988449 95.517151 -123.701294
60 3.867416 96.390244 -123.870056
61 1.230530 96.215637 -124.376328
62 1.230530 96.914108 -124.038818
63 2.285294 95.517151 -123.701294
64 0.878952 96.914108 -123.701294
65 0.878952 96.914108 -123.701294
66 1.230530 96.215637 -123.363770
67 1.933701 96.564865 -123.026245
68 2.812668 96.390244 -123.532532
69 1.933701 96.215637 -123.363770
70 1.582123 95.517151 -123.701294
71 2.461075 96.390244 -124.545090
72 0.878952 95.167908 -123.363770
73 1.757919 96.739487 -123.870056
74 0.527374 95.866394 -123.701294
75 2.109497 96.739487 -124.545090
76 0.527374 96.215637 -125.726410
77 0.351578 97.088730 -123.532532
78 2.109497 97.437973 -123.195007
79 1.406326 94.993286 -124.207581
80 3.164246 95.342529 -123.195007
81 2.285294 96.215637 -123.363770
82 1.054749 95.342529 -123.195007
83 -0.175797 95.866394 -124.376328
84 1.933701 94.818665 -123.026245
85 1.582123 96.215637 -124.038818
86 2.109497 94.993286 -124.207581
87 1.054749 96.041016 -123.532532
88 2.461075 95.342529 -124.545090
89 1.230530 95.167908 -122.351212
90 1.230530 95.866394 -124.376328
91 1.054749 95.691772 -124.207581
92 2.109497 97.088730 -123.870056
93 2.109497 96.041016 -123.195007
94 0.527374 95.517151 -124.376328
95 1.582123 94.120193 -124.038818
96 1.933701 96.564865 -124.713852
97 1.757919 96.041016 -123.195007
98 0.527374 95.517151 -124.038818
99 1.933701 96.215637 -123.701294
100 0.527374 96.564865 -124.376328
101 0.878952 96.564865 -124.713852
102 1.230530 96.564865 -124.376328
103 2.812668 95.691772 -122.519974
104 0.878952 96.215637 -124.038818
105 0.527374 96.564865 -124.038818
106 1.230530 95.866394 -123.026245
107 1.054749 97.088730 -124.545090
108 0.878952 97.612595 -124.376328
109 1.757919 95.342529 -123.532532
110 1.757919 97.437973 -124.207581
111 1.582123 96.215637 -122.688736
112 1.406326 96.739487 -123.532532
113 0.703156 96.739487 -124.545090
114 2.636871 96.914108 -123.363770
115 2.461075 96.390244 -123.195007
116 1.757919 95.691772 -124.207581
117 1.582123 96.564865 -123.026245
118 2.812668 96.739487 -124.207581
119 0.703156 95.691772 -123.195007
120 1.230530 96.914108 -123.701294
121 -0.175797 95.167908 -123.701294
122 2.988449 95.866394 -122.688736
123 2.109497 95.691772 -124.207581
124 1.757919 96.041016 -123.195007
125 3.515839 96.390244 -122.519974
126 1.230530 94.818665 -123.026245
127 1.757919 96.390244 -124.207581
128 2.285294 95.517151 -124.376328
129 1.406326 96.390244 -123.532532
130 1.757919 95.342529 -124.545090
131 3.691620 95.167908 -123.363770
132 1.933701 95.866394 -123.701294
133 1.406326 95.342529 -124.545090
134 1.582123 95.167908 -124.376328
135 2.285294 96.914108 -124.038818
136 1.054749 95.691772 -123.195007
137 1.406326 94.993286 -123.195007
138 2.636871 96.564865 -124.038818
139 1.406326 96.390244 -124.207581
140 1.230530 95.517151 -124.038818
141 2.285294 95.517151 -123.363770
142 2.109497 94.993286 -123.870056
143 0.703156 94.993286 -123.532532
144 0.878952 96.215637 -124.038818
145 1.582123 95.167908 -124.038818
146 1.757919 97.088730 -123.870056
147 1.757919 96.390244 -124.207581
148 1.933701 94.469437 -123.701294
149 0.527374 96.215637 -123.701294
150 1.230530 95.167908 -124.376328
151 1.757919 95.691772 -123.870056
152 0.703156 94.993286 -124.545090
153 3.164246 95.691772 -124.207581
154 2.461075 97.437973 -123.195007
155 1.933701 95.517151 -125.051376
156 1.230530 96.914108 -124.038818
157 2.285294 95.866394 -124.376328
158 2.109497 95.691772 -123.870056
159 0.527374 95.167908 -124.713852
160 1.582123 96.215637 -125.051376
161 1.054749 96.390244 -123.195007
162 1.230530 96.215637 -123.363770
163 1.054749 95.691772 -123.532532
164 1.757919 96.390244 -123.532532
165 1.757919 97.088730 -124.882614
166 1.406326 94.993286 -125.220139
167 1.757919 95.342529 -123.870056
168 1.757919 95.342529 -122.857498
169 1.933701 96.564865 -123.363770
170 1.230530 95.866394 -124.038818
171 1.582123 96.564865 -124.713852
172 0.878952 95.517151 -124.038818
173 0.527374 95.866394 -123.363770
174 1.406326 96.390244 -124.882614
175 1.230530 95.167908 -123.701294
176 2.812668 96.739487 -124.207581
177 2.461075 95.342529 -123.870056
178 2.812668 96.041016 -124.207581
179 2.285294 96.215637 -122.688736
180 1.230530 97.263351 -123.026245
181 2.461075 95.691772 -124.882614
182 1.406326 96.390244 -122.519974
183 1.933701 95.517151 -123.701294
184 1.054749 95.342529 -124.207581
185 2.636871 95.866394 -125.726410
186 0.878952 96.215637 -124.376328
187 1.406326 95.691772 -122.857498
188 2.109497 93.945572 -123.870056
189 2.109497 96.390244 -124.882614
190 1.757919 95.691772 -124.545090
191 1.582123 96.215637 -123.701294
192 1.582123 96.564865 -123.701294
193 1.406326 96.739487 -124.545090
194 0.878952 95.866394 -124.038818
195 3.515839 96.390244 -124.882614
196 1.230530 95.517151 -125.051376
197 1.757919 96.739487 -124.207581
198 2.461075 96.739487 -124.545090
199 0.175781 95.167908 -124.713852
200 1.582123 95.517151 -122.013687
201 0.878952 95.167908 -123.363770
202 1.406326 97.088730 -123.870056
203 1.582123 96.215637 -124.713852
204 1.230530 96.215637 -124.376328
205 0.878952 96.564865 -124.713852
206 0.175781 95.517151 -124.713852
207 1.054749 94.993286 -124.545090
208 1.757919 97.088730 -124.207581
209 0.703156 95.691772 -124.207581
210 0.527374 96.914108 -122.351212
211 0.351578 96.041016 -124.882614
212 2.285294 96.564865 -123.363770
213 0.351578 95.691772 -123.195007
214 1.933701 96.215637 -123.363770
215 2.812668 94.644043 -125.557663
216 1.582123 96.215637 -124.713852
217 1.582123 96.215637 -123.026245
218 0.878952 96.215637 -124.376328
219 2.109497 94.993286 -123.870056
220 1.054749 95.691772 -124.882614
221 2.636871 94.469437 -124.038818
222 2.461075 96.739487 -124.882614
223 0.000000 96.390244 -123.532532
224 0.878952 96.914108 -125.726410
225 1.406326 95.691772 -124.545090
226 1.230530 95.517151 -123.701294
227 1.406326 96.041016 -123.870056
228 1.054749 95.342529 -123.195007
229 0.527374 96.215637 -124.038818
230 0.527374 96.215637 -124.713852
231 1.054749 96.041016 -123.870056
232 1.757919 97.088730 -123.532532
233 1.582123 95.517151 -125.388901
234 2.285294 96.564865 -123.363770
235 2.461075 96.041016 -124.882614
236 2.109497 96.739487 -123.195007
237 1.933701 96.564865 -122.688736
238 1.933701 95.866394 -124.038818
239 2.812668 96.390244 -123.532532
240 3.164246 95.342529 -125.895172
241 0.351578 97.088730 -123.532532
242 2.285294 95.866394 -124.038818
243 2.812668 96.739487 -124.207581
244 1.582123 96.215637 -124.376328
245 0.527374 97.612595 -123.363770
246 1.933701 95.866394 -124.376328
247 0.878952 96.914108 -124.038818
248 1.230530 95.517151 -122.688736
249 1.757919 96.041016 -124.882614
250 2.109497 95.691772 -122.857498
251 1.230530 96.564865 -123.363770
252 1.933701 96.564865 -125.388901
253 0.703156 96.739487 -123.532532
254 2.461075 96.390244 -124.545090
255 2.109497 96.390244 -124.207581
256 1.406326 94.993286 -125.220139
257 1.054749 94.993286 -124.207581
258 1.933701 94.469437 -123.026245
259 1.230530 96.564865 -124.376328
260 1.933701 95.866394 -123.701294
261 1.757919 96.041016 -123.532532
262 1.757919 96.041016 -122.857498
263 2.812668 95.691772 -122.519974
264 1.230530 96.914108 -123.701294
265 2.109497 96.390244 -123.532532
266 1.054749 94.644043 -122.857498
267 1.230530 96.564865 -123.701294
268 1.054749 96.390244 -124.207581
269 3.340042 95.517151 -124.376328
270 1.406326 96.041016 -123.870056
271 1.582123 96.215637 -123.701294
272 1.406326 96.390244 -123.870056
273 0.878952 96.564865 -124.376328
274 1.933701 95.167908 -124.376328
275 1.406326 97.088730 -122.857498
276 1.230530 96.215637 -123.363770
277 2.988449 95.517151 -124.376328
278 0.703156 96.041016 -122.857498
279 1.757919 96.390244 -122.182449
280 1.933701 95.517151 -123.701294
281 1.582123 96.215637 -124.376328
282 2.285294 95.167908 -123.363770
283 1.582123 96.914108 -123.701294
284 1.054749 96.390244 -124.545090
285 1.230530 97.612595 -123.701294
286 1.230530 96.215637 -124.376328
287 1.230530 95.866394 -123.363770
288 1.406326 95.691772 -123.532532
289 2.461075 94.993286 -123.870056
290 1.230530 95.167908 -124.376328
291 1.406326 96.041016 -123.870056
292 2.988449 95.866394 -124.038818
293 0.703156 95.691772 -123.870056
294 1.582123 94.469437 -125.388901
295 1.054749 96.739487 -123.870056
296 2.636871 95.167908 -123.363770
297 2.109497 96.390244 -123.195007
298 1.406326 96.041016 -124.207581
299 1.933701 95.517151 -125.051376
300 0.703156 96.041016 -123.195007
301 2.812668 96.041016 -125.557663
302 2.988449 95.167908 -124.713852
303 1.933701 95.866394 -122.351212
304 1.230530 95.866394 -124.038818
305 1.933701 95.866394 -124.376328
306 0.703156 94.993286 -124.545090
307 2.812668 96.390244 -123.195007
308 1.757919 96.390244 -123.870056
309 1.757919 96.739487 -123.532532
310 2.461075 97.088730 -125.220139
311 1.054749 96.041016 -123.195007
312 1.406326 95.691772 -123.870056
313 2.109497 96.390244 -124.207581
314 1.582123 95.167908 -123.701294
315 2.109497 94.993286 -124.207581
316 -0.703171 96.390244 -124.207581
317 2.109497 97.787216 -123.532532
318 1.054749 95.691772 -125.220139
319 1.582123 96.215637 -123.701294
320 2.285294 95.167908 -124.376328
321 2.461075 94.993286 -124.545090
322 2.636871 95.517151 -125.051376
323 1.054749 96.739487 -123.195007
324 2.109497 96.739487 -124.545090
325 1.406326 96.739487 -123.870056
326 0.878952 96.564865 -123.701294
327 1.582123 96.564865 -123.701294
328 2.285294 97.263351 -123.363770
329 2.988449 95.866394 -125.726410
330 2.109497 96.390244 -123.870056
331 1.406326 96.390244 -124.545090
332 1.054749 94.993286 -124.207581
333 1.230530 96.564865 -125.388901
334 1.933701 95.866394 -123.026245
335 1.757919 96.041016 -123.195007
336 0.878952 95.866394 -124.376328
337 1.582123 96.215637 -125.051376
338 1.933701 95.517151 -123.363770
339 1.933701 95.517151 -123.363770
340 1.406326 97.088730 -123.532532
341 2.285294 96.564865 -124.713852
342 1.406326 95.342529 -124.882614
343 1.933701 95.517151 -124.038818
344 0.878952 95.866394 -124.713852
345 1.230530 95.167908 -123.701294
346 2.109497 96.739487 -125.220139
347 1.582123 96.564865 -124.038818
348 1.054749 97.088730 -124.882614
349 2.285294 95.866394 -124.038818
350 0.527374 96.564865 -123.701294
351 2.109497 96.041016 -124.207581
352 1.054749 95.691772 -124.207581
353 1.582123 97.961838 -124.376328
354 1.054749 96.390244 -121.844925
355 2.461075 96.390244 -122.857498
356 2.109497 96.041016 -123.870056
357 2.988449 95.517151 -124.038818
358 0.000000 95.342529 -124.207581
359 3.164246 96.041016 -123.870056
360 1.406326 95.342529 -124.207581
361 0.878952 96.914108 -124.038818
362 0.878952 96.914108 -123.363770
363 1.406326 97.787216 -124.207581
364 2.285294 95.866394 -124.713852
365 2.109497 95.691772 -123.532532
366 1.933701 96.564865 -123.026245
367 2.109497 97.088730 -124.207581
368 2.109497 97.437973 -123.870056
369 1.230530 97.263351 -124.038818
370 1.054749 96.739487 -123.870056
371 1.582123 96.914108 -123.701294
372 2.285294 96.215637 -124.376328
373 2.109497 96.041016 -124.882614
374 1.230530 94.469437 -123.026245
375 1.757919 95.342529 -125.220139
376 3.691620 95.517151 -124.038818
377 1.757919 96.041016 -123.870056
378 1.933701 95.866394 -123.026245
379 3.340042 96.914108 -125.726410
380 2.988449 96.914108 -124.376328
381 1.582123 95.866394 -123.363770
382 1.406326 96.739487 -123.870056
383 2.636871 95.517151 -122.688736
384 1.582123 95.167908 -123.363770
385 1.933701 95.517151 -123.026245
386 2.285294 95.866394 -124.038818
387 1.582123 94.818665 -124.038818
388 1.933701 95.866394 -124.376328
389 0.703156 95.691772 -122.857498
390 2.109497 95.691772 -123.532532
391 1.933701 96.215637 -124.038818
392 2.636871 95.517151 -124.038818
393 1.230530 96.564865 -124.038818
394 1.406326 95.342529 -122.182449
395 1.757919 96.390244 -123.532532
396 1.582123 95.866394 -123.363770
397 3.164246 96.390244 -123.195007
398 0.878952 95.866394 -124.038818
399 2.461075 97.437973 -123.870056
400 1.582123 95.517151 -124.713852
401 1.757919 95.691772 -124.545090
402 1.406326 96.739487 -122.857498
403 2.461075 96.390244 -123.195007
404 1.054749 95.342529 -123.870056
405 2.461075 96.041016 -123.870056
406 1.054749 96.041016 -124.207581
407 1.757919 96.041016 -124.207581
408 2.461075 95.691772 -123.532532
409 1.230530 94.469437 -124.376328
410 2.285294 96.215637 -124.713852
411 1.757919 97.437973 -124.882614
412 1.757919 97.088730 -123.532532
413 2.461075 96.739487 -124.207581
414 0.527374 94.818665 -123.363770
415 1.230530 94.818665 -125.388901
416 0.175781 97.612595 -122.688736
417 2.461075 95.342529 -123.195007
418 3.164246 96.390244 -125.557663
419 1.582123 96.564865 -124.038818
420 1.054749 96.041016 -123.532532
421 1.933701 96.914108 -123.026245
422 2.461075 95.691772 -123.870056
423 1.933701 97.263351 -123.363770
424 2.461075 95.342529 -123.195007
425 2.812668 95.691772 -124.545090
426 2.461075 96.390244 -123.532532
427 1.757919 97.088730 -124.545090
428 1.406326 95.342529 -124.207581
429 1.406326 96.739487 -124.882614
430 2.285294 94.818665 -124.038818
431 2.636871 95.866394 -123.026245
432 1.757919 95.342529 -123.532532
433 1.582123 96.215637 -122.013687
434 1.054749 97.088730 -123.195007
435 3.164246 96.041016 -123.870056
436 1.406326 97.787216 -123.870056
437 1.582123 95.517151 -121.676163
438 1.406326 96.041016 -124.207581
439 2.461075 96.041016 -123.532532
440 1.406326 95.342529 -123.870056
441 2.988449 96.914108 -123.363770
442 2.461075 95.691772 -124.545090
443 1.582123 95.866394 -124.376328
444 1.230530 95.866394 -123.701294
445 1.054749 96.041016 -123.532532
446 2.636871 96.215637 -124.713852
447 2.988449 95.167908 -123.363770
448 1.757919 95.342529 -124.207581
449 2.636871 95.866394 -123.026245
450 1.406326 95.691772 -123.870056
451 2.988449 95.167908 -123.363770
452 2.109497 96.739487 -122.857498
453 2.285294 95.517151 -122.688736
454 0.527374 96.215637 -123.363770
455 1.230530 96.215637 -123.026245
456 1.230530 95.167908 -123.363770
457 1.582123 94.818665 -123.363770
458 2.461075 96.390244 -124.545090
459 2.285294 96.215637 -124.376328
460 1.230530 95.517151 -124.376328
461 1.582123 96.215637 -123.026245
462 -0.351593 96.739487 -123.532532
463 -0.878967 96.215637 -122.013687
464 1.406326 96.739487 -123.870056
465 1.406326 96.041016 -124.545090
466 2.461075 96.739487 -123.870056
467 1.582123 95.167908 -124.038818
468 1.582123 96.215637 -124.376328
469 1.054749 98.485687 -124.545090
470 1.054749 94.993286 -123.870056
471 2.636871 97.612595 -125.388901
472 2.988449 96.215637 -123.701294
473 1.933701 94.818665 -123.026245
474 1.406326 96.041016 -124.545090
475 1.054749 96.390244 -124.882614
476 2.109497 95.691772 -124.545090
477 2.461075 95.691772 -123.870056
478 1.933701 96.215637 -123.701294
479 2.636871 95.167908 -124.376328
480 1.054749 97.088730 -124.545090
481 1.582123 95.866394 -124.038818
482 2.285294 94.818665 -123.026245
483 0.703156 96.041016 -124.207581
484 1.054749 95.691772 -124.207581
485 1.582123 96.564865 -122.351212
486 -0.175797 96.564865 -123.363770
487 2.285294 94.469437 -124.038818
488 2.285294 95.517151 -122.688736
489 2.461075 96.041016 -123.870056
490 1.406326 94.294815 -124.207581
491 0.527374 96.914108 -125.388901
492 1.757919 96.390244 -124.207581
493 2.636871 96.215637 -123.026245
494 1.230530 96.564865 -124.038818
495 2.812668 95.342529 -124.882614
496 1.582123 94.469437 -123.363770
497 3.340042 94.818665 -122.351212
498 1.406326 95.691772 -124.207581
499 1.230530 96.215637 -123.026245
500 1.230530 95.866394 -123.363770
501 1.757919 96.739487 -123.870056
502 1.230530 95.167908 -123.701294
503 2.812668 96.041016 -124.207581
504 1.757919 96.739487 -124.545090
505 2.285294 96.215637 -125.388901
506 1.933701 96.914108 -124.376328
507 1.054749 95.342529 -124.207581
508 1.406326 97.088730 -123.532532
509 1.230530 95.866394 -124.038818
510 2.636871 96.564865 -124.038818
511 1.406326 95.691772 -123.870056
512 2.285294 95.167908 -124.038818
513 1.054749 96.390244 -123.532532
514 1.757919 96.390244 -123.532532
515 0.878952 96.564865 -123.363770
516 1.933701 96.564865 -123.026245
517 0.351578 96.041016 -122.857498
518 2.636871 94.818665 -123.363770
519 2.988449 96.564865 -123.026245
520 1.582123 95.866394 -124.376328
521 1.757919 97.088730 -122.857498
522 2.461075 95.691772 -122.857498
523 1.757919 94.993286 -124.207581
524 2.285294 96.914108 -124.713852
525 1.230530 96.564865 -123.363770
526 1.582123 96.564865 -124.713852
527 1.230530 97.263351 -124.376328
528 1.933701 95.517151 -124.376328
529 0.703156 95.691772 -122.857498
530 1.406326 96.390244 -124.545090
531 2.109497 97.437973 -123.532532
532 1.757919 95.342529 -122.519974
533 2.461075 97.787216 -123.870056
534 2.636871 97.263351 -122.688736
535 1.582123 96.215637 -124.376328
536 2.109497 95.691772 -123.195007
537 1.582123 95.866394 -124.713852
538 1.230530 95.866394 -123.026245
539 2.109497 93.596329 -123.195007
540 2.461075 96.739487 -122.857498
541 1.406326 96.041016 -124.207581
542 1.582123 95.517151 -124.038818
543 2.812668 96.041016 -122.519974
544 1.582123 95.866394 -123.363770
545 1.230530 96.215637 -122.688736
546 0.878952 95.167908 -124.713852
547 2.285294 95.866394 -123.026245
548 1.757919 94.993286 -125.557663
549 0.703156 95.691772 -123.532532
550 0.703156 96.041016 -123.195007
551 0.703156 95.691772 -123.870056
552 0.703156 97.787216 -123.532532
553 2.636871 95.517151 -123.363770
554 2.988449 95.866394 -123.701294
555 2.109497 96.739487 -124.207581
556 0.703156 96.390244 -123.532532
557 1.406326 97.437973 -124.545090
558 1.054749 96.390244 -124.882614
559 1.230530 95.866394 -124.713852
560 2.109497 96.739487 -123.532532
561 2.109497 95.342529 -124.882614
562 1.230530 95.517151 -122.351212
563 0.703156 94.644043 -124.882614
564 1.933701 96.215637 -124.038818
565 2.461075 95.342529 -124.545090
566 2.812668 96.390244 -122.857498
567 1.933701 95.517151 -124.038818
568 1.230530 97.961838 -124.038818
569 1.406326 96.041016 -124.207581
570 3.340042 96.564865 -124.376328
571 2.109497 95.691772 -123.870056
572 2.109497 96.041016 -123.870056
573 1.054749 96.390244 -123.195007
574 1.582123 96.564865 -124.376328
575 2.285294 94.818665 -123.363770
576 2.461075 95.691772 -123.532532
577 2.109497 97.437973 -124.207581
578 1.582123 95.866394 -123.701294
579 2.461075 94.993286 -124.545090
580 3.340042 96.215637 -125.051376
581 1.054749 96.041016 -124.207581
582 1.757919 96.390244 -123.870056
583 1.406326 97.088730 -124.207581
584 1.757919 94.993286 -123.532532
585 1.582123 96.564865 -123.363770
586 2.285294 95.517151 -124.038818
587 2.285294 95.167908 -124.038818
588 0.878952 96.914108 -123.363770
589 1.230530 96.564865 -123.363770
590 2.109497 96.739487 -123.532532
591 1.582123 97.263351 -122.013687
592 1.582123 97.263351 -123.026245
593 1.406326 97.787216 -124.207581
594 1.757919 97.437973 -123.870056
595 1.054749 97.787216 -123.870056
596 2.109497 95.342529 -123.532532
597 0.878952 95.866394 -124.038818
598 1.582123 95.866394 -123.026245
599 1.933701 96.215637 -123.701294
600 1.582123 95.866394 -123.363770
601 1.054749 96.041016 -124.207581
602 0.703156 95.691772 -122.519974
603 1.757919 96.041016 -124.545090
604 2.461075 96.041016 -124.207581
605 2.461075 96.041016 -123.870056
606 2.109497 97.088730 -123.195007
607 0.703156 93.596329 -123.870056
608 1.933701 96.215637 -123.701294
609 1.757919 96.041016 -125.220139
610 1.054749 96.390244 -123.870056
611 1.757919 95.691772 -122.857498
612 -0.351593 96.041016 -122.857498
613 0.351578 96.390244 -123.870056
614 1.582123 96.564865 -124.038818
615 2.812668 97.787216 -123.532532
616 1.933701 96.564865 -124.038818
617 2.461075 94.993286 -124.207581
618 1.230530 96.564865 -123.363770
619 1.933701 96.914108 -124.038818
620 2.636871 96.215637 -124.376328
621 2.285294 95.167908 -124.038818
622 -0.175797 94.818665 -124.038818
623 3.515839 96.041016 -124.207581
624 1.054749 96.041016 -122.182449
625 0.000000 96.739487 -123.195007
626 1.933701 96.215637 -123.026245
627 2.636871 95.167908 -124.376328
628 1.933701 96.914108 -124.376328
629 2.636871 96.215637 -124.376328
630 1.933701 96.914108 -123.026245
631 1.933701 96.215637 -124.376328
632 0.878952 96.564865 -124.376328
633 0.878952 94.818665 -124.376328
634 1.582123 96.215637 -123.363770
635 1.054749 95.691772 -123.870056
636 2.109497 95.342529 -125.220139
637 2.109497 96.739487 -124.207581
638 1.054749 93.945572 -124.545090
639 1.406326 94.294815 -124.545090
640 2.461075 96.041016 -123.870056
641 0.878952 94.818665 -124.713852
642 0.878952 95.517151 -124.038818
643 1.582123 95.167908 -123.363770
644 0.703156 97.088730 -122.519974
645 2.812668 96.739487 -124.207581
646 1.757919 98.485687 -123.870056
647 1.933701 96.914108 -123.363770
648 2.636871 95.866394 -123.701294
649 0.527374 95.866394 -123.701294
650 1.757919 96.390244 -123.870056
651 1.406326 96.041016 -124.545090
652 1.406326 96.041016 -123.870056
653 1.933701 95.167908 -123.026245
654 1.406326 96.390244 -123.532532
655 1.757919 96.041016 -125.895172
656 2.988449 96.215637 -124.376328
657 1.582123 95.866394 -124.713852
658 0.878952 95.517151 -123.026245
659 0.351578 97.088730 -124.882614
660 2.285294 96.215637 -123.363770
661 1.230530 96.564865 -123.701294
662 2.285294 95.167908 -123.026245
663 0.878952 95.517151 -123.701294
664 2.636871 96.215637 -124.038818
665 2.109497 96.041016 -124.882614
666 2.285294 95.866394 -125.051376
667 2.461075 95.691772 -122.857498
668 2.285294 94.469437 -125.726410
669 1.582123 95.866394 -125.051376
670 1.933701 95.517151 -123.701294
671 2.285294 96.564865 -123.363770
672 2.285294 95.167908 -125.051376
673 2.988449 96.215637 -124.038818
674 3.164246 96.041016 -124.207581
675 2.109497 96.390244 -124.545090
676 1.582123 96.914108 -125.051376
677 1.582123 96.215637 -125.051376
678 2.285294 96.564865 -124.038818
679 2.461075 93.945572 -124.207581
680 2.461075 94.644043 -123.870056
681 1.757919 94.993286 -123.870056
682 1.406326 94.993286 -124.545090
683 0.878952 96.914108 -123.701294
684 0.703156 95.691772 -123.870056
685 1.933701 95.517151 -125.051376
686 2.285294 98.311066 -123.701294
687 1.230530 96.215637 -123.701294
688 0.527374 96.215637 -125.388901
689 1.230530 96.215637 -123.363770
690 2.109497 97.088730 -123.532532
691 0.703156 96.390244 -124.545090
692 1.582123 95.866394 -123.026245
693 -0.175797 97.263351 -125.051376
694 2.636871 95.167908 -124.376328
695 1.582123 95.866394 -124.038818
696 3.164246 93.945572 -124.882614
697 1.054749 96.390244 -123.532532
698 2.461075 96.390244 -124.545090
699 1.054749 96.739487 -124.882614
700 0.527374 95.517151 -124.713852
701 1.933701 97.263351 -123.701294
702 2.285294 95.167908 -124.713852
703 2.285294 95.517151 -124.376328
704 1.054749 96.739487 -124.207581
705 0.527374 95.167908 -123.363770
706 1.054749 96.390244 -124.207581
707 1.054749 96.390244 -123.532532
708 2.285294 94.818665 -124.038818
709 2.109497 96.390244 -124.882614
710 1.757919 95.691772 -124.207581
711 0.527374 97.612595 -124.038818
712 2.636871 95.866394 -123.363770
713 0.527374 97.263351 -123.701294
714 0.527374 97.263351 -124.713852
715 2.285294 96.564865 -123.701294
716 1.054749 97.088730 -124.207581
717 1.406326 98.136444 -122.857498
718 1.230530 96.914108 -123.363770
719 2.109497 94.993286 -125.220139
720 1.230530 95.866394 -124.376328
721 2.109497 96.739487 -123.532532
722 1.757919 95.691772 -124.545090
723 1.406326 96.041016 -124.882614
724 -0.175797 96.215637 -123.363770
725 1.054749 96.041016 -124.207581
726 1.582123 96.564865 -122.688736
727 3.691620 95.167908 -124.376328
728 2.285294 95.866394 -124.713852
729 1.406326 95.691772 -122.182449
730 1.230530 95.517151 -122.688736
731 0.878952 95.167908 -122.688736
732 1.582123 95.866394 -125.051376
733 1.054749 94.993286 -124.545090
734 1.757919 96.390244 -124.207581
735 1.230530 96.914108 -123.363770
736 1.406326 95.691772 -123.870056
737 1.757919 96.390244 -124.207581
738 0.878952 96.914108 -123.363770
739 0.878952 95.866394 -123.363770
740 0.351578 96.390244 -123.870056
741 1.230530 96.564865 -124.713852
742 0.878952 94.818665 -124.713852
743 1.582123 95.517151 -122.688736
744 2.109497 96.041016 -125.557663
745 1.230530 95.866394 -125.051376
746 0.878952 96.215637 -122.688736
747 1.406326 96.739487 -124.207581
748 1.230530 97.263351 -124.376328
749 0.703156 96.739487 -124.882614
750 1.582123 96.215637 -123.701294
751 1.406326 94.993286 -124.882614
752 1.582123 95.866394 -124.038818
753 0.878952 95.866394 -124.038818
754 3.340042 96.215637 -123.701294
755 1.054749 95.342529 -124.545090
756 2.636871 94.469437 -124.038818
757 0.527374 96.215637 -123.701294
758 1.054749 97.088730 -125.220139
759 0.878952 96.564865 -124.376328
760 1.757919 95.691772 -123.195007
761 1.230530 95.167908 -123.701294
762 2.109497 96.041016 -123.532532
763 0.351578 97.088730 -123.532532
764 2.636871 94.818665 -125.726410
765 1.933701 97.263351 -123.026245
766 2.285294 96.914108 -123.363770
767 2.109497 96.739487 -124.545090
768 2.109497 96.041016 -123.532532
769 1.757919 96.390244 -124.207581
770 2.109497 95.342529 -123.532532
771 2.285294 95.866394 -123.026245
772 2.636871 96.914108 -124.713852
773 1.933701 96.564865 -123.701294
774 2.812668 96.041016 -124.545090
775 1.757919 96.739487 -125.895172
776 1.582123 96.215637 -123.701294
777 3.164246 96.390244 -124.545090
778 1.406326 96.739487 -124.207581
779 1.757919 94.644043 -124.207581
780 1.582123 96.564865 -122.351212
781 0.878952 96.215637 -121.338654
782 2.812668 96.390244 -124.207581
783 2.109497 95.342529 -124.882614
784 1.230530 97.263351 -124.376328
785 2.636871 95.866394 -124.713852
786 1.230530 96.564865 -122.688736
787 2.109497 95.691772 -123.870056
788 2.988449 95.517151 -123.026245
789 0.878952 95.866394 -124.713852
790 2.109497 96.390244 -123.870056
791 0.703156 94.993286 -123.195007
792 2.812668 96.390244 -123.532532
793 2.285294 97.612595 -123.026245
794 1.933701 96.215637 -122.688736
795 1.933701 95.866394 -124.713852
796 1.054749 95.691772 -122.857498
797 0.703156 94.993286 -123.532532
798 2.461075 96.041016 -122.182449
799 1.933701 96.914108 -124.038818
800 1.582123 96.564865 -123.701294
801 1.230530 94.818665 -123.026245
802 -0.175797 96.914108 -123.363770
803 1.582123 95.866394 -123.026245
804 1.757919 95.691772 -123.870056
805 2.812668 95.691772 -124.882614
806 1.933701 95.517151 -124.038818
807 1.757919 95.691772 -123.870056
808 1.230530 96.914108 -123.363770
809 1.933701 96.215637 -123.026245
810 0.527374 95.167908 -123.701294
811 0.527374 95.866394 -123.363770
812 2.988449 95.866394 -124.038818
813 0.527374 95.517151 -123.026245
814 1.757919 95.691772 -123.870056
815 3.340042 95.866394 -122.688736
816 2.812668 97.088730 -122.519974
817 1.582123 96.914108 -125.051376
818 2.461075 96.390244 -123.195007
819 2.636871 94.818665 -122.351212
820 2.285294 95.517151 -124.038818
821 1.582123 94.818665 -122.351212
822 1.406326 95.691772 -123.870056
823 0.351578 95.691772 -124.207581
824 1.582123 95.517151 -123.701294
825 1.582123 96.215637 -125.051376
826 1.582123 96.564865 -123.026245
827 1.230530 95.866394 -124.713852
828 2.285294 95.866394 -124.376328
829 1.582123 96.215637 -124.713852
830 1.933701 95.866394 -124.038818
831 1.230530 96.215637 -124.038818
832 0.000000 96.041016 -122.519974
833 0.703156 95.342529 -123.870056
834 1.582123 95.517151 -123.363770
835 1.933701 95.866394 -123.363770
836 1.757919 96.390244 -123.532532
837 2.636871 95.866394 -123.026245
838 2.109497 94.993286 -124.207581
839 1.406326 96.041016 -124.207581
840 2.812668 95.691772 -123.532532
841 2.812668 96.041016 -123.870056
842 1.230530 95.517151 -124.038818
843 2.988449 95.866394 -124.038818
844 2.109497 94.993286 -123.870056
845 2.812668 96.041016 -124.545090
846 1.933701 95.167908 -123.026245
847 2.636871 94.818665 -124.038818
848 1.230530 95.517151 -123.363770
849 0.878952 96.564865 -124.038818
850 1.406326 96.041016 -123.532532
851 0.703156 96.041016 -122.857498
852 2.109497 98.136444 -124.207581
853 2.461075 94.993286 -122.857498
854 1.933701 94.818665 -124.376328
855 0.351578 96.739487 -124.207581
856 1.054749 96.041016 -124.545090
857 1.406326 96.390244 -123.195007
858 2.109497 96.041016 -123.870056
859 0.703156 96.390244 -122.857498
860 2.285294 95.517151 -124.038818
861 1.054749 97.088730 -123.195007
862 1.054749 96.041016 -124.207581
863 2.285294 96.564865 -123.701294
864 1.757919 95.691772 -123.870056
865 3.164246 95.342529 -124.545090
866 2.461075 96.739487 -123.870056
867 1.933701 95.167908 -124.376328
868 0.703156 96.390244 -121.507416
869 0.878952 95.517151 -123.026245
870 2.812668 96.390244 -124.207581
871 1.933701 96.564865 -123.363770
872 1.230530 96.215637 -124.376328
873 1.933701 95.167908 -124.376328
874 1.757919 96.390244 -123.532532
875 2.636871 96.564865 -123.026245
876 1.582123 95.517151 -125.051376
877 2.988449 96.215637 -123.363770
878 1.933701 96.564865 -123.363770
879 1.933701 94.818665 -124.038818
880 2.636871 96.914108 -124.376328
881 3.340042 95.517151 -123.701294
882 0.527374 96.215637 -123.701294
883 2.109497 95.342529 -123.532532
884 0.527374 96.215637 -124.713852
885 2.812668 96.739487 -123.870056
886 0.527374 95.517151 -122.688736
887 2.109497 96.739487 -124.882614
888 1.757919 96.041016 -124.207581
889 3.164246 94.644043 -124.207581
890 1.582123 95.517151 -124.038818
891 1.933701 94.120193 -124.376328
892 1.582123 96.914108 -125.051376
893 2.461075 96.390244 -124.207581
894 1.757919 96.739487 -123.532532
895 1.230530 95.517151 -123.363770
896 1.582123 96.215637 -123.026245
897 1.757919 94.993286 -124.207581
898 -0.175797 95.517151 -123.363770
899 1.757919 94.993286 -124.545090
900 2.109497 95.342529 -123.870056
901 1.230530 96.564865 -124.713852
902 1.757919 96.041016 -123.532532
903 1.582123 96.215637 -123.363770
904 1.582123 96.215637 -123.363770
905 1.230530 95.866394 -123.363770
906 -0.351593 96.041016 -123.870056
907 2.988449 95.866394 -123.701294
908 1.054749 96.041016 -123.870056
909 2.285294 95.167908 -124.038818
910 2.636871 96.914108 -122.351212
911 1.054749 94.644043 -123.532532
912 2.812668 95.691772 -124.207581
913 -0.351593 95.342529 -124.545090
914 2.461075 96.041016 -123.870056
915 1.933701 96.215637 -124.376328
916 1.582123 95.517151 -122.351212
917 1.582123 95.517151 -124.038818
918 2.109497 97.437973 -123.195007
919 2.285294 95.517151 -124.376328
920 2.461075 95.342529 -125.220139
921 1.933701 95.517151 -124.038818
922 2.461075 95.342529 -124.207581
923 1.757919 93.945572 -123.532532
924 1.933701 95.167908 -123.701294
925 1.933701 96.564865 -123.701294
926 2.636871 96.215637 -123.701294
927 0.878952 95.866394 -123.363770
928 1.406326 95.691772 -123.532532
929 0.878952 96.215637 -124.038818
930 2.109497 94.644043 -123.870056
931 1.054749 95.342529 -123.532532
932 1.757919 94.993286 -123.870056
933 2.285294 96.914108 -124.038818
934 2.285294 96.215637 -124.038818
935 1.933701 96.914108 -123.026245
936 1.230530 96.215637 -124.038818
937 1.230530 96.564865 -123.363770
938 1.406326 95.691772 -123.532532
939 2.109497 95.691772 -123.195007
940 1.054749 94.644043 -125.220139
941 1.757919 96.041016 -123.532532
942 2.109497 95.691772 -124.545090
943 2.285294 96.215637 -122.351212
944 0.527374 95.517151 -124.376328
945 2.636871 96.564865 -122.688736
946 2.285294 95.866394 -124.038818
947 1.054749 96.390244 -122.857498
948 1.582123 93.770950 -125.051376
949 0.527374 95.517151 -123.363770
950 1.230530 94.120193 -125.051376
951 1.933701 94.469437 -124.038818
952 1.757919 94.294815 -123.532532
953 1.582123 95.167908 -123.701294
954 0.703156 94.644043 -123.870056
955 2.285294 95.866394 -125.051376
956 0.703156 96.041016 -124.882614
957 0.878952 95.517151 -125.388901
958 1.406326 95.342529 -125.220139
959 1.054749 96.041016 -124.882614
960 0.878952 95.167908 -124.376328
961 2.812668 96.739487 -122.857498
962 0.703156 96.390244 -124.207581
963 1.757919 96.041016 -123.532532
964 1.757919 95.691772 -125.220139
965 1.933701 95.866394 -123.026245
966 2.988449 96.215637 -123.363770
967 0.000000 95.691772 -123.870056
968 0.878952 96.564865 -124.376328
969 2.812668 95.691772 -123.870056
970 1.230530 95.517151 -125.388901
971 2.109497 96.390244 -125.557663
972 2.109497 96.739487 -123.870056
973 1.582123 97.612595 -124.376328
974 2.636871 95.167908 -124.713852
975 2.109497 96.739487 -124.207581
976 2.812668 94.993286 -123.870056
977 1.230530 96.564865 -123.026245
978 1.230530 96.914108 -123.701294
979 1.230530 95.866394 -123.701294
980 1.230530 95.517151 -124.713852
981 2.109497 95.691772 -124.207581
982 1.933701 96.215637 -123.701294
983 1.054749 96.739487 -124.207581
984 2.109497 96.739487 -124.882614
985 2.285294 95.167908 -124.376328
986 2.109497 94.644043 -124.207581
987 1.933701 96.564865 -123.026245
988 2.285294 95.866394 -124.376328
989 0.703156 96.041016 -124.882614
990 1.933701 95.167908 -124.376328
991 2.109497 97.088730 -123.870056
992 2.109497 95.342529 -123.870056
993 1.933701 96.564865 -123.026245
994 1.757919 96.390244 -123.870056
995 2.285294 96.914108 -124.713852
996 1.933701 95.866394 -124.038818
997 0.878952 96.914108 -124.038818
998 2.109497 97.437973 -122.857498
999 1.582123 96.914108 -123.701294
1000 2.636871 97.263351 -123.026245
1001 1.406326 96.390244 -122.519974
1002 2.461075 96.739487 -124.882614
1003 2.636871 95.866394 -124.038818
1004 0.703156 96.041016 -123.870056
1005 2.461075 95.691772 -125.220139
1006 2.461075 95.691772 -124.882614
1007 1.582123 96.564865 -122.351212
1008 2.109497 95.342529 -123.195007
1009 2.109497 96.739487 -123.870056
1010 1.582123 95.866394 -124.713852
1011 2.285294 95.517151 -124.376328
1012 2.109497 94.993286 -123.195007
1013 1.582123 95.517151 -125.051376
1014 0.703156 96.041016 -123.870056
1015 2.109497 95.342529 -124.545090
1016 1.054749 96.041016 -122.182449
1017 2.988449 95.167908 -124.376328
1018 1.230530 96.215637 -123.701294
1019 1.757919 96.041016 -124.545090
1020 0.351578 94.993286 -122.519974
1021 1.230530 95.866394 -124.713852
1022 2.285294 95.517151 -123.363770
1023 1.582123 95.517151 -124.038818
1024 1.406326 94.993286 -124.882614
1025 2.812668 97.088730 -124.882614
1026 2.461075 96.041016 -124.882614
1027 1.757919 96.739487 -124.545090
1028 0.703156 96.390244 -124.545090
1029 2.636871 95.517151 -124.713852
1030 1.582123 95.167908 -123.701294
