1 1.230530 96.215637 -123.701294
2 0.000000 94.993286 -122.519974
3 1.933701 95.866394 -125.726410
4 1.406326 94.993286 -124.545090
5 1.054749 96.390244 -124.207581
6 1.230530 95.866394 -124.376328
7 1.054749 96.041016 -124.882614
8 1.757919 96.041016 -121.844925
9 0.878952 95.167908 -123.026245
10 1.406326 94.644043 -124.882614
11 1.757919 96.041016 -123.195007
12 3.515839 96.390244 -124.545090
13 2.109497 95.342529 -124.882614
14 2.812668 97.088730 -123.532532
15 1.406326 96.390244 -123.532532
16 0.878952 96.564865 -124.376328
17 1.054749 97.437973 -124.545090
18 2.109497 94.993286 -122.857498
19 3.164246 96.739487 -125.895172
20 1.582123 95.517151 -124.713852
21 1.933701 95.517151 -124.038818
22 0.878952 94.469437 -123.026245
23 1.582123 97.612595 -123.363770
24 1.582123 97.263351 -124.038818
25 1.054749 96.041016 -123.870056
26 0.175781 95.517151 -125.051376
27 -0.878967 95.866394 -125.388901
28 1.230530 94.818665 -123.026245
29 2.285294 97.263351 -124.713852
30 0.351578 96.390244 -124.882614
31 1.582123 96.215637 -122.688736
32 1.582123 95.167908 -125.051376
33 2.109497 97.088730 -121.507416
34 0.878952 96.914108 -123.363770
35 1.757919 96.739487 -124.882614
36 1.757919 95.691772 -123.870056
37 0.527374 96.215637 -125.051376
38 1.230530 95.517151 -123.026245
39 1.406326 96.390244 -124.882614
40 1.406326 96.390244 -122.857498
41 0.703156 97.787216 -123.870056
42 1.230530 94.818665 -123.701294
43 1.933701 96.215637 -125.388901
44 3.515839 94.993286 -124.207581
45 2.636871 96.564865 -125.388901
46 2.812668 94.993286 -123.532532
47 1.406326 95.691772 -124.207581
48 2.109497 97.088730 -123.870056
49 1.054749 96.041016 -123.532532
50 0.351578 94.993286 -125.220139
51 0.351578 94.993286 -123.532532
52 1.406326 94.993286 -124.545090
53 2.109497 96.390244 -124.882614
54 1.582123 96.564865 -123.363770
55 1.054749 96.390244 -124.882614
56 1.757919 94.294815 -122.182449
57 1.933701 95.167908 -124.376328
58 1.757919 95.691772 -124.207581
59 1.582123 94.818665 -124.713852
60 2.461075 96.390244 -124.882614
61 2.285294 94.818665 -122.351212
62 1.230530 94.818665 -124.376328
63 0.175781 95.517151 -123.363770
64 1.582123 96.564865 -124.376328
65 2.461075 95.691772 -124.545090
66 0.351578 95.691772 -125.895172
67 0.527374 96.564865 -124.038818
68 1.582123 94.469437 -123.701294
69 0.527374 95.866394 -123.363770
70 0.527374 96.914108 -124.713852
71 2.988449 96.564865 -124.376328
72 2.988449 94.818665 -124.038818
73 1.230530 97.612595 -123.701294
74 0.878952 96.914108 -124.038818
75 2.461075 96.041016 -124.545090
76 1.406326 96.041016 -124.545090
77 0.878952 94.120193 -124.376328
78 0.351578 95.342529 -125.557663
79 1.230530 96.564865 -124.038818
80 0.175781 95.517151 -124.713852
81 1.582123 95.167908 -125.051376
82 1.406326 96.739487 -124.545090
83 0.175781 95.167908 -124.713852
84 0.703156 96.041016 -124.207581
85 2.285294 95.517151 -124.038818
86 1.230530 96.564865 -125.388901
87 2.109497 96.041016 -123.870056
88 1.582123 95.517151 -124.713852
89 0.351578 96.041016 -123.532532
90 1.406326 96.041016 -125.220139
91 0.703156 97.088730 -125.557663
92 0.527374 95.517151 -123.701294
93 1.933701 95.866394 -123.026245
94 0.878952 95.167908 -123.701294
95 1.230530 94.469437 -124.038818
96 1.582123 95.167908 -123.363770
97 1.054749 95.342529 -124.207581
98 1.406326 94.294815 -124.545090
99 1.757919 96.041016 -123.870056
100 -0.703171 96.739487 -123.870056
101 2.285294 95.517151 -123.363770
102 1.582123 94.818665 -124.376328
103 1.757919 96.390244 -124.207581
104 2.636871 95.517151 -123.363770
105 1.406326 96.390244 -125.220139
106 1.933701 95.167908 -124.038818
107 1.054749 95.342529 -124.545090
108 1.406326 96.041016 -124.545090
109 1.406326 95.691772 -125.220139
110 1.582123 96.215637 -124.038818
111 1.406326 96.390244 -123.195007
112 1.230530 95.517151 -125.388901
113 1.757919 94.993286 -124.882614
114 2.988449 95.517151 -123.363770
115 -0.175797 95.866394 -124.038818
116 1.933701 96.215637 -123.701294
117 2.285294 94.818665 -123.363770
118 0.878952 95.517151 -123.363770
119 1.230530 95.167908 -125.388901
120 0.351578 96.739487 -124.207581
121 0.703156 94.993286 -124.207581
122 2.285294 95.517151 -123.701294
123 0.703156 96.041016 -124.207581
124 2.636871 95.167908 -123.363770
125 0.527374 96.215637 -125.388901
126 2.461075 95.342529 -124.207581
127 1.933701 96.215637 -123.701294
128 1.933701 95.517151 -124.038818
129 1.230530 95.167908 -125.726410
130 1.230530 95.517151 -124.038818
131 2.636871 96.564865 -124.713852
132 0.878952 95.866394 -123.363770
133 1.582123 94.120193 -123.701294
134 1.933701 95.866394 -124.038818
135 0.878952 96.564865 -123.701294
136 1.933701 96.215637 -123.026245
137 1.757919 96.041016 -124.207581
138 0.878952 95.866394 -123.363770
139 1.230530 95.167908 -125.051376
140 1.230530 95.866394 -124.713852
141 1.406326 96.739487 -124.207581
142 2.109497 96.390244 -124.207581
143 1.054749 95.342529 -125.220139
144 1.757919 94.993286 -123.532532
145 1.054749 97.088730 -124.207581
146 0.527374 95.866394 -124.038818
147 1.933701 95.866394 -123.701294
148 1.054749 96.739487 -124.545090
149 0.703156 94.644043 -125.895172
150 -0.351593 96.390244 -123.870056
151 1.582123 96.215637 -124.038818
152 1.230530 96.914108 -123.026245
153 1.406326 95.342529 -124.545090
154 1.757919 94.294815 -125.220139
155 1.757919 96.739487 -123.532532
156 1.933701 96.215637 -124.376328
157 1.757919 96.041016 -124.207581
158 1.054749 95.691772 -123.532532
159 2.109497 96.390244 -124.207581
160 1.582123 97.263351 -123.701294
161 1.757919 94.644043 -123.870056
162 1.230530 94.120193 -124.376328
163 1.230530 95.517151 -124.038818
164 1.757919 95.691772 -124.882614
165 1.406326 96.390244 -124.545090
166 0.703156 96.739487 -124.207581
167 0.527374 97.263351 -124.713852
168 0.878952 94.818665 -123.363770
169 1.230530 95.866394 -123.701294
170 0.878952 96.215637 -124.376328
171 0.878952 94.120193 -124.038818
172 2.109497 96.041016 -123.870056
173 1.582123 95.517151 -123.363770
174 1.406326 94.294815 -123.532532
175 2.988449 94.818665 -123.701294
176 1.757919 94.993286 -123.870056
177 1.582123 96.914108 -124.376328
178 1.757919 96.041016 -124.882614
179 2.636871 96.215637 -123.701294
180 1.582123 95.167908 -124.376328
181 2.812668 94.993286 -123.532532
182 0.878952 95.866394 -125.051376
183 2.461075 95.342529 -125.220139
184 1.406326 94.294815 -125.220139
185 0.878952 94.469437 -124.713852
186 1.757919 95.691772 -124.207581
187 1.054749 96.739487 -123.532532
188 1.757919 96.041016 -124.207581
189 2.461075 95.691772 -125.220139
190 2.109497 96.041016 -123.532532
191 1.406326 96.739487 -124.207581
192 1.757919 96.041016 -125.220139
193 1.406326 95.691772 -124.545090
194 1.230530 95.866394 -124.376328
195 0.351578 96.041016 -124.545090
196 2.285294 96.215637 -123.701294
197 1.406326 95.691772 -122.857498
198 1.054749 96.739487 -122.857498
199 2.109497 96.041016 -124.207581
200 2.109497 95.691772 -124.207581
201 1.406326 95.342529 -124.882614
202 0.351578 96.390244 -124.882614
203 2.988449 95.866394 -124.713852
204 0.878952 96.215637 -124.376328
205 1.054749 95.342529 -124.207581
206 1.230530 95.866394 -122.351212
207 1.582123 95.167908 -124.376328
208 1.406326 97.088730 -123.870056
209 0.175781 94.818665 -123.363770
210 1.406326 95.342529 -124.207581
211 1.933701 94.120193 -124.038818
212 1.933701 97.612595 -124.038818
213 1.230530 96.914108 -123.363770
214 0.878952 96.215637 -124.376328
215 1.582123 95.517151 -123.363770
216 2.636871 94.818665 -124.376328
217 2.461075 95.691772 -123.870056
218 1.933701 96.564865 -123.701294
219 1.406326 94.993286 -124.545090
220 0.351578 96.390244 -122.857498
221 1.406326 95.691772 -125.220139
222 1.230530 96.215637 -124.376328
223 1.933701 95.517151 -123.701294
224 1.406326 96.041016 -124.207581
225 1.582123 95.517151 -124.376328
226 1.933701 95.167908 -123.701294
227 1.757919 94.993286 -124.882614
228 0.527374 95.167908 -123.701294
229 1.933701 96.564865 -123.026245
230 0.527374 94.818665 -123.363770
231 1.582123 95.167908 -124.038818
232 1.230530 95.167908 -124.038818
233 1.054749 93.945572 -123.195007
234 1.582123 96.914108 -123.363770
235 3.340042 95.167908 -124.376328
236 1.230530 95.866394 -124.038818
237 1.933701 96.914108 -125.388901
238 2.636871 95.517151 -124.038818
239 1.406326 96.041016 -124.207581
240 1.757919 95.342529 -124.545090
241 1.406326 96.390244 -123.195007
242 0.175781 96.215637 -124.713852
243 2.636871 95.167908 -124.376328
244 1.582123 94.469437 -123.701294
245 1.406326 94.644043 -122.857498
246 1.230530 96.564865 -123.363770
247 2.461075 94.993286 -123.870056
248 0.351578 97.088730 -124.207581
249 1.054749 96.390244 -123.870056
250 1.582123 96.564865 -125.388901
251 1.054749 94.294815 -123.532532
252 1.406326 96.739487 -123.532532
253 1.406326 94.644043 -123.195007
254 1.582123 95.167908 -124.376328
255 0.527374 96.564865 -124.376328
256 1.757919 94.993286 -122.182449
257 1.933701 94.818665 -123.363770
258 1.933701 95.517151 -123.363770
259 0.703156 95.691772 -124.545090
260 1.230530 97.612595 -125.726410
261 2.109497 96.041016 -123.870056
262 2.109497 95.342529 -123.870056
263 0.703156 96.739487 -123.532532
264 2.109497 94.993286 -124.207581
265 1.933701 94.818665 -123.363770
266 1.230530 95.517151 -122.688736
267 1.933701 96.215637 -124.038818
268 1.230530 95.167908 -124.038818
269 2.109497 97.088730 -124.882614
270 1.230530 95.167908 -123.363770
271 2.285294 95.866394 -124.038818
272 1.582123 95.517151 -124.376328
273 1.406326 95.342529 -123.195007
274 1.406326 95.342529 -124.882614
275 0.175781 95.866394 -122.688736
276 1.054749 96.390244 -125.557663
277 1.054749 96.739487 -123.532532
278 1.054749 95.691772 -124.545090
279 0.878952 95.866394 -123.363770
280 1.230530 95.167908 -124.376328
281 2.109497 96.739487 -124.545090
282 1.582123 95.517151 -123.363770
283 2.636871 95.866394 -123.363770
284 0.351578 96.739487 -123.870056
285 1.582123 95.866394 -123.701294
286 1.582123 96.564865 -125.388901
287 2.285294 95.866394 -123.363770
288 0.878952 96.215637 -122.013687
289 0.878952 95.866394 -122.351212
290 1.406326 95.342529 -125.220139
291 0.703156 96.041016 -123.532532
292 1.406326 95.342529 -124.882614
293 1.757919 96.739487 -124.882614
294 2.285294 95.866394 -123.363770
295 1.230530 95.167908 -124.376328
296 2.109497 94.993286 -124.882614
297 1.933701 96.564865 -125.051376
298 2.109497 95.691772 -124.545090
299 3.340042 94.469437 -124.376328
300 2.285294 96.215637 -123.701294
301 2.636871 94.818665 -125.388901
302 1.054749 94.993286 -124.207581
303 2.461075 95.691772 -125.557663
304 0.878952 95.517151 -124.713852
305 1.757919 94.993286 -124.207581
306 2.461075 95.691772 -123.532532
307 1.230530 95.866394 -125.726410
308 2.285294 94.818665 -124.038818
309 2.109497 95.342529 -123.870056
310 0.351578 96.739487 -123.195007
311 1.406326 95.691772 -124.882614
312 2.988449 96.215637 -123.363770
313 1.582123 95.866394 -124.038818
314 2.109497 95.691772 -124.545090
315 0.878952 96.215637 -123.701294
316 1.230530 95.167908 -124.376328
317 2.285294 94.120193 -124.038818
318 1.582123 96.564865 -125.388901
319 1.406326 94.644043 -124.207581
320 2.109497 95.342529 -124.207581
321 2.109497 94.644043 -123.532532
322 1.933701 96.564865 -123.701294
323 1.582123 95.866394 -123.363770
324 3.340042 96.564865 -124.713852
325 0.527374 95.866394 -124.713852
326 2.812668 95.691772 -124.882614
327 1.757919 96.390244 -125.220139
328 0.000000 94.294815 -124.882614
329 0.000000 95.691772 -122.519974
330 1.406326 95.342529 -123.532532
331 2.109497 96.390244 -123.870056
332 2.285294 96.215637 -124.376328
333 2.461075 95.691772 -125.220139
334 1.582123 95.866394 -124.376328
335 1.406326 96.041016 -124.207581
336 1.406326 95.691772 -124.545090
337 0.175781 95.866394 -123.363770
338 0.703156 95.691772 -125.220139
339 1.406326 96.390244 -124.207581
340 1.757919 96.041016 -123.195007
341 1.933701 95.517151 -125.388901
342 1.054749 96.041016 -123.195007
343 0.878952 96.215637 -122.688736
344 3.164246 95.691772 -124.545090
345 2.461075 95.342529 -124.207581
346 2.109497 94.644043 -124.207581
347 0.878952 95.167908 -123.701294
348 1.582123 97.263351 -123.363770
349 2.109497 96.739487 -124.545090
350 3.515839 96.041016 -124.545090
351 1.757919 96.739487 -124.207581
352 1.933701 95.517151 -122.688736
353 2.109497 95.342529 -122.519974
354 1.933701 96.215637 -123.701294
355 2.285294 95.167908 -125.051376
356 1.582123 95.866394 -124.376328
357 0.878952 95.517151 -124.713852
358 1.230530 95.866394 -125.051376
359 0.527374 96.215637 -123.363770
360 1.406326 96.739487 -122.857498
361 2.812668 94.993286 -123.870056
362 1.406326 95.342529 -123.870056
363 1.406326 97.088730 -124.545090
364 1.406326 96.041016 -123.532532
365 1.757919 94.993286 -123.195007
366 1.054749 96.041016 -124.207581
367 1.054749 94.993286 -123.870056
368 1.406326 96.739487 -124.545090
369 1.406326 96.041016 -123.870056
370 1.933701 96.215637 -123.701294
371 1.757919 96.041016 -123.195007
372 1.406326 94.993286 -123.870056
373 2.812668 94.993286 -123.870056
374 -0.175797 96.215637 -124.376328
375 2.285294 95.517151 -124.376328
376 2.461075 95.691772 -123.195007
377 1.582123 96.215637 -124.038818
378 1.582123 96.914108 -122.688736
379 1.230530 95.517151 -124.713852
380 1.757919 96.041016 -124.207581
381 0.878952 94.120193 -124.713852
382 2.109497 95.342529 -124.207581
383 1.406326 96.041016 -123.195007
384 1.406326 94.993286 -124.207581
385 2.461075 95.691772 -123.870056
386 0.527374 95.517151 -124.713852
387 1.582123 95.517151 -124.038818
388 1.054749 96.390244 -123.532532
389 2.109497 96.041016 -124.207581
390 1.406326 97.437973 -124.545090
391 1.757919 96.390244 -123.195007
392 1.230530 96.564865 -124.376328
393 0.703156 95.691772 -123.870056
394 2.109497 95.691772 -124.545090
395 0.703156 96.041016 -123.532532
396 1.406326 94.993286 -124.207581
397 1.933701 96.564865 -124.376328
398 1.757919 95.342529 -123.870056
399 1.054749 95.342529 -124.882614
400 0.527374 95.167908 -123.701294
401 0.351578 96.041016 -124.207581
402 2.285294 94.120193 -124.376328
403 2.109497 94.993286 -123.532532
404 1.406326 94.644043 -124.207581
405 1.933701 95.517151 -123.701294
406 2.109497 94.644043 -124.545090
407 1.757919 97.437973 -123.532532
408 0.527374 95.866394 -124.376328
409 1.757919 95.691772 -123.870056
410 1.582123 95.866394 -124.376328
411 1.230530 96.564865 -125.051376
412 1.757919 95.691772 -123.870056
413 1.757919 96.739487 -125.557663
414 1.406326 97.437973 -123.195007
415 1.230530 96.215637 -123.363770
416 0.351578 96.041016 -124.545090
417 2.109497 94.294815 -123.532532
418 2.812668 95.342529 -124.207581
419 0.351578 97.088730 -123.870056
420 1.406326 96.041016 -125.557663
421 1.582123 95.167908 -123.363770
422 1.582123 96.215637 -125.388901
423 1.406326 94.993286 -123.532532
424 1.757919 95.691772 -123.870056
425 2.109497 95.342529 -125.557663
426 0.878952 95.517151 -125.726410
427 1.054749 96.390244 -124.207581
428 1.406326 96.739487 -123.195007
429 2.285294 96.215637 -124.376328
430 2.285294 95.866394 -124.713852
431 0.175781 96.564865 -124.376328
432 2.461075 96.041016 -124.882614
433 1.582123 94.818665 -124.713852
434 1.933701 95.866394 -124.038818
435 0.351578 96.041016 -123.870056
436 0.878952 94.469437 -124.038818
437 0.527374 94.469437 -124.713852
438 2.636871 96.215637 -125.051376
439 1.933701 96.564865 -123.701294
440 1.230530 95.517151 -124.038818
441 0.175781 95.167908 -124.376328
442 1.582123 95.517151 -123.701294
443 1.406326 96.390244 -124.545090
444 1.582123 96.215637 -124.038818
445 1.582123 95.167908 -124.038818
446 0.527374 95.167908 -123.701294
447 0.351578 94.993286 -124.882614
448 1.406326 97.088730 -124.545090
449 1.230530 96.215637 -123.363770
450 1.582123 94.120193 -123.026245
451 3.340042 96.564865 -124.038818
452 0.703156 97.088730 -123.870056
453 1.933701 96.564865 -124.713852
454 3.340042 94.469437 -124.713852
455 3.340042 97.263351 -124.713852
456 1.230530 96.215637 -123.363770
457 2.285294 96.564865 -124.713852
458 2.285294 95.517151 -124.038818
459 1.757919 96.041016 -124.545090
460 2.461075 96.041016 -124.545090
461 2.461075 96.041016 -124.207581
462 -0.175797 96.215637 -124.038818
463 2.812668 96.041016 -124.882614
464 2.812668 95.691772 -123.870056
465 2.285294 95.866394 -124.713852
466 0.351578 96.739487 -123.195007
467 2.109497 96.390244 -124.545090
468 1.933701 97.612595 -122.013687
469 -0.175797 96.215637 -124.038818
470 1.757919 94.993286 -124.545090
471 0.175781 94.818665 -123.363770
472 3.164246 95.691772 -124.207581
473 3.340042 94.818665 -122.351212
474 1.582123 96.215637 -123.701294
475 1.406326 96.739487 -124.545090
476 1.230530 96.215637 -123.363770
477 1.757919 95.342529 -122.519974
478 1.757919 94.644043 -123.195007
479 0.703156 95.342529 -123.532532
480 1.757919 94.294815 -124.545090
481 1.054749 95.691772 -123.870056
482 1.933701 95.866394 -123.701294
483 1.230530 94.818665 -124.376328
484 1.054749 94.993286 -123.532532
485 2.988449 95.517151 -124.713852
486 0.175781 96.215637 -123.026245
487 0.703156 96.390244 -122.857498
488 1.406326 96.739487 -124.207581
489 1.406326 94.644043 -123.870056
490 1.933701 94.469437 -124.376328
491 2.461075 94.294815 -123.195007
492 1.757919 95.691772 -122.519974
493 3.164246 96.390244 -125.895172
494 1.933701 95.167908 -124.038818
495 1.757919 96.041016 -123.870056
496 2.461075 95.342529 -122.519974
497 1.406326 97.088730 -124.207581
498 1.406326 95.691772 -124.207581
499 2.636871 95.866394 -124.376328
500 1.582123 95.517151 -125.051376
501 1.230530 94.818665 -123.701294
502 2.109497 96.041016 -123.195007
503 2.285294 95.866394 -123.701294
504 1.054749 95.691772 -123.870056
505 1.054749 96.739487 -122.857498
506 1.230530 96.564865 -124.376328
507 0.703156 97.088730 -122.857498
508 0.527374 96.215637 -123.701294
509 2.109497 95.691772 -124.545090
510 1.582123 96.215637 -123.701294
511 2.812668 95.342529 -123.532532
512 1.933701 97.263351 -123.701294
513 0.527374 95.517151 -124.713852
514 3.691620 95.517151 -124.376328
515 0.527374 95.866394 -123.701294
516 2.988449 96.215637 -123.701294
517 1.054749 94.993286 -125.220139
518 1.582123 94.120193 -124.038818
519 1.757919 95.691772 -124.207581
520 3.164246 95.342529 -123.532532
521 1.406326 96.390244 -122.857498
522 0.703156 97.088730 -123.870056
523 2.461075 94.993286 -124.207581
524 2.636871 95.167908 -123.363770
525 0.527374 96.564865 -124.376328
526 0.527374 95.866394 -124.713852
527 0.527374 94.469437 -125.726410
528 0.000000 95.342529 -124.545090
529 2.988449 95.517151 -123.701294
530 0.527374 96.564865 -123.026245
531 2.109497 95.342529 -123.195007
532 0.175781 96.215637 -123.701294
533 1.582123 95.517151 -123.026245
534 2.636871 95.167908 -123.363770
535 0.000000 94.993286 -125.557663
536 1.054749 96.390244 -123.870056
537 1.582123 96.215637 -124.713852
538 0.527374 95.517151 -124.376328
539 0.703156 95.691772 -123.195007
540 1.054749 96.739487 -124.207581
541 0.527374 97.263351 -124.713852
542 1.757919 96.739487 -123.870056
543 1.054749 94.644043 -123.532532
544 1.933701 95.167908 -123.363770
545 2.285294 96.914108 -123.026245
546 1.054749 95.691772 -123.532532
547 0.175781 94.120193 -123.363770
548 1.406326 96.041016 -124.545090
549 1.054749 96.390244 -123.532532
550 1.933701 95.517151 -122.688736
551 1.933701 95.517151 -124.038818
552 2.285294 96.564865 -124.038818
553 2.285294 95.866394 -124.038818
554 0.000000 96.390244 -123.870056
555 0.878952 94.818665 -124.376328
556 2.636871 95.866394 -124.713852
557 1.582123 96.215637 -124.713852
558 1.582123 95.167908 -124.376328
559 2.636871 96.914108 -124.038818
560 3.691620 96.215637 -123.026245
561 0.878952 96.564865 -123.026245
562 2.109497 95.342529 -124.207581
563 1.406326 96.739487 -124.882614
564 1.757919 94.294815 -123.195007
565 1.230530 94.469437 -124.713852
566 0.527374 95.517151 -125.051376
567 1.933701 95.167908 -123.363770
568 0.878952 94.469437 -124.376328
569 0.703156 94.644043 -124.882614
570 1.054749 96.390244 -124.207581
571 1.757919 96.041016 -123.532532
572 2.285294 96.914108 -123.363770
573 0.351578 96.390244 -124.545090
574 1.406326 94.993286 -123.870056
575 1.757919 96.739487 -124.207581
576 0.527374 95.517151 -124.713852
577 0.703156 96.390244 -124.207581
578 1.230530 95.866394 -123.363770
579 1.406326 96.739487 -124.207581
580 1.933701 95.866394 -123.026245
581 0.878952 96.215637 -122.688736
582 2.285294 95.517151 -124.038818
583 0.703156 95.342529 -124.207581
584 2.285294 96.564865 -124.038818
585 0.878952 96.215637 -124.038818
586 0.703156 95.342529 -124.882614
587 0.878952 94.818665 -124.376328
588 0.703156 96.390244 -124.207581
589 1.230530 95.167908 -123.026245
590 2.461075 94.993286 -122.857498
591 2.461075 94.993286 -124.882614
592 2.109497 94.644043 -125.220139
593 1.582123 95.866394 -122.351212
594 0.351578 96.390244 -124.545090
595 1.757919 96.041016 -123.870056
596 1.230530 95.517151 -122.688736
597 0.527374 95.866394 -124.376328
598 1.230530 95.167908 -123.363770
599 1.757919 96.390244 -122.857498
600 2.109497 96.739487 -123.532532
601 1.406326 94.993286 -125.557663
602 1.933701 96.914108 -124.038818
603 1.933701 95.517151 -122.351212
604 2.285294 96.215637 -124.376328
605 1.230530 97.263351 -123.701294
606 1.933701 96.215637 -125.388901
607 1.933701 95.167908 -124.713852
608 1.054749 95.691772 -123.532532
609 1.582123 96.215637 -125.388901
610 2.285294 96.215637 -124.376328
611 2.109497 95.691772 -124.545090
612 2.109497 95.342529 -124.545090
613 2.109497 96.390244 -123.532532
614 1.054749 96.041016 -121.844925
615 1.933701 94.818665 -123.701294
616 1.054749 94.294815 -123.532532
617 2.109497 95.342529 -123.195007
618 1.406326 95.691772 -124.545090
619 2.109497 96.041016 -123.195007
620 1.582123 95.866394 -124.376328
621 0.527374 95.167908 -123.701294
622 1.933701 94.818665 -123.026245
623 1.582123 96.215637 -123.701294
624 2.461075 95.691772 -124.207581
625 2.636871 96.215637 -124.376328
626 2.285294 97.263351 -124.713852
627 2.988449 95.167908 -124.038818
628 2.109497 95.691772 -124.545090
629 1.582123 95.517151 -124.038818
630 1.230530 94.818665 -123.701294
631 0.351578 96.041016 -124.882614
632 0.878952 95.517151 -125.051376
633 0.703156 96.739487 -124.545090
634 0.703156 95.342529 -123.195007
635 2.285294 96.215637 -124.038818
636 2.988449 96.215637 -124.038818
637 1.406326 94.294815 -124.207581
638 1.230530 96.914108 -124.038818
639 2.109497 94.644043 -123.870056
640 0.878952 96.215637 -123.701294
641 1.582123 94.469437 -123.363770
642 1.406326 96.739487 -123.870056
643 1.582123 95.866394 -123.363770
644 1.582123 95.866394 -124.376328
645 1.582123 96.215637 -123.026245
646 3.164246 96.041016 -124.882614
647 1.933701 95.866394 -124.038818
648 1.406326 95.691772 -125.557663
649 2.285294 97.612595 -124.376328
650 1.406326 95.342529 -124.545090
651 1.582123 95.517151 -124.713852
652 1.230530 97.263351 -122.351212
653 1.582123 96.215637 -124.713852
654 1.406326 97.088730 -125.220139
655 1.582123 95.866394 -123.026245
656 1.406326 96.041016 -124.207581
657 1.582123 95.517151 -123.701294
658 1.582123 94.120193 -124.713852
659 1.230530 94.818665 -123.701294
660 1.054749 96.739487 -123.870056
661 1.757919 94.993286 -124.545090
662 1.757919 95.342529 -123.870056
663 3.164246 96.739487 -124.207581
664 2.461075 96.390244 -121.844925
665 2.109497 96.390244 -124.207581
666 1.054749 94.294815 -124.207581
667 2.461075 94.644043 -122.519974
668 2.988449 95.517151 -125.051376
669 2.285294 95.866394 -124.376328
670 1.582123 96.215637 -122.688736
671 0.527374 96.914108 -124.038818
672 0.351578 96.041016 -124.882614
673 3.164246 96.390244 -124.545090
674 1.406326 94.294815 -124.545090
675 1.054749 95.691772 -123.532532
676 2.109497 95.691772 -123.870056
677 1.933701 95.167908 -125.051376
678 1.230530 95.517151 -124.038818
679 1.406326 96.041016 -124.882614
680 2.285294 95.517151 -124.376328
681 1.933701 95.866394 -124.038818
682 2.109497 94.993286 -122.857498
683 0.351578 97.088730 -124.207581
684 1.582123 95.167908 -123.026245
685 1.582123 96.215637 -125.051376
686 1.757919 96.041016 -123.195007
687 1.757919 96.041016 -123.532532
688 1.054749 95.342529 -124.545090
689 1.757919 95.342529 -123.195007
690 2.285294 96.215637 -124.038818
691 0.703156 96.390244 -124.545090
692 0.351578 96.390244 -122.519974
693 1.230530 96.914108 -123.701294
694 0.527374 97.263351 -124.376328
695 1.054749 96.041016 -123.870056
696 2.812668 97.088730 -124.207581
697 2.461075 95.342529 -123.870056
698 2.285294 95.866394 -124.038818
699 1.757919 94.993286 -123.532532
700 2.636871 95.866394 -124.038818
701 1.054749 96.390244 -123.532532
702 0.703156 96.390244 -122.182449
703 1.406326 96.390244 -124.882614
704 1.406326 96.390244 -123.195007
705 1.582123 95.517151 -123.701294
706 0.878952 96.215637 -124.038818
707 1.582123 95.167908 -124.038818
708 1.230530 96.564865 -123.701294
709 -0.175797 95.517151 -125.051376
710 1.054749 96.739487 -123.195007
711 2.636871 96.914108 -123.701294
712 1.933701 95.517151 -123.026245
713 1.582123 96.215637 -125.388901
714 2.812668 96.390244 -124.882614
715 2.636871 94.818665 -124.713852
716 1.582123 96.215637 -123.363770
717 1.406326 96.390244 -123.532532
718 1.933701 96.215637 -125.051376
719 1.230530 96.215637 -124.376328
720 1.933701 96.914108 -125.051376
721 1.230530 95.517151 -125.388901
722 0.527374 95.866394 -123.363770
723 1.933701 95.866394 -124.038818
724 1.933701 95.167908 -125.051376
725 1.582123 96.215637 -124.376328
726 1.230530 96.914108 -123.701294
727 1.757919 96.041016 -124.207581
728 2.285294 95.866394 -125.388901
729 1.406326 95.691772 -124.207581
730 0.878952 95.517151 -124.376328
731 1.582123 95.866394 -125.051376
732 0.878952 95.517151 -123.363770
733 0.703156 95.691772 -124.545090
734 1.582123 96.215637 -123.701294
735 1.757919 95.691772 -124.207581
736 1.230530 95.866394 -124.038818
737 2.461075 96.390244 -125.557663
738 1.054749 96.041016 -123.870056
739 1.933701 96.564865 -124.376328
740 0.527374 94.818665 -124.038818
741 0.703156 94.993286 -123.532532
742 1.933701 96.215637 -123.363770
743 2.109497 95.691772 -124.882614
744 1.757919 96.390244 -124.207581
745 1.230530 96.564865 -124.713852
746 1.582123 94.818665 -123.026245
747 2.109497 95.691772 -123.532532
748 1.933701 95.866394 -123.363770
749 1.406326 95.691772 -124.207581
750 0.703156 95.342529 -124.545090
751 2.812668 96.390244 -123.532532
752 1.406326 96.739487 -124.882614
753 1.757919 95.342529 -124.545090
754 1.054749 95.342529 -124.207581
755 1.582123 96.215637 -124.376328
756 2.285294 95.517151 -122.351212
757 2.109497 95.691772 -124.207581
758 2.285294 97.612595 -123.701294
759 1.582123 95.866394 -125.051376
760 1.406326 96.041016 -124.545090
761 1.054749 97.088730 -124.545090
762 2.461075 96.390244 -123.870056
763 -0.351593 97.088730 -124.207581
764 1.230530 96.564865 -125.051376
765 3.691620 96.215637 -124.713852
766 2.109497 95.691772 -123.195007
767 1.933701 95.517151 -123.701294
768 -0.175797 95.517151 -124.038818
769 3.340042 96.215637 -123.363770
770 -0.351593 95.691772 -122.519974
771 1.054749 95.691772 -123.195007
772 0.351578 95.691772 -123.532532
773 1.582123 96.914108 -125.051376
774 1.757919 95.342529 -124.207581
775 2.461075 95.691772 -122.857498
776 1.054749 96.739487 -123.195007
777 2.636871 96.564865 -125.726410
778 0.527374 95.167908 -122.688736
779 1.230530 95.866394 -123.363770
780 3.164246 94.644043 -124.207581
781 2.285294 95.866394 -124.713852
782 0.703156 95.342529 -123.532532
783 1.582123 95.866394 -125.388901
784 0.878952 94.818665 -123.701294
785 0.000000 95.342529 -123.532532
786 2.109497 95.342529 -123.195007
787 0.878952 95.866394 -124.713852
788 0.351578 96.390244 -123.532532
789 1.582123 95.866394 -123.026245
790 2.636871 95.517151 -123.026245
791 1.054749 96.390244 -124.545090
792 1.406326 96.041016 -123.195007
793 1.054749 96.041016 -124.545090
794 1.054749 95.691772 -123.532532
795 2.812668 96.390244 -124.207581
796 1.582123 95.167908 -124.713852
797 0.175781 95.517151 -125.051376
798 2.636871 94.469437 -125.051376
799 1.933701 96.564865 -124.713852
800 0.703156 96.739487 -123.870056
801 1.757919 95.342529 -124.882614
802 1.230530 96.215637 -125.051376
803 1.933701 95.167908 -124.713852
804 2.461075 96.041016 -123.870056
805 1.757919 95.342529 -123.870056
806 -0.527390 96.914108 -122.688736
807 1.230530 95.167908 -123.363770
808 0.527374 95.866394 -123.701294
809 1.933701 95.517151 -123.026245
810 0.351578 95.691772 -124.207581
811 0.527374 95.866394 -124.038818
812 0.703156 96.739487 -124.545090
813 1.582123 96.215637 -124.038818
814 1.230530 96.215637 -123.363770
815 1.406326 96.390244 -124.545090
816 2.109497 95.691772 -125.220139
817 1.230530 96.914108 -124.376328
818 1.054749 95.691772 -122.857498
819 0.351578 96.739487 -123.870056
820 1.933701 96.215637 -124.713852
821 1.933701 95.517151 -124.038818
822 1.406326 95.342529 -124.207581
823 1.757919 95.342529 -123.870056
824 0.351578 95.691772 -122.519974
825 2.636871 94.818665 -124.038818
826 1.054749 96.390244 -123.195007
827 1.933701 95.517151 -124.376328
828 1.933701 95.167908 -123.701294
829 0.878952 95.517151 -124.038818
830 1.230530 96.215637 -125.051376
831 2.109497 95.691772 -124.545090
832 1.933701 96.215637 -124.038818
833 0.703156 96.390244 -124.207581
834 1.582123 96.914108 -123.701294
835 1.757919 96.041016 -124.207581
836 2.109497 95.342529 -123.870056
837 3.164246 95.342529 -122.857498
838 2.109497 95.342529 -125.557663
839 0.878952 96.215637 -124.713852
840 1.757919 97.088730 -123.532532
841 0.351578 96.390244 -124.882614
842 2.109497 96.390244 -124.207581
843 1.933701 95.866394 -124.376328
844 2.461075 95.691772 -124.882614
845 1.933701 96.215637 -123.363770
846 1.230530 96.564865 -124.713852
847 1.230530 94.120193 -124.376328
848 1.933701 95.517151 -125.388901
849 1.406326 95.342529 -123.870056
850 2.109497 95.691772 -124.882614
851 1.757919 94.993286 -124.545090
852 1.757919 94.993286 -123.195007
853 2.461075 96.390244 -124.545090
854 1.933701 93.072464 -124.376328
855 1.054749 96.390244 -123.870056
856 2.285294 96.564865 -123.701294
857 -0.527390 95.517151 -125.388901
858 2.109497 94.644043 -124.207581
859 1.230530 95.167908 -124.038818
860 1.230530 95.167908 -125.051376
861 0.878952 96.914108 -122.351212
862 1.406326 95.691772 -123.532532
863 1.757919 97.437973 -123.195007
864 1.230530 96.215637 -124.376328
865 0.175781 95.167908 -124.713852
866 3.691620 95.167908 -124.713852
867 1.582123 96.564865 -122.688736
868 1.582123 95.167908 -124.038818
869 1.757919 95.691772 -124.545090
870 2.461075 95.691772 -123.195007
871 2.109497 94.644043 -123.195007
872 1.757919 96.041016 -123.532532
873 1.757919 95.691772 -123.870056
874 1.757919 95.691772 -124.207581
875 1.406326 94.644043 -123.532532
876 1.757919 96.390244 -124.545090
877 1.054749 95.691772 -123.870056
878 0.527374 96.215637 -123.701294
879 2.109497 94.993286 -124.207581
880 2.461075 96.041016 -124.207581
881 1.230530 97.263351 -124.713852
882 0.527374 94.469437 -123.363770
883 1.933701 95.517151 -124.376328
884 1.406326 96.041016 -123.870056
885 0.878952 94.818665 -124.376328
886 0.527374 95.866394 -122.351212
887 0.527374 96.215637 -124.376328
888 2.109497 95.342529 -123.532532
889 2.636871 96.914108 -126.063934
890 2.988449 95.866394 -125.051376
891 2.812668 94.294815 -123.870056
892 1.406326 96.390244 -123.195007
893 1.582123 96.564865 -125.051376
894 1.406326 96.390244 -123.870056
895 0.351578 96.041016 -123.532532
896 1.757919 96.041016 -124.545090
897 1.054749 95.691772 -123.870056
898 1.230530 96.914108 -124.713852
899 3.164246 94.644043 -123.532532
900 1.406326 94.993286 -123.870056
901 0.878952 96.215637 -124.713852
902 1.054749 96.041016 -123.532532
903 1.406326 95.342529 -123.195007
904 1.406326 94.993286 -122.857498
905 0.878952 95.167908 -122.351212
906 1.582123 97.263351 -124.713852
907 1.757919 96.041016 -123.870056
908 1.230530 95.167908 -123.701294
909 0.527374 95.517151 -123.701294
910 1.406326 94.294815 -124.207581
911 1.933701 95.866394 -125.051376
912 0.703156 96.041016 -123.870056
913 2.285294 95.517151 -123.026245
914 2.285294 95.517151 -124.376328
915 0.527374 96.215637 -123.363770
916 1.230530 94.818665 -124.713852
917 1.054749 97.088730 -123.870056
918 1.933701 95.517151 -124.038818
919 1.582123 95.167908 -124.713852
920 1.933701 97.263351 -124.713852
921 1.757919 95.691772 -123.870056
922 2.285294 94.818665 -123.701294
923 1.406326 94.993286 -126.232697
924 0.878952 96.215637 -123.363770
925 1.582123 95.866394 -123.363770
926 1.757919 96.041016 -124.882614
927 1.582123 94.818665 -123.363770
928 0.527374 95.517151 -124.376328
929 1.054749 94.644043 -125.220139
930 1.406326 97.437973 -124.207581
931 1.406326 94.993286 -124.207581
932 0.703156 96.390244 -123.870056
933 1.933701 95.866394 -124.376328
934 0.703156 95.342529 -122.857498
935 0.527374 95.866394 -122.688736
936 0.878952 95.517151 -123.026245
937 1.406326 96.390244 -124.882614
938 0.878952 94.818665 -122.688736
939 3.340042 96.215637 -123.026245
940 1.757919 96.041016 -123.870056
941 2.636871 95.517151 -124.713852
942 1.933701 95.517151 -124.713852
943 1.230530 95.866394 -123.701294
944 4.043213 95.517151 -124.713852
945 0.175781 96.564865 -124.713852
946 2.109497 97.787216 -124.545090
947 0.527374 96.215637 -123.026245
948 0.527374 97.263351 -123.363770
949 0.000000 94.993286 -124.207581
950 2.461075 95.342529 -124.882614
951 1.757919 95.691772 -124.545090
952 1.582123 96.215637 -124.376328
953 1.933701 95.866394 -123.701294
954 1.054749 95.691772 -123.195007
955 2.109497 95.691772 -123.870056
956 1.230530 96.215637 -124.376328
957 2.109497 94.993286 -124.207581
958 1.406326 95.691772 -123.195007
959 2.109497 96.390244 -124.207581
960 2.636871 96.564865 -124.038818
961 1.406326 96.041016 -124.207581
962 0.527374 96.564865 -123.701294
963 0.351578 95.342529 -124.545090
964 1.054749 96.390244 -123.195007
965 0.878952 95.167908 -124.038818
966 1.054749 95.691772 -123.870056
967 1.933701 95.167908 -124.713852
968 1.406326 95.691772 -124.207581
969 0.878952 95.517151 -124.038818
970 2.285294 94.818665 -124.376328
971 1.757919 95.691772 -122.857498
972 2.988449 97.961838 -123.701294
973 2.636871 95.517151 -124.713852
974 2.285294 95.167908 -123.026245
975 1.054749 97.437973 -125.220139
976 1.054749 96.390244 -123.870056
977 2.636871 95.866394 -124.376328
978 -0.351593 97.088730 -122.857498
979 1.406326 96.390244 -124.207581
