1 53.264969 116.820801 -126.738983
2 51.858627 118.217758 -127.414017
3 53.089172 118.741608 -126.570221
4 49.749115 118.217758 -125.388901
5 50.979660 119.440094 -125.557663
6 52.210205 118.916229 -127.076492
7 51.155457 118.567001 -125.726410
8 51.155457 119.963959 -126.063934
9 50.979660 119.789337 -126.232697
10 50.979660 119.090851 -126.232697
11 51.858627 117.868515 -126.738983
12 52.034424 120.138580 -125.895172
13 51.682831 118.392380 -126.907745
14 51.682831 118.741608 -127.245255
15 52.210205 119.265472 -126.738983
16 49.924911 118.741608 -125.895172
17 51.331253 117.693893 -125.220139
18 53.440750 118.043137 -126.232697
19 52.210205 117.170029 -126.401459
20 51.682831 118.741608 -127.582779
21 52.561798 117.868515 -126.738983
22 52.561798 118.916229 -126.738983
23 51.507050 119.265472 -127.076492
24 52.386002 118.741608 -125.895172
25 50.803879 117.519272 -126.738983
26 52.386002 118.392380 -125.557663
27 52.561798 118.916229 -126.063934
28 51.682831 118.741608 -126.907745
29 51.858627 118.217758 -124.713852
30 50.979660 118.741608 -124.882614
31 50.452286 118.217758 -127.076492
32 51.858627 119.614716 -127.076492
33 51.155457 118.916229 -126.738983
34 51.858627 117.519272 -126.738983
35 51.858627 118.916229 -128.426575
36 51.155457 119.963959 -126.063934
37 53.089172 118.741608 -125.220139
38 50.452286 118.916229 -125.388901
39 52.034424 118.392380 -126.232697
40 51.858627 119.265472 -126.401459
41 51.682831 120.138580 -126.907745
42 50.100708 118.217758 -127.076492
43 51.682831 119.789337 -126.907745
44 53.440750 119.440094 -127.245255
45 49.397537 117.868515 -127.751541
46 50.979660 117.693893 -127.245255
47 50.628082 118.741608 -126.570221
48 50.803879 118.217758 -125.726410
49 51.507050 117.868515 -127.076492
50 52.386002 119.090851 -126.907745
51 50.276505 118.043137 -126.570221
52 51.858627 119.265472 -125.726410
53 51.858627 118.567001 -126.401459
54 51.331253 118.741608 -126.232697
55 50.452286 117.519272 -127.414017
56 51.155457 118.567001 -126.738983
57 51.155457 118.217758 -126.401459
58 51.682831 119.440094 -125.557663
59 52.210205 119.614716 -127.076492
60 51.155457 119.963959 -126.401459
61 51.682831 120.837051 -126.570221
62 52.386002 119.440094 -126.570221
63 51.682831 119.789337 -126.570221
64 52.210205 119.963959 -126.063934
65 51.682831 120.138580 -125.557663
66 52.913376 118.217758 -126.738983
67 52.561798 117.868515 -125.726410
68 52.561798 118.217758 -126.738983
69 51.155457 118.567001 -126.738983
70 52.913376 118.567001 -127.076492
71 51.507050 119.614716 -127.076492
72 52.561798 118.567001 -126.738983
73 52.034424 118.392380 -125.557663
74 51.331253 118.043137 -126.570221
75 51.155457 119.614716 -127.076492
76 50.803879 118.916229 -127.414017
77 51.331253 118.392380 -124.882614
78 52.386002 120.487808 -126.907745
79 52.386002 119.090851 -125.895172
80 51.507050 119.265472 -125.051376
81 50.803879 117.519272 -127.751541
82 52.210205 119.614716 -126.063934
83 52.561798 118.217758 -125.051376
84 50.979660 118.392380 -126.232697
85 50.276505 118.741608 -126.232697
86 49.573334 118.043137 -126.570221
87 50.628082 119.440094 -126.232697
88 51.858627 119.963959 -126.738983
89 50.979660 119.090851 -125.895172
90 50.979660 118.741608 -126.570221
91 51.858627 118.217758 -127.076492
92 51.682831 119.789337 -126.907745
93 52.210205 118.217758 -127.076492
94 52.210205 118.916229 -125.726410
95 52.561798 117.868515 -126.063934
96 50.979660 118.741608 -126.232697
97 51.155457 119.614716 -127.076492
98 51.682831 118.043137 -125.557663
99 51.858627 118.916229 -126.401459
100 51.155457 118.916229 -127.751541
101 51.858627 118.217758 -125.051376
102 50.979660 119.789337 -126.232697
103 52.386002 117.693893 -126.907745
104 52.034424 119.090851 -126.570221
105 52.034424 118.043137 -126.232697
106 51.155457 117.868515 -127.414017
107 52.210205 118.567001 -127.076492
108 50.276505 119.440094 -126.232697
109 50.979660 119.440094 -125.220139
110 50.628082 118.043137 -125.895172
111 51.682831 118.741608 -127.582779
112 52.386002 119.090851 -126.232697
113 52.561798 117.519272 -127.076492
114 51.507050 118.567001 -128.089066
115 50.628082 116.646179 -127.582779
116 51.155457 118.567001 -124.713852
117 52.034424 119.440094 -126.570221
118 50.979660 119.090851 -126.570221
119 50.628082 118.043137 -126.232697
120 52.210205 118.567001 -128.089066
121 52.210205 119.265472 -126.738983
122 51.507050 117.519272 -126.063934
123 52.386002 120.138580 -126.232697
124 52.034424 118.392380 -127.582779
125 50.979660 118.392380 -127.245255
126 49.924911 118.741608 -126.232697
127 51.682831 119.090851 -125.557663
128 51.858627 120.313202 -127.076492
129 50.979660 117.693893 -125.895172
130 51.682831 118.043137 -126.570221
131 52.737579 120.138580 -126.907745
132 51.507050 119.614716 -126.738983
133 51.858627 118.217758 -126.063934
134 51.331253 119.789337 -127.245255
135 49.924911 118.741608 -127.245255
136 51.331253 120.138580 -126.570221
137 51.858627 118.916229 -127.076492
138 53.089172 119.090851 -127.245255
139 51.155457 119.265472 -127.751541
140 50.276505 120.138580 -125.557663
141 52.737579 118.392380 -126.232697
142 50.628082 118.043137 -125.220139
143 50.100708 117.868515 -125.388901
144 51.682831 119.440094 -127.245255
145 52.034424 120.138580 -126.232697
146 51.507050 118.217758 -127.076492
147 51.858627 117.868515 -126.063934
148 50.628082 118.741608 -126.570221
149 51.682831 119.090851 -126.907745
150 51.858627 118.567001 -126.738983
151 50.803879 118.217758 -127.751541
152 50.803879 118.916229 -127.414017
153 50.803879 118.217758 -127.751541
154 51.331253 117.693893 -126.232697
155 51.682831 119.090851 -125.557663
156 50.628082 119.789337 -126.570221
157 52.386002 119.440094 -126.570221
158 51.331253 119.090851 -126.570221
159 53.968124 119.963959 -126.738983
160 52.210205 118.567001 -127.076492
161 52.737579 120.487808 -125.895172
162 49.924911 118.392380 -127.920303
163 51.682831 119.440094 -127.582779
164 52.034424 118.741608 -127.245255
165 53.089172 119.090851 -128.257828
166 51.858627 118.567001 -126.738983
167 51.682831 118.043137 -127.245255
168 50.628082 118.741608 -127.245255
169 51.682831 118.043137 -126.232697
170 53.792343 118.741608 -126.232697
171 51.682831 118.392380 -126.907745
172 51.858627 118.916229 -126.063934
173 52.737579 119.090851 -126.232697
174 51.858627 118.567001 -125.051376
175 53.440750 118.741608 -127.245255
176 51.331253 118.392380 -124.882614
177 52.034424 117.344650 -126.570221
178 52.034424 119.090851 -126.907745
179 50.979660 118.741608 -126.907745
180 52.737579 120.138580 -126.232697
181 52.210205 118.567001 -127.076492
182 51.507050 119.265472 -126.738983
183 51.331253 118.741608 -126.232697
184 52.386002 118.741608 -125.557663
185 52.210205 118.567001 -127.076492
186 50.628082 119.440094 -125.220139
187 51.331253 119.090851 -126.907745
188 52.210205 118.217758 -125.388901
189 50.628082 118.043137 -126.232697
190 50.452286 117.868515 -126.401459
191 51.331253 118.741608 -126.907745
192 52.561798 119.265472 -126.401459
193 51.858627 118.916229 -126.063934
194 52.386002 117.344650 -125.557663
195 52.913376 117.868515 -127.751541
196 50.276505 117.344650 -127.582779
197 50.979660 118.043137 -126.907745
198 52.737579 118.741608 -125.895172
199 52.386002 118.043137 -127.245255
200 51.682831 119.090851 -126.232697
201 52.210205 118.916229 -125.726410
202 51.858627 117.170029 -125.388901
203 51.331253 117.693893 -126.570221
204 51.682831 118.741608 -125.895172
205 51.155457 118.567001 -126.401459
206 50.979660 118.392380 -126.232697
207 51.331253 119.789337 -126.232697
208 52.386002 118.741608 -125.895172
209 50.803879 119.614716 -126.401459
210 52.210205 120.313202 -128.089066
211 52.737579 119.090851 -126.907745
212 52.034424 119.090851 -126.232697
213 52.034424 119.090851 -125.895172
214 51.331253 118.392380 -126.907745
215 51.331253 118.392380 -126.232697
216 51.682831 120.138580 -126.232697
217 52.561798 118.916229 -126.401459
218 51.331253 119.090851 -126.907745
219 52.210205 118.916229 -126.401459
220 52.210205 119.265472 -126.738983
221 51.155457 118.567001 -127.076492
222 49.573334 118.741608 -126.907745
223 52.386002 119.440094 -126.570221
224 50.452286 119.614716 -126.401459
225 53.089172 118.043137 -126.907745
226 52.561798 118.916229 -125.726410
227 51.507050 117.868515 -125.388901
228 51.331253 119.090851 -125.220139
229 51.858627 118.567001 -127.414017
230 51.155457 118.916229 -126.401459
231 53.264969 118.916229 -126.401459
232 52.386002 118.043137 -126.570221
233 52.561798 119.265472 -126.738983
234 51.155457 118.916229 -126.738983
235 52.737579 119.090851 -126.570221
236 52.210205 119.614716 -126.063934
237 53.264969 118.916229 -126.738983
238 53.792343 118.392380 -126.570221
239 51.331253 118.392380 -127.245255
240 52.737579 118.741608 -126.570221
241 51.507050 118.567001 -126.401459
242 50.452286 117.519272 -125.726410
243 51.858627 118.916229 -126.401459
244 52.386002 119.090851 -126.232697
245 51.331253 119.090851 -125.895172
246 51.331253 118.741608 -126.570221
247 50.803879 119.265472 -125.726410
248 51.682831 119.090851 -126.907745
249 52.034424 117.344650 -126.232697
250 52.386002 119.090851 -127.245255
251 52.386002 119.440094 -126.907745
252 51.507050 118.916229 -126.063934
253 52.034424 119.789337 -126.570221
254 52.561798 118.916229 -126.063934
255 51.331253 118.043137 -125.895172
256 51.155457 119.265472 -126.401459
257 50.979660 119.440094 -126.570221
258 52.210205 117.519272 -126.063934
259 51.682831 120.138580 -126.232697
260 52.210205 118.217758 -126.063934
261 51.858627 118.567001 -125.388901
262 50.276505 118.392380 -125.557663
263 52.386002 118.392380 -125.557663
264 51.155457 118.916229 -126.063934
265 50.803879 118.916229 -125.726410
266 50.452286 119.265472 -126.401459
267 52.913376 119.265472 -124.038818
268 51.682831 117.693893 -124.545090
269 51.155457 118.916229 -125.726410
270 51.858627 119.614716 -125.051376
271 51.507050 119.265472 -126.738983
272 52.386002 119.090851 -126.570221
273 51.682831 118.741608 -126.232697
274 51.507050 118.567001 -125.726410
275 52.386002 118.392380 -127.245255
276 51.858627 119.963959 -126.401459
277 51.682831 118.043137 -126.232697
278 52.034424 117.693893 -126.570221
279 50.979660 118.392380 -124.882614
280 50.979660 118.392380 -124.882614
281 50.452286 118.567001 -125.726410
282 51.682831 119.789337 -126.232697
283 50.979660 118.392380 -127.920303
284 51.155457 117.519272 -127.414017
285 52.561798 117.868515 -125.726410
286 52.210205 117.868515 -125.726410
287 50.979660 119.440094 -127.582779
288 51.155457 119.265472 -127.751541
289 53.264969 118.217758 -125.388901
290 50.979660 119.789337 -125.895172
291 51.155457 119.265472 -126.738983
292 51.331253 118.392380 -127.245255
293 50.979660 119.440094 -126.570221
294 52.210205 118.916229 -125.388901
295 52.561798 118.916229 -125.726410
296 52.561798 118.916229 -126.063934
297 51.331253 118.043137 -125.895172
298 52.561798 118.567001 -126.401459
299 50.979660 120.138580 -126.570221
300 51.507050 119.614716 -126.401459
301 51.331253 118.043137 -125.220139
302 53.089172 119.789337 -126.907745
303 52.034424 119.090851 -124.207581
304 52.561798 118.567001 -126.063934
305 51.858627 117.868515 -127.076492
306 52.034424 118.741608 -126.570221
307 51.858627 119.265472 -127.076492
308 51.858627 117.519272 -125.388901
309 51.507050 118.567001 -126.401459
310 50.803879 118.217758 -127.414017
311 53.089172 118.392380 -125.895172
312 51.331253 118.741608 -125.220139
313 53.264969 118.567001 -127.414017
314 51.331253 119.090851 -126.907745
315 52.386002 117.693893 -125.557663
316 51.858627 119.265472 -126.063934
317 53.089172 118.043137 -126.907745
318 53.440750 116.646179 -126.232697
319 50.452286 117.868515 -126.063934
320 50.803879 118.916229 -127.751541
321 51.507050 118.916229 -125.051376
322 52.737579 117.344650 -126.570221
323 52.034424 119.440094 -126.570221
324 50.628082 116.995407 -126.232697
325 51.682831 118.392380 -125.895172
326 52.034424 119.440094 -127.245255
327 52.386002 117.693893 -125.557663
328 52.034424 118.392380 -127.245255
329 51.331253 117.693893 -126.570221
330 52.913376 118.567001 -126.401459
331 50.628082 117.693893 -126.232697
332 51.155457 118.567001 -127.414017
333 51.682831 117.344650 -125.220139
334 52.561798 119.265472 -125.388901
335 52.561798 118.567001 -126.401459
336 51.331253 117.344650 -126.232697
337 52.034424 117.693893 -126.232697
338 51.507050 118.916229 -126.738983
339 53.264969 118.916229 -124.713852
340 50.979660 118.043137 -126.570221
341 51.682831 117.344650 -125.895172
342 49.397537 118.916229 -126.401459
343 52.034424 116.995407 -126.907745
344 52.034424 118.043137 -126.570221
345 51.155457 118.217758 -126.401459
346 50.803879 118.916229 -126.738983
347 51.682831 117.693893 -126.907745
348 51.155457 117.519272 -126.401459
349 52.561798 119.265472 -125.726410
350 51.858627 117.868515 -127.414017
351 52.737579 118.741608 -126.570221
352 52.210205 119.265472 -127.751541
353 52.034424 120.487808 -125.895172
354 52.210205 119.265472 -127.076492
355 52.210205 118.916229 -126.738983
356 52.210205 119.265472 -127.076492
357 53.264969 118.916229 -127.076492
358 52.210205 119.265472 -126.063934
359 52.210205 118.217758 -126.738983
360 52.034424 119.789337 -125.220139
361 52.737579 118.741608 -127.245255
362 52.913376 117.868515 -126.738983
363 52.386002 118.741608 -127.245255
364 52.913376 118.916229 -126.738983
365 50.452286 118.217758 -126.063934
366 51.507050 118.916229 -126.401459
367 51.331253 119.090851 -127.245255
368 51.507050 118.217758 -127.076492
369 52.561798 117.868515 -126.063934
370 52.737579 118.741608 -126.907745
371 51.682831 117.693893 -127.245255
372 52.737579 118.392380 -126.232697
373 51.682831 119.440094 -126.232697
374 52.210205 117.170029 -125.388901
375 50.100708 118.567001 -127.751541
376 51.331253 119.090851 -126.907745
377 52.737579 119.090851 -127.920303
378 52.210205 117.868515 -127.414017
379 51.858627 118.916229 -125.726410
380 52.913376 117.519272 -126.738983
381 51.331253 118.043137 -127.582779
382 52.386002 118.043137 -125.220139
383 52.034424 118.392380 -126.907745
384 50.276505 118.741608 -126.907745
385 51.682831 119.090851 -124.882614
386 52.034424 117.344650 -126.907745
387 50.979660 118.392380 -125.895172
388 52.737579 117.693893 -125.895172
389 51.858627 118.567001 -127.751541
390 52.034424 118.043137 -126.232697
391 52.561798 119.265472 -126.738983
392 50.803879 118.567001 -126.738983
393 50.628082 118.392380 -127.920303
394 50.452286 117.868515 -127.076492
395 51.155457 118.567001 -127.414017
396 51.507050 119.614716 -126.401459
397 52.913376 118.916229 -126.063934
398 51.858627 118.567001 -127.751541
399 51.507050 116.820801 -126.063934
400 51.507050 119.265472 -126.063934
401 52.034424 118.392380 -126.570221
402 50.452286 118.217758 -127.414017
403 52.386002 117.693893 -126.907745
404 52.386002 118.392380 -125.895172
405 50.628082 118.741608 -126.232697
406 53.616547 118.567001 -126.401459
407 50.628082 118.392380 -126.232697
408 51.858627 119.963959 -127.076492
409 51.331253 117.693893 -128.257828
410 50.979660 119.090851 -126.232697
411 51.507050 119.265472 -127.414017
412 51.331253 119.090851 -125.557663
413 52.210205 118.916229 -125.726410
414 51.155457 119.614716 -125.388901
415 50.452286 119.265472 -126.401459
416 51.682831 118.392380 -126.232697
417 52.034424 118.741608 -125.557663
418 52.737579 118.741608 -126.907745
419 52.386002 119.789337 -126.907745
420 51.682831 118.043137 -126.232697
421 51.858627 118.916229 -126.063934
422 52.386002 119.789337 -125.220139
423 51.682831 117.693893 -126.232697
424 52.210205 118.567001 -125.388901
425 50.803879 117.868515 -125.726410
426 52.034424 118.741608 -126.907745
427 50.979660 118.392380 -125.557663
428 51.682831 119.440094 -125.895172
429 52.561798 118.217758 -126.063934
430 51.155457 118.567001 -125.726410
431 51.507050 118.916229 -126.063934
432 51.682831 118.741608 -125.557663
433 52.210205 118.567001 -126.063934
434 51.155457 118.916229 -125.726410
435 51.507050 118.567001 -125.726410
436 50.979660 119.789337 -127.245255
437 52.034424 118.392380 -127.245255
438 51.507050 118.916229 -127.076492
439 51.858627 118.567001 -126.738983
440 51.682831 119.090851 -125.895172
441 51.682831 120.837051 -126.570221
442 50.628082 118.392380 -125.895172
443 50.979660 118.392380 -126.570221
444 51.858627 118.567001 -126.063934
445 51.682831 119.440094 -125.557663
446 51.507050 118.916229 -126.401459
447 51.858627 117.519272 -126.401459
448 51.155457 119.963959 -126.738983
449 51.331253 118.043137 -126.907745
450 51.858627 116.471558 -125.726410
451 52.034424 116.995407 -125.895172
452 51.682831 119.440094 -126.570221
453 52.561798 118.916229 -125.726410
454 51.507050 117.519272 -128.089066
455 51.682831 118.392380 -127.582779
456 52.210205 119.265472 -126.401459
457 52.913376 118.916229 -127.751541
458 51.858627 118.567001 -126.401459
459 52.210205 118.916229 -128.426575
460 52.034424 118.741608 -125.557663
461 51.858627 118.567001 -126.401459
462 50.276505 117.693893 -126.232697
463 53.264969 119.963959 -126.063934
464 52.737579 119.440094 -127.920303
465 51.507050 118.217758 -127.076492
466 51.858627 117.170029 -126.401459
467 52.561798 117.868515 -125.726410
468 51.682831 120.487808 -124.882614
469 50.979660 118.392380 -126.570221
470 52.737579 119.440094 -126.570221
471 52.034424 119.090851 -126.570221
472 53.264969 117.868515 -127.076492
473 50.979660 116.995407 -126.570221
474 50.452286 118.916229 -126.738983
475 50.276505 118.043137 -126.232697
476 52.386002 118.043137 -126.570221
477 51.858627 117.519272 -126.063934
478 51.155457 119.614716 -126.401459
479 51.507050 118.567001 -126.401459
480 50.276505 118.392380 -126.232697
481 51.331253 119.440094 -125.895172
482 50.979660 117.344650 -126.570221
483 51.507050 117.519272 -126.401459
484 50.276505 118.741608 -125.895172
485 52.386002 118.741608 -126.570221
486 50.452286 119.614716 -126.738983
487 52.210205 119.265472 -126.401459
488 53.089172 118.392380 -126.232697
489 50.979660 118.392380 -127.245255
490 52.737579 117.693893 -127.245255
491 52.034424 118.043137 -125.220139
492 51.155457 118.217758 -127.414017
493 53.440750 117.693893 -126.232697
494 51.858627 120.662430 -126.738983
495 51.155457 117.519272 -126.401459
496 52.386002 119.090851 -127.245255
497 50.803879 119.614716 -126.738983
498 52.210205 118.916229 -126.738983
499 52.034424 118.741608 -124.882614
500 51.682831 119.789337 -126.907745
501 53.616547 119.963959 -126.063934
502 50.979660 119.440094 -125.557663
503 51.682831 118.392380 -126.232697
504 52.034424 119.090851 -126.570221
505 51.858627 119.265472 -126.063934
506 51.507050 118.567001 -127.414017
507 50.803879 119.614716 -127.751541
508 52.210205 117.868515 -125.726410
509 52.034424 118.741608 -126.232697
510 52.561798 118.567001 -127.414017
511 51.507050 118.217758 -127.076492
512 51.682831 119.090851 -126.232697
513 52.913376 118.567001 -126.063934
514 51.331253 118.392380 -126.570221
515 50.979660 118.392380 -127.582779
516 52.034424 118.741608 -126.232697
517 51.682831 119.789337 -126.907745
518 51.682831 118.741608 -126.570221
519 51.858627 118.217758 -125.726410
520 50.628082 119.440094 -125.895172
521 51.858627 118.916229 -126.401459
522 52.737579 118.043137 -127.582779
523 50.628082 117.693893 -126.907745
524 51.682831 118.392380 -126.232697
525 53.264969 119.614716 -126.738983
526 51.507050 117.170029 -125.388901
527 51.507050 119.614716 -127.414017
528 51.155457 118.567001 -126.738983
529 52.386002 118.741608 -127.245255
530 51.858627 118.916229 -126.401459
531 51.331253 118.392380 -125.220139
532 51.155457 118.567001 -125.388901
533 50.803879 118.217758 -125.726410
534 50.628082 117.344650 -126.907745
535 52.561798 118.916229 -126.063934
536 52.034424 120.138580 -126.570221
537 50.803879 117.868515 -125.726410
538 51.507050 118.217758 -127.076492
539 51.507050 118.217758 -127.414017
540 50.100708 117.868515 -126.401459
541 50.628082 118.392380 -126.570221
542 50.100708 119.265472 -126.401459
543 52.034424 118.392380 -127.245255
544 50.803879 116.471558 -126.401459
545 51.155457 119.614716 -128.426575
546 53.089172 119.090851 -126.232697
547 51.507050 117.868515 -126.738983
548 51.682831 118.043137 -126.570221
549 51.682831 119.440094 -128.257828
550 51.331253 119.440094 -126.570221
551 52.034424 119.090851 -126.232697
552 52.034424 117.344650 -127.245255
553 50.979660 118.043137 -125.895172
554 52.386002 119.090851 -126.570221
555 51.331253 118.392380 -127.582779
556 49.924911 119.440094 -125.220139
557 50.979660 117.344650 -124.882614
558 54.319717 118.567001 -126.401459
559 53.089172 117.344650 -126.907745
560 52.034424 118.043137 -126.907745
561 51.155457 118.567001 -126.063934
562 50.979660 120.487808 -127.245255
563 52.913376 117.868515 -127.414017
564 51.331253 118.043137 -126.907745
565 51.858627 118.916229 -127.414017
566 52.386002 119.440094 -126.232697
567 51.155457 118.217758 -125.726410
568 53.440750 118.043137 -127.920303
569 52.561798 119.265472 -125.388901
570 52.913376 118.567001 -125.726410
571 51.682831 118.043137 -126.570221
572 52.913376 118.567001 -126.401459
573 50.979660 119.090851 -127.582779
574 51.858627 118.217758 -126.401459
575 51.682831 117.344650 -126.570221
576 52.386002 120.138580 -125.895172
577 51.682831 119.440094 -127.920303
578 51.682831 118.043137 -125.895172
579 51.155457 118.217758 -126.738983
580 51.507050 118.567001 -126.738983
581 52.034424 117.693893 -126.570221
582 52.737579 117.693893 -126.570221
583 51.155457 118.916229 -127.076492
584 51.507050 118.916229 -127.751541
585 51.507050 119.614716 -127.076492
586 51.858627 117.868515 -126.063934
587 51.507050 117.519272 -125.726410
588 50.803879 118.567001 -127.076492
589 52.034424 119.440094 -127.582779
590 52.034424 119.090851 -126.232697
591 51.858627 118.916229 -127.076492
592 51.507050 119.265472 -126.063934
593 51.507050 119.614716 -125.051376
594 50.628082 119.090851 -125.895172
595 52.913376 119.614716 -126.063934
596 51.858627 119.265472 -126.738983
597 50.628082 117.693893 -126.570221
598 51.507050 118.567001 -126.063934
599 51.858627 117.868515 -126.401459
600 50.979660 118.043137 -126.570221
601 50.803879 118.217758 -126.738983
602 53.264969 118.567001 -127.076492
603 50.803879 118.217758 -128.089066
604 51.155457 119.614716 -126.063934
605 51.507050 119.265472 -125.388901
606 50.979660 117.693893 -126.570221
607 50.803879 118.916229 -126.063934
608 50.628082 118.043137 -125.895172
609 51.682831 119.789337 -125.895172
610 50.628082 118.043137 -126.570221
611 50.979660 119.090851 -124.882614
612 52.034424 118.043137 -125.895172
613 51.331253 118.392380 -125.895172
614 52.034424 119.789337 -126.232697
615 52.386002 118.741608 -126.232697
616 52.386002 117.693893 -126.232697
617 52.386002 118.392380 -125.895172
618 52.034424 118.043137 -126.570221
619 50.452286 118.567001 -126.063934
620 51.507050 118.567001 -126.063934
621 52.386002 119.090851 -125.557663
622 52.561798 118.567001 -125.388901
623 52.210205 119.614716 -126.063934
624 51.507050 118.217758 -127.414017
625 51.331253 120.138580 -125.895172
626 52.561798 119.265472 -125.726410
627 52.210205 119.265472 -125.726410
628 52.561798 118.567001 -125.726410
629 50.628082 118.392380 -126.232697
630 52.034424 118.043137 -127.582779
631 52.737579 119.440094 -127.245255
632 52.210205 118.217758 -126.738983
633 51.507050 118.567001 -126.738983
634 51.858627 118.916229 -125.388901
635 50.628082 118.741608 -126.570221
636 50.628082 118.741608 -126.907745
637 51.507050 119.614716 -126.063934
638 52.386002 118.392380 -125.895172
639 51.331253 118.043137 -127.582779
640 52.210205 119.265472 -127.076492
641 51.507050 118.567001 -127.076492
642 52.561798 118.217758 -127.076492
643 52.913376 118.567001 -127.076492
644 51.858627 119.963959 -126.401459
645 51.507050 118.567001 -127.076492
646 51.155457 119.614716 -126.063934
647 52.210205 117.868515 -126.063934
648 52.386002 118.043137 -125.895172
649 52.034424 118.043137 -126.570221
650 51.682831 119.440094 -126.907745
651 52.034424 119.440094 -125.895172
652 50.979660 117.693893 -126.232697
653 52.386002 119.789337 -126.570221
654 52.034424 118.741608 -126.570221
655 52.210205 118.217758 -126.401459
656 52.737579 119.789337 -127.245255
657 52.737579 120.487808 -126.232697
658 52.737579 118.741608 -126.907745
659 51.507050 119.614716 -127.414017
660 49.749115 118.217758 -126.401459
661 52.034424 120.138580 -126.907745
662 52.034424 117.344650 -126.570221
663 52.737579 119.440094 -125.895172
664 50.452286 118.567001 -125.051376
665 51.155457 119.265472 -127.414017
666 51.155457 118.567001 -126.401459
667 50.452286 117.868515 -126.738983
668 50.979660 119.440094 -127.582779
669 52.913376 119.614716 -125.051376
670 51.507050 119.614716 -126.738983
671 51.331253 118.741608 -127.245255
672 50.979660 120.138580 -126.570221
673 50.628082 118.043137 -125.557663
674 51.507050 118.916229 -127.414017
675 50.628082 118.043137 -126.570221
676 52.737579 117.344650 -127.245255
677 52.913376 119.963959 -125.726410
678 52.561798 118.916229 -125.388901
679 52.034424 119.090851 -126.232697
680 53.089172 118.741608 -126.232697
681 51.155457 118.567001 -127.076492
682 51.507050 118.916229 -125.388901
683 51.507050 119.614716 -127.076492
684 51.155457 117.868515 -125.388901
685 51.331253 119.789337 -126.570221
686 52.737579 119.440094 -126.232697
687 52.210205 118.217758 -126.401459
688 52.386002 119.440094 -126.907745
689 52.210205 118.567001 -127.076492
690 51.682831 119.440094 -124.882614
691 51.858627 118.567001 -127.414017
692 50.628082 118.392380 -126.232697
693 51.331253 118.043137 -127.582779
694 51.155457 117.519272 -127.076492
695 51.331253 118.741608 -126.232697
696 50.452286 118.567001 -125.726410
697 51.682831 119.090851 -126.570221
698 52.210205 118.916229 -126.063934
699 51.155457 119.963959 -125.388901
700 52.034424 116.995407 -126.570221
701 52.034424 118.741608 -127.582779
702 51.331253 118.741608 -126.232697
703 52.737579 118.741608 -126.907745
704 51.858627 119.614716 -126.738983
705 51.858627 117.170029 -127.751541
706 50.979660 118.741608 -125.895172
707 50.276505 116.646179 -125.557663
708 52.034424 119.090851 -127.920303
709 50.803879 118.217758 -124.713852
710 52.034424 119.789337 -126.570221
711 51.331253 119.090851 -127.245255
712 50.979660 119.090851 -126.570221
713 52.034424 120.138580 -126.570221
714 52.737579 118.392380 -126.232697
715 52.386002 118.392380 -126.907745
716 50.628082 118.043137 -125.895172
717 52.561798 118.567001 -126.063934
718 51.682831 119.440094 -125.895172
719 51.858627 119.265472 -127.414017
720 51.858627 117.868515 -126.738983
721 51.331253 118.392380 -125.220139
722 50.979660 119.440094 -125.895172
723 52.034424 117.693893 -126.907745
724 50.100708 118.916229 -126.063934
725 52.034424 118.392380 -126.570221
726 51.682831 120.138580 -126.232697
727 51.507050 119.265472 -126.401459
728 51.682831 118.392380 -126.570221
729 51.507050 117.868515 -127.076492
730 50.628082 118.741608 -126.232697
731 52.210205 118.567001 -126.738983
732 52.034424 118.741608 -126.232697
733 51.155457 118.916229 -127.076492
734 52.386002 118.741608 -127.245255
735 50.803879 118.217758 -125.726410
736 52.737579 118.741608 -127.582779
737 52.561798 118.567001 -126.401459
738 51.155457 118.567001 -125.726410
739 52.561798 118.916229 -127.414017
740 52.210205 118.567001 -126.063934
741 52.737579 119.090851 -126.232697
742 50.628082 118.043137 -125.895172
743 51.682831 119.789337 -125.895172
744 51.507050 118.916229 -126.738983
745 50.628082 119.090851 -125.557663
746 52.386002 118.392380 -126.907745
747 51.155457 118.217758 -126.401459
748 52.913376 119.963959 -127.076492
749 52.386002 119.440094 -125.895172
750 52.210205 117.868515 -126.401459
751 51.507050 119.265472 -126.401459
752 51.507050 118.567001 -126.401459
753 51.682831 118.741608 -126.907745
754 52.561798 117.868515 -127.076492
755 52.034424 119.440094 -126.570221
756 52.210205 119.265472 -126.063934
757 53.616547 119.963959 -126.401459
758 52.561798 118.567001 -127.076492
759 52.386002 119.789337 -127.245255
760 52.386002 120.487808 -126.907745
761 52.561798 119.265472 -127.414017
762 51.682831 120.138580 -125.895172
763 52.913376 118.916229 -126.063934
764 51.331253 119.090851 -126.907745
765 53.264969 117.519272 -126.063934
766 51.155457 118.567001 -126.063934
767 52.210205 118.916229 -127.751541
768 51.858627 120.313202 -127.076492
769 51.155457 118.916229 -127.076492
770 52.210205 118.217758 -126.401459
771 51.331253 119.789337 -126.232697
772 51.858627 119.265472 -127.414017
773 51.507050 118.916229 -126.063934
774 51.155457 119.265472 -126.738983
775 50.100708 117.868515 -126.401459
776 53.440750 119.090851 -126.232697
777 50.979660 119.090851 -126.907745
778 51.331253 118.392380 -127.245255
779 51.682831 118.043137 -126.232697
780 51.507050 119.963959 -124.713852
781 52.034424 119.090851 -126.907745
782 52.561798 118.217758 -126.063934
783 50.979660 118.043137 -127.582779
784 50.803879 118.217758 -126.063934
785 52.386002 118.741608 -127.582779
786 51.507050 118.916229 -125.726410
787 52.034424 120.138580 -124.545090
788 52.386002 119.440094 -126.907745
789 52.737579 119.090851 -126.570221
790 51.507050 118.567001 -126.738983
791 52.210205 118.916229 -126.063934
792 52.561798 118.916229 -127.076492
793 52.386002 118.392380 -126.232697
794 52.561798 119.265472 -125.388901
795 51.507050 118.916229 -125.726410
796 50.276505 119.090851 -127.245255
797 49.924911 118.741608 -126.570221
798 52.034424 118.741608 -125.895172
799 52.737579 118.741608 -126.570221
800 50.628082 119.090851 -127.245255
801 51.507050 118.567001 -127.414017
802 52.913376 117.519272 -127.076492
803 51.155457 119.265472 -126.401459
804 52.561798 117.519272 -127.414017
805 51.858627 119.614716 -126.063934
806 52.561798 119.614716 -125.726410
807 51.682831 118.392380 -127.582779
808 51.507050 119.265472 -126.063934
809 52.737579 119.090851 -127.582779
810 51.682831 119.440094 -125.895172
811 50.628082 118.392380 -126.907745
812 52.737579 119.090851 -127.245255
813 50.628082 118.741608 -127.245255
814 51.331253 119.090851 -125.895172
815 52.386002 118.392380 -126.232697
816 51.682831 117.693893 -126.907745
817 52.034424 119.789337 -126.232697
818 52.561798 119.265472 -127.414017
819 52.034424 118.043137 -126.907745
820 51.682831 118.741608 -127.582779
821 51.682831 118.392380 -126.232697
822 51.507050 119.265472 -125.726410
823 52.737579 119.789337 -126.907745
824 51.858627 117.868515 -125.726410
825 53.264969 118.567001 -126.738983
826 52.561798 119.614716 -126.063934
827 52.913376 117.868515 -125.051376
828 51.331253 119.440094 -125.895172
829 51.858627 119.614716 -126.738983
830 52.561798 119.265472 -125.726410
831 51.682831 118.741608 -127.582779
832 52.210205 118.916229 -127.076492
833 50.979660 118.741608 -125.895172
834 51.507050 118.567001 -126.401459
835 51.858627 117.868515 -126.401459
836 52.561798 117.519272 -126.063934
837 52.386002 117.693893 -127.245255
838 51.682831 119.090851 -125.895172
839 53.089172 117.693893 -126.907745
840 52.561798 118.916229 -126.738983
841 51.331253 119.789337 -125.895172
842 51.155457 118.916229 -127.076492
843 51.858627 118.217758 -126.401459
844 52.034424 118.741608 -126.907745
845 51.155457 119.963959 -126.063934
846 51.858627 118.916229 -127.414017
847 52.034424 118.043137 -125.220139
848 51.858627 119.265472 -126.738983
849 51.858627 117.170029 -127.414017
850 51.858627 119.265472 -126.063934
851 52.034424 117.693893 -126.907745
852 52.561798 119.614716 -127.076492
853 52.034424 119.440094 -127.245255
854 51.858627 118.916229 -127.751541
855 51.682831 119.090851 -125.895172
856 50.979660 118.043137 -125.895172
857 51.331253 118.741608 -126.907745
858 52.561798 118.916229 -127.076492
859 53.264969 118.567001 -127.414017
860 51.682831 119.090851 -126.907745
861 52.210205 119.614716 -126.738983
862 51.682831 119.440094 -126.570221
863 50.100708 118.567001 -125.726410
864 52.913376 119.265472 -126.401459
865 51.507050 120.313202 -126.063934
866 52.386002 118.741608 -125.557663
867 52.034424 117.693893 -126.570221
868 52.034424 118.392380 -126.907745
869 52.737579 118.043137 -128.257828
870 51.858627 117.519272 -125.726410
871 52.737579 119.789337 -127.582779
872 52.737579 118.741608 -126.570221
873 51.331253 118.392380 -126.907745
874 51.507050 117.868515 -126.738983
875 52.034424 118.741608 -125.895172
876 51.331253 119.090851 -126.907745
877 51.858627 118.567001 -125.726410
878 52.386002 119.789337 -126.232697
879 51.858627 118.916229 -125.726410
880 50.452286 119.614716 -127.414017
881 50.803879 119.614716 -126.738983
882 52.561798 118.916229 -127.414017
883 50.803879 118.217758 -128.089066
884 51.682831 118.043137 -126.232697
885 52.737579 119.090851 -128.257828
886 52.210205 119.614716 -126.401459
887 52.210205 119.963959 -126.401459
888 51.331253 118.741608 -124.545090
889 50.803879 119.614716 -125.726410
890 51.331253 117.344650 -125.557663
891 51.507050 119.265472 -126.738983
892 50.979660 116.995407 -125.895172
893 50.628082 118.392380 -126.232697
894 52.034424 119.440094 -125.557663
895 51.331253 119.789337 -127.920303
896 51.858627 119.265472 -126.401459
897 51.682831 119.440094 -127.245255
898 52.386002 120.487808 -126.232697
899 50.276505 119.789337 -126.570221
900 52.737579 119.440094 -126.232697
901 52.561798 119.265472 -126.401459
902 52.210205 119.265472 -127.076492
903 51.858627 118.217758 -126.401459
904 51.331253 119.440094 -125.557663
905 52.737579 119.440094 -126.570221
906 52.386002 118.392380 -125.557663
907 51.155457 117.868515 -127.414017
908 51.858627 118.217758 -127.414017
909 49.749115 119.265472 -126.063934
910 51.155457 118.567001 -125.051376
911 53.089172 118.741608 -125.895172
912 52.034424 119.090851 -126.907745
913 51.155457 118.916229 -126.401459
914 52.561798 118.916229 -127.076492
915 51.507050 119.265472 -128.426575
916 50.803879 118.916229 -126.738983
917 52.210205 119.265472 -125.726410
918 51.858627 118.567001 -127.076492
919 51.507050 118.567001 -125.388901
920 52.561798 118.567001 -127.414017
921 53.264969 119.265472 -125.726410
922 51.858627 118.217758 -126.738983
923 51.858627 118.567001 -125.726410
924 51.507050 119.265472 -125.726410
925 51.155457 119.614716 -126.738983
926 51.507050 118.916229 -127.414017
927 51.331253 118.392380 -126.570221
928 52.034424 118.043137 -126.570221
929 50.979660 118.392380 -126.232697
930 51.331253 119.090851 -126.232697
931 51.331253 118.043137 -126.232697
932 51.858627 118.217758 -127.076492
933 51.507050 117.868515 -127.076492
934 50.803879 118.916229 -127.076492
935 52.561798 118.916229 -127.076492
936 50.628082 117.693893 -127.245255
937 51.331253 118.741608 -127.245255
938 52.737579 118.392380 -125.557663
939 51.858627 118.567001 -127.076492
940 52.210205 118.567001 -126.738983
941 51.331253 119.090851 -126.907745
942 52.386002 118.741608 -127.582779
943 50.979660 118.043137 -126.570221
944 51.858627 119.265472 -127.076492
945 51.682831 117.693893 -125.557663
946 52.210205 119.265472 -127.414017
947 52.913376 118.217758 -126.063934
948 50.979660 118.392380 -127.245255
949 51.507050 118.916229 -127.414017
950 51.331253 118.392380 -125.557663
951 50.803879 118.567001 -126.401459
952 52.034424 118.392380 -127.920303
953 51.331253 118.043137 -124.545090
954 52.913376 117.868515 -126.738983
955 51.331253 118.741608 -125.895172
956 52.210205 119.614716 -126.063934
957 50.979660 119.090851 -127.245255
958 51.682831 119.440094 -126.907745
959 52.386002 118.392380 -125.895172
960 51.331253 119.090851 -126.570221
961 50.100708 119.963959 -125.388901
962 51.331253 118.392380 -126.232697
963 51.507050 119.614716 -126.401459
964 51.858627 118.217758 -127.076492
965 53.792343 119.440094 -126.232697
966 51.858627 118.567001 -127.076492
967 51.682831 118.043137 -127.920303
968 53.440750 119.789337 -126.570221
969 51.858627 118.916229 -126.738983
970 52.034424 118.741608 -125.220139
971 52.034424 119.789337 -125.220139
972 50.803879 117.519272 -127.076492
973 51.682831 118.392380 -126.232697
974 51.682831 119.440094 -126.907745
975 50.628082 117.693893 -127.582779
976 52.386002 119.440094 -126.570221
977 51.507050 118.217758 -126.738983
978 51.331253 118.043137 -126.907745
979 53.440750 119.090851 -126.907745
980 52.737579 119.090851 -126.232697
981 51.331253 118.741608 -126.907745
982 51.155457 117.868515 -126.401459
983 50.628082 118.392380 -125.557663
984 51.682831 119.440094 -125.557663
985 52.210205 119.265472 -126.401459
986 52.034424 118.741608 -126.907745
987 51.155457 118.567001 -126.401459
988 52.210205 118.916229 -125.726410
989 52.737579 118.741608 -126.907745
990 51.507050 117.519272 -126.063934
991 51.155457 119.963959 -126.738983
992 51.331253 118.043137 -127.245255
993 50.979660 118.392380 -126.570221
994 50.803879 118.567001 -127.751541
995 51.682831 118.392380 -125.557663
996 51.507050 118.567001 -126.738983
997 51.682831 118.741608 -126.907745
998 52.386002 118.741608 -127.245255
999 52.561798 117.519272 -127.076492
1000 51.507050 119.614716 -127.414017
