1 51.155457 119.614716 -126.738983
2 49.749115 118.567001 -125.388901
3 50.100708 118.567001 -126.063934
4 51.155457 118.567001 -127.076492
5 51.507050 118.916229 -126.063934
6 51.507050 119.963959 -127.751541
7 51.858627 118.217758 -126.738983
8 50.979660 119.090851 -127.245255
9 52.210205 119.614716 -125.726410
10 52.034424 118.043137 -126.570221
11 52.210205 118.567001 -126.401459
12 52.737579 119.440094 -127.582779
13 52.034424 120.487808 -126.570221
14 50.803879 118.567001 -126.063934
15 52.034424 118.741608 -125.895172
16 53.440750 119.090851 -126.907745
17 49.924911 119.789337 -126.232697
18 51.682831 118.392380 -126.570221
19 52.210205 119.614716 -128.089066
20 50.803879 119.265472 -126.401459
21 50.979660 118.392380 -126.570221
22 52.034424 118.741608 -126.570221
23 51.682831 119.440094 -126.907745
24 52.913376 117.868515 -126.063934
25 51.155457 118.916229 -126.401459
26 51.858627 119.265472 -125.726410
27 51.507050 118.217758 -126.401459
28 50.979660 118.043137 -126.907745
29 51.507050 117.868515 -126.738983
30 52.561798 118.916229 -126.063934
31 51.507050 118.916229 -126.063934
32 51.507050 119.265472 -127.414017
33 50.276505 119.090851 -126.570221
34 52.034424 118.741608 -127.920303
35 52.034424 119.440094 -127.245255
36 50.452286 118.567001 -125.726410
37 51.507050 118.916229 -126.401459
38 50.979660 118.741608 -125.557663
39 51.682831 119.440094 -126.232697
40 52.737579 119.090851 -127.245255
41 51.507050 117.868515 -126.738983
42 53.792343 118.392380 -127.245255
43 53.264969 118.916229 -126.401459
44 52.386002 119.090851 -125.557663
45 50.979660 118.741608 -125.895172
46 51.155457 118.916229 -126.401459
47 52.561798 119.614716 -127.751541
48 53.264969 119.963959 -126.401459
49 50.628082 119.090851 -126.232697
50 52.561798 117.868515 -124.376328
51 52.034424 121.186295 -125.220139
52 52.034424 118.392380 -126.907745
53 51.507050 119.963959 -126.063934
54 52.737579 118.741608 -127.245255
55 52.737579 119.090851 -125.557663
56 52.034424 118.741608 -125.557663
57 52.034424 119.090851 -126.232697
58 50.803879 118.916229 -125.051376
59 50.979660 117.693893 -126.232697
60 51.858627 118.567001 -126.063934
61 52.737579 118.392380 -126.570221
62 51.155457 118.916229 -126.738983
63 51.155457 119.265472 -126.738983
64 50.628082 119.090851 -125.895172
65 51.331253 117.344650 -126.570221
66 53.089172 119.440094 -126.232697
67 52.561798 118.567001 -125.726410
68 52.386002 118.741608 -126.907745
69 52.210205 119.614716 -127.076492
70 52.737579 118.741608 -126.232697
71 52.561798 118.217758 -127.076492
72 50.628082 119.090851 -127.245255
73 52.737579 120.138580 -126.570221
74 51.507050 119.963959 -126.063934
75 51.507050 118.567001 -127.076492
76 52.737579 119.090851 -126.907745
77 51.331253 116.995407 -127.245255
78 52.210205 119.963959 -127.751541
79 52.561798 118.916229 -127.076492
80 50.803879 118.916229 -126.738983
81 52.210205 118.916229 -127.414017
82 51.155457 119.963959 -127.414017
83 51.331253 119.090851 -127.245255
84 53.089172 118.392380 -126.907745
85 52.034424 118.392380 -125.895172
86 51.331253 118.741608 -127.245255
87 51.858627 118.567001 -127.414017
88 51.155457 118.916229 -126.401459
89 51.682831 118.741608 -125.895172
90 51.682831 119.440094 -125.557663
91 53.264969 118.567001 -127.414017
92 51.155457 118.217758 -126.063934
93 52.386002 119.789337 -127.245255
94 50.452286 118.567001 -126.401459
95 52.034424 117.693893 -126.907745
96 52.737579 120.138580 -126.907745
97 52.034424 119.090851 -126.232697
98 51.682831 118.392380 -126.232697
99 53.440750 118.741608 -127.582779
100 51.507050 118.567001 -126.401459
101 52.210205 118.916229 -127.414017
102 51.155457 118.217758 -126.401459
103 52.561798 117.868515 -125.388901
104 52.210205 119.614716 -125.726410
105 51.682831 118.392380 -126.907745
106 51.682831 118.392380 -126.570221
107 51.858627 118.567001 -126.738983
108 52.561798 118.217758 -126.738983
109 51.331253 119.789337 -127.245255
110 51.331253 118.392380 -126.232697
111 52.210205 119.614716 -127.414017
112 52.210205 119.614716 -127.076492
113 49.749115 117.519272 -127.076492
114 51.858627 117.868515 -126.738983
115 51.155457 118.217758 -126.401459
116 52.210205 118.217758 -127.076492
117 52.034424 118.741608 -126.232697
118 50.979660 120.837051 -125.895172
119 51.507050 118.916229 -126.063934
120 51.858627 118.916229 -127.414017
121 52.210205 117.868515 -126.738983
122 53.968124 117.868515 -126.401459
123 53.440750 118.741608 -126.232697
124 51.155457 118.916229 -126.738983
125 53.264969 118.567001 -125.726410
126 50.628082 119.440094 -126.570221
127 50.803879 119.265472 -126.401459
128 51.682831 118.043137 -126.232697
129 50.979660 118.741608 -126.570221
130 52.210205 117.519272 -126.738983
131 52.561798 119.265472 -126.063934
132 50.628082 119.090851 -125.557663
133 51.682831 119.440094 -126.907745
134 52.737579 119.789337 -127.582779
135 50.979660 118.392380 -126.570221
136 50.803879 118.916229 -126.738983
137 52.737579 119.090851 -125.557663
138 51.507050 118.567001 -126.738983
139 51.507050 119.265472 -127.076492
140 50.803879 118.217758 -126.063934
141 52.034424 118.392380 -125.557663
142 52.386002 119.090851 -125.557663
143 52.561798 118.916229 -127.076492
144 50.803879 118.916229 -126.063934
145 50.979660 119.440094 -126.570221
146 52.210205 118.217758 -126.401459
147 51.858627 117.868515 -125.388901
148 52.034424 118.741608 -126.907745
149 51.682831 118.392380 -126.907745
150 51.507050 118.916229 -127.751541
151 52.386002 121.186295 -126.570221
152 50.276505 119.090851 -125.895172
153 50.628082 119.789337 -126.232697
154 51.682831 119.789337 -126.907745
155 51.331253 119.090851 -125.895172
156 51.682831 119.789337 -126.907745
157 52.386002 118.392380 -126.570221
158 51.858627 119.614716 -126.738983
159 50.979660 118.741608 -127.582779
160 52.737579 119.440094 -128.257828
161 52.386002 118.741608 -125.895172
162 51.682831 118.741608 -127.245255
163 51.858627 118.916229 -127.414017
164 51.682831 119.440094 -126.232697
165 52.210205 119.614716 -126.063934
166 51.331253 118.043137 -127.245255
167 52.034424 118.392380 -126.232697
168 52.737579 118.043137 -126.907745
169 50.803879 118.217758 -126.401459
170 51.331253 118.043137 -126.570221
171 50.803879 118.916229 -125.388901
172 52.210205 117.868515 -125.726410
173 51.507050 117.868515 -126.738983
174 51.507050 118.567001 -126.738983
175 50.803879 119.265472 -125.388901
176 52.210205 117.868515 -126.063934
177 52.737579 119.090851 -126.907745
178 52.386002 118.043137 -126.232697
179 53.264969 117.170029 -126.738983
180 51.507050 119.265472 -126.063934
181 51.507050 117.519272 -127.751541
182 52.386002 117.693893 -127.582779
183 51.155457 117.868515 -128.089066
184 51.507050 117.519272 -126.738983
185 50.803879 118.217758 -126.063934
186 50.803879 117.868515 -126.401459
187 52.386002 120.487808 -126.232697
188 51.331253 118.043137 -125.895172
189 50.628082 117.693893 -126.907745
190 51.331253 120.138580 -126.907745
191 52.210205 118.567001 -126.738983
192 52.913376 118.567001 -126.063934
193 50.803879 117.170029 -126.738983
194 52.561798 118.916229 -125.388901
195 52.210205 119.265472 -127.414017
196 52.561798 120.313202 -127.076492
197 52.210205 118.567001 -126.401459
198 51.331253 117.693893 -126.907745
199 51.858627 119.265472 -127.414017
200 51.858627 118.916229 -125.726410
201 52.386002 118.043137 -127.245255
202 52.210205 118.916229 -127.751541
203 51.155457 119.265472 -126.738983
204 50.452286 120.662430 -126.401459
205 52.386002 119.090851 -126.232697
206 51.155457 118.567001 -126.401459
207 51.858627 118.916229 -125.726410
208 52.737579 118.741608 -125.895172
209 52.737579 119.090851 -126.232697
210 51.331253 118.043137 -126.907745
211 52.386002 117.693893 -125.895172
212 52.210205 118.567001 -126.738983
213 52.386002 118.741608 -126.570221
214 51.858627 119.614716 -127.751541
215 51.682831 118.392380 -127.245255
216 51.682831 119.789337 -127.245255
217 50.803879 118.916229 -125.726410
218 51.682831 118.741608 -125.557663
219 52.210205 117.868515 -124.713852
220 51.507050 118.916229 -127.076492
221 51.682831 119.090851 -126.907745
222 52.034424 119.440094 -127.245255
223 50.979660 118.392380 -126.232697
224 51.682831 118.741608 -126.570221
225 52.386002 119.090851 -126.232697
226 51.858627 118.217758 -127.076492
227 52.034424 118.392380 -126.232697
228 51.858627 119.265472 -126.401459
229 51.155457 119.265472 -127.751541
230 50.803879 118.916229 -126.738983
231 52.034424 119.090851 -125.895172
232 50.979660 119.090851 -126.907745
233 50.628082 118.392380 -126.570221
234 50.628082 118.392380 -126.570221
235 51.155457 119.265472 -127.076492
236 51.507050 119.963959 -125.726410
237 51.858627 119.265472 -127.414017
238 51.682831 118.392380 -126.907745
239 51.682831 119.090851 -125.895172
240 50.803879 117.868515 -126.738983
241 51.155457 118.567001 -126.063934
242 52.210205 119.265472 -126.063934
243 51.507050 118.567001 -127.751541
244 51.507050 118.567001 -125.726410
245 51.331253 119.440094 -126.232697
246 51.682831 118.392380 -126.907745
247 52.737579 119.440094 -126.570221
248 50.803879 118.217758 -127.076492
249 52.210205 118.567001 -127.076492
250 52.737579 118.043137 -126.570221
251 52.210205 117.868515 -125.726410
252 51.858627 118.217758 -127.414017
253 52.034424 119.090851 -126.232697
254 52.913376 118.916229 -125.051376
255 52.737579 119.789337 -126.570221
256 52.210205 121.011673 -125.726410
257 52.737579 119.090851 -126.232697
258 51.682831 117.693893 -124.545090
259 51.507050 117.519272 -126.401459
260 50.452286 119.265472 -125.388901
261 52.210205 118.217758 -126.738983
262 52.034424 118.392380 -125.895172
263 53.264969 118.567001 -126.401459
264 50.803879 118.567001 -127.076492
265 52.210205 118.916229 -127.076492
266 50.803879 119.614716 -126.738983
267 51.155457 118.217758 -127.076492
268 51.682831 118.043137 -128.257828
269 51.331253 118.392380 -126.907745
270 50.628082 118.392380 -126.570221
271 51.858627 119.963959 -126.401459
272 52.034424 119.090851 -127.245255
273 52.561798 119.963959 -126.063934
274 52.386002 118.741608 -126.570221
275 52.386002 118.741608 -126.907745
276 52.561798 118.567001 -126.063934
277 51.155457 119.265472 -126.063934
278 51.331253 119.789337 -126.570221
279 52.386002 118.043137 -126.570221
280 50.628082 118.741608 -127.245255
281 52.386002 118.043137 -126.232697
282 50.452286 119.963959 -126.738983
283 52.034424 119.789337 -125.895172
284 51.331253 119.789337 -125.557663
285 53.616547 119.614716 -127.076492
286 52.737579 119.789337 -127.920303
287 51.155457 120.662430 -127.076492
288 50.100708 120.313202 -126.063934
289 51.507050 120.662430 -127.414017
290 52.737579 119.090851 -127.582779
291 52.034424 118.741608 -126.232697
292 50.452286 119.963959 -127.414017
293 52.386002 119.440094 -126.907745
294 51.155457 117.868515 -126.738983
295 52.034424 119.090851 -127.245255
296 51.858627 118.567001 -127.751541
297 51.858627 119.614716 -126.401459
298 53.616547 118.916229 -127.076492
299 53.264969 119.614716 -126.738983
300 52.561798 117.868515 -127.076492
301 52.737579 118.043137 -125.895172
302 50.803879 120.313202 -124.713852
303 51.155457 118.217758 -126.738983
304 52.913376 118.916229 -126.401459
305 51.331253 118.043137 -126.232697
306 51.858627 116.820801 -126.063934
307 52.034424 120.837051 -127.582779
308 51.858627 120.313202 -126.063934
309 52.210205 117.868515 -125.726410
310 52.210205 118.217758 -126.063934
311 51.507050 118.916229 -125.726410
312 53.264969 118.916229 -127.076492
313 50.979660 116.995407 -127.245255
314 51.682831 118.043137 -126.570221
315 52.561798 118.567001 -126.063934
316 53.440750 119.440094 -127.582779
317 51.331253 118.741608 -126.570221
318 51.682831 119.789337 -127.920303
319 51.155457 118.567001 -127.076492
320 50.803879 118.916229 -127.076492
321 51.858627 117.868515 -126.738983
322 51.507050 118.916229 -127.076492
323 52.210205 118.916229 -126.401459
324 50.979660 119.090851 -127.920303
325 52.034424 120.138580 -125.895172
326 52.034424 118.392380 -127.582779
327 52.737579 118.043137 -126.232697
328 51.682831 118.741608 -126.232697
329 50.979660 118.741608 -127.245255
330 50.979660 118.392380 -127.920303
331 52.210205 118.916229 -126.738983
332 51.682831 119.440094 -126.570221
333 51.682831 119.440094 -126.907745
334 51.858627 119.265472 -125.388901
335 52.386002 119.090851 -127.582779
336 52.561798 118.916229 -127.414017
337 52.561798 119.963959 -127.751541
338 52.210205 118.916229 -126.063934
339 50.276505 119.440094 -126.907745
340 50.979660 119.090851 -127.245255
341 51.507050 119.614716 -127.414017
342 52.737579 120.837051 -126.570221
343 50.803879 117.868515 -127.414017
344 50.628082 118.741608 -126.570221
345 51.331253 118.392380 -125.220139
346 51.155457 119.265472 -126.738983
347 51.155457 117.868515 -126.401459
348 51.331253 118.043137 -126.907745
349 52.034424 117.693893 -127.582779
350 52.034424 118.741608 -126.570221
351 52.386002 119.090851 -126.907745
352 51.858627 119.614716 -127.076492
353 50.979660 119.440094 -125.557663
354 52.737579 118.741608 -125.557663
355 51.858627 119.614716 -126.738983
356 51.682831 119.090851 -126.570221
357 52.386002 118.741608 -125.220139
358 52.034424 118.043137 -126.570221
359 51.858627 118.217758 -127.076492
360 50.628082 118.043137 -126.570221
361 52.561798 120.313202 -126.738983
362 50.979660 118.392380 -128.595337
363 53.089172 119.090851 -127.245255
364 52.561798 118.567001 -126.401459
365 52.034424 119.440094 -126.570221
366 51.331253 120.138580 -126.570221
367 51.331253 119.090851 -126.232697
368 52.386002 118.043137 -125.895172
369 51.331253 119.789337 -126.570221
370 51.682831 116.646179 -126.570221
371 52.210205 118.567001 -126.401459
372 51.682831 119.789337 -127.920303
373 51.507050 118.217758 -126.401459
374 52.561798 118.217758 -125.726410
375 51.155457 118.217758 -126.401459
376 52.386002 118.043137 -126.907745
377 51.507050 118.567001 -125.726410
378 50.628082 118.741608 -125.895172
379 51.507050 117.868515 -127.414017
380 51.331253 118.392380 -127.245255
381 51.331253 118.392380 -128.257828
382 51.507050 118.916229 -127.076492
383 51.331253 119.090851 -125.220139
384 51.507050 119.265472 -127.076492
385 53.089172 117.693893 -127.920303
386 51.858627 118.916229 -125.388901
387 50.628082 118.392380 -126.570221
388 52.561798 118.217758 -126.738983
389 51.682831 118.392380 -126.570221
390 52.913376 119.265472 -127.076492
391 52.561798 119.614716 -126.401459
392 53.792343 119.440094 -125.895172
393 51.682831 119.090851 -125.895172
394 51.858627 119.265472 -126.401459
395 51.682831 119.090851 -125.220139
396 51.155457 120.313202 -125.726410
397 52.386002 118.741608 -126.570221
398 49.924911 116.995407 -126.232697
399 52.034424 119.090851 -126.907745
400 51.682831 118.741608 -126.232697
401 52.386002 119.789337 -126.570221
402 52.386002 117.693893 -126.570221
403 50.276505 119.090851 -126.570221
404 52.210205 117.170029 -126.063934
405 52.210205 118.567001 -127.414017
406 52.386002 119.090851 -126.570221
407 51.682831 118.741608 -126.570221
408 52.210205 118.916229 -125.726410
409 53.264969 118.916229 -126.738983
410 51.507050 118.916229 -125.726410
411 49.924911 119.090851 -126.232697
412 52.034424 118.043137 -127.245255
413 52.737579 118.741608 -127.582779
414 49.924911 117.693893 -126.232697
415 52.561798 118.916229 -127.414017
416 52.034424 119.090851 -124.882614
417 52.386002 119.090851 -126.907745
418 51.331253 118.741608 -126.232697
419 52.034424 119.789337 -127.245255
420 51.331253 120.138580 -126.907745
421 51.331253 119.440094 -126.570221
422 52.737579 119.090851 -125.220139
423 51.858627 118.916229 -127.076492
424 51.682831 117.693893 -126.570221
425 51.858627 118.217758 -125.726410
426 50.979660 119.440094 -126.232697
427 52.034424 118.392380 -126.907745
428 51.858627 117.519272 -127.076492
429 51.507050 118.567001 -127.414017
430 52.034424 119.090851 -127.245255
431 51.155457 118.916229 -126.738983
432 51.507050 119.614716 -125.726410
433 50.452286 118.916229 -126.401459
434 52.210205 119.614716 -126.063934
435 51.507050 119.265472 -126.063934
436 51.155457 117.170029 -125.726410
437 51.507050 118.916229 -126.738983
438 52.386002 118.741608 -125.557663
439 52.034424 118.741608 -125.220139
440 51.155457 118.217758 -126.738983
441 52.386002 119.090851 -125.220139
442 52.034424 118.043137 -126.570221
443 51.331253 118.741608 -126.570221
444 50.803879 118.916229 -126.401459
445 51.682831 119.090851 -127.245255
446 52.737579 117.693893 -126.907745
447 50.803879 118.567001 -126.401459
448 51.858627 119.614716 -126.401459
449 52.034424 118.043137 -125.895172
450 53.616547 117.868515 -127.076492
451 51.507050 118.567001 -126.401459
452 51.858627 119.614716 -126.063934
453 50.276505 117.344650 -126.570221
454 50.276505 118.392380 -126.907745
455 51.682831 118.392380 -126.907745
456 51.331253 119.090851 -126.907745
457 52.034424 118.741608 -126.907745
458 52.210205 120.313202 -127.076492
459 50.803879 119.614716 -126.401459
460 51.331253 120.487808 -127.245255
461 52.737579 120.138580 -125.895172
462 52.034424 118.392380 -126.907745
463 52.034424 118.043137 -127.582779
464 51.682831 119.789337 -127.245255
465 52.034424 119.789337 -126.232697
466 50.628082 118.741608 -127.920303
467 53.440750 118.392380 -126.907745
468 52.034424 118.392380 -128.595337
469 51.507050 117.519272 -127.751541
470 52.210205 118.916229 -126.738983
471 52.561798 119.614716 -127.414017
472 51.155457 118.567001 -125.726410
473 51.507050 117.519272 -127.751541
474 51.858627 118.567001 -126.738983
475 51.155457 118.217758 -127.414017
476 51.331253 118.741608 -126.232697
477 52.034424 118.392380 -126.907745
478 52.737579 118.741608 -127.245255
479 50.803879 119.265472 -126.063934
480 51.507050 119.614716 -126.401459
481 52.737579 118.741608 -126.570221
482 52.034424 118.043137 -126.907745
483 51.858627 119.265472 -126.738983
484 52.034424 118.741608 -127.245255
485 52.561798 118.916229 -126.738983
486 51.331253 119.090851 -126.232697
487 51.682831 120.487808 -126.232697
488 52.034424 117.693893 -126.570221
489 52.034424 119.090851 -126.232697
490 51.858627 117.519272 -126.401459
491 52.210205 119.963959 -126.063934
492 52.034424 119.789337 -127.245255
493 52.386002 117.693893 -125.895172
494 52.913376 118.916229 -126.738983
495 51.858627 118.217758 -127.076492
496 51.331253 120.138580 -126.570221
497 51.507050 119.265472 -127.751541
498 50.979660 119.440094 -126.570221
499 51.331253 118.392380 -125.895172
500 52.913376 119.614716 -126.401459
501 51.155457 119.265472 -127.414017
502 52.561798 118.217758 -125.051376
503 51.155457 118.916229 -126.401459
504 51.858627 119.614716 -126.063934
505 51.507050 120.313202 -126.401459
506 52.561798 117.170029 -126.738983
507 52.386002 118.392380 -125.895172
508 50.100708 118.217758 -126.401459
509 52.737579 117.344650 -127.245255
510 50.100708 119.614716 -127.414017
511 51.858627 118.916229 -126.063934
512 52.034424 117.693893 -125.895172
513 53.089172 118.741608 -127.582779
514 53.089172 119.789337 -128.595337
515 51.858627 119.614716 -126.401459
516 53.089172 119.440094 -126.570221
517 50.100708 118.567001 -127.076492
518 51.858627 118.916229 -126.401459
519 51.331253 118.392380 -127.245255
520 50.979660 117.344650 -127.245255
521 51.331253 118.043137 -126.907745
522 51.682831 118.043137 -127.245255
523 52.386002 119.090851 -126.232697
524 51.507050 119.265472 -126.401459
525 51.507050 118.916229 -126.401459
526 51.858627 118.916229 -126.063934
527 51.858627 119.265472 -126.738983
528 50.803879 119.963959 -127.414017
529 52.210205 119.963959 -128.089066
530 51.331253 118.741608 -126.570221
531 51.858627 117.868515 -126.738983
532 50.803879 119.265472 -126.738983
533 51.682831 119.090851 -125.557663
534 52.913376 120.662430 -127.414017
535 51.858627 119.265472 -126.401459
536 51.858627 117.868515 -125.388901
537 51.155457 117.519272 -126.063934
538 50.979660 119.789337 -126.570221
539 51.507050 118.567001 -127.076492
540 51.858627 119.963959 -126.063934
541 52.210205 118.567001 -127.076492
542 52.913376 118.567001 -126.401459
543 52.210205 118.567001 -127.414017
544 51.858627 118.567001 -127.076492
545 51.682831 118.741608 -125.557663
546 52.913376 119.265472 -127.414017
547 51.682831 119.440094 -126.570221
548 50.979660 118.741608 -126.907745
549 52.386002 118.392380 -126.570221
550 51.507050 119.265472 -125.051376
551 52.210205 119.963959 -127.076492
552 52.210205 118.916229 -126.401459
553 51.155457 119.614716 -127.076492
554 52.210205 117.868515 -126.063934
555 52.737579 118.043137 -126.232697
556 51.155457 118.916229 -125.388901
557 52.210205 118.567001 -126.063934
558 52.034424 119.090851 -126.907745
559 50.979660 118.043137 -126.907745
560 52.913376 118.217758 -126.738983
561 50.100708 118.217758 -126.738983
562 52.561798 118.217758 -126.738983
563 54.143921 118.043137 -125.895172
564 52.034424 118.741608 -126.570221
565 52.210205 118.567001 -126.738983
566 51.858627 118.567001 -126.738983
567 52.034424 118.741608 -125.895172
568 51.682831 118.741608 -127.582779
569 52.386002 117.344650 -125.895172
570 52.561798 119.265472 -126.738983
571 52.386002 118.741608 -126.907745
572 51.858627 118.916229 -126.063934
573 52.561798 118.916229 -127.076492
574 50.628082 119.090851 -127.582779
575 52.210205 118.217758 -126.401459
576 51.507050 119.614716 -126.401459
577 52.034424 118.392380 -126.570221
578 52.561798 117.868515 -127.414017
579 52.034424 120.138580 -126.907745
580 51.331253 118.392380 -125.557663
581 51.858627 118.567001 -126.738983
582 51.858627 118.217758 -125.726410
583 51.331253 119.090851 -125.895172
584 53.089172 119.090851 -126.907745
585 52.210205 118.567001 -126.738983
586 51.682831 118.392380 -128.932861
587 52.034424 118.392380 -126.232697
588 52.034424 116.995407 -125.895172
589 50.803879 118.217758 -126.738983
590 51.682831 118.392380 -125.895172
591 51.858627 117.868515 -126.738983
592 51.858627 119.614716 -126.738983
593 50.979660 117.693893 -125.895172
594 51.682831 119.789337 -125.895172
595 52.561798 118.916229 -126.738983
596 51.331253 118.392380 -125.220139
597 52.386002 118.741608 -125.557663
598 52.737579 116.995407 -127.582779
599 51.331253 118.741608 -127.245255
600 51.682831 118.741608 -126.907745
601 52.386002 118.392380 -125.220139
602 51.858627 118.567001 -125.388901
603 51.507050 119.265472 -126.401459
604 51.155457 118.916229 -126.401459
605 52.034424 118.392380 -126.232697
606 53.264969 117.868515 -126.063934
607 52.210205 117.868515 -125.726410
608 50.452286 119.265472 -127.414017
609 51.858627 118.916229 -126.401459
610 51.858627 120.313202 -126.063934
611 50.803879 117.868515 -126.738983
612 51.682831 118.741608 -125.895172
613 51.682831 119.090851 -125.895172
614 52.210205 119.614716 -126.738983
615 52.913376 120.313202 -127.076492
616 50.979660 117.693893 -126.570221
617 50.803879 120.662430 -125.726410
618 52.386002 119.090851 -126.232697
619 51.682831 119.090851 -125.895172
620 53.440750 119.789337 -126.232697
621 51.507050 119.265472 -126.401459
622 52.386002 118.741608 -125.557663
623 51.682831 118.741608 -127.920303
624 49.749115 119.614716 -127.414017
625 52.386002 120.138580 -127.920303
626 52.386002 119.440094 -126.907745
627 52.737579 119.090851 -126.570221
628 52.386002 118.741608 -127.582779
629 51.682831 118.392380 -126.570221
630 51.331253 119.090851 -126.570221
631 52.034424 118.043137 -125.557663
632 50.628082 119.090851 -127.920303
633 50.979660 119.440094 -126.907745
634 50.100708 119.265472 -126.401459
635 52.386002 118.392380 -125.557663
636 51.507050 119.265472 -127.414017
637 51.331253 119.090851 -126.232697
638 52.561798 118.916229 -125.388901
639 52.561798 117.868515 -126.738983
640 52.386002 119.440094 -126.907745
641 51.331253 119.440094 -126.907745
642 51.858627 118.916229 -127.414017
643 51.155457 118.567001 -126.063934
644 52.210205 119.265472 -126.738983
645 51.507050 119.265472 -126.063934
646 50.452286 117.868515 -125.726410
647 50.979660 119.090851 -127.920303
648 51.331253 119.789337 -126.232697
649 51.507050 118.567001 -126.063934
650 50.452286 118.567001 -127.076492
651 51.682831 119.090851 -126.907745
652 51.507050 118.916229 -127.751541
653 51.507050 118.217758 -126.401459
654 52.034424 119.789337 -126.907745
655 51.682831 119.440094 -126.232697
656 51.155457 120.313202 -126.401459
657 51.507050 119.265472 -126.738983
658 49.749115 118.567001 -127.076492
659 51.682831 119.789337 -126.232697
660 51.858627 119.614716 -126.401459
661 51.858627 118.916229 -125.726410
662 51.331253 118.741608 -125.895172
663 50.803879 119.265472 -126.063934
664 52.034424 119.440094 -126.907745
665 52.386002 118.392380 -126.907745
666 51.507050 118.217758 -125.726410
667 52.386002 118.392380 -125.220139
668 50.452286 119.265472 -126.738983
669 49.749115 119.614716 -127.414017
670 50.276505 119.789337 -126.570221
671 52.034424 119.090851 -125.895172
672 52.210205 118.567001 -126.063934
673 52.737579 119.090851 -126.570221
674 52.561798 118.567001 -127.076492
675 52.210205 117.868515 -127.076492
676 51.331253 117.344650 -126.232697
677 52.561798 118.217758 -125.388901
678 51.331253 118.741608 -126.232697
679 50.979660 118.741608 -126.570221
680 51.155457 119.614716 -127.076492
681 52.561798 118.567001 -126.401459
682 51.155457 118.567001 -127.414017
683 52.034424 118.392380 -127.920303
684 51.682831 119.090851 -126.232697
685 51.331253 118.043137 -126.907745
686 51.507050 120.313202 -126.401459
687 52.034424 119.440094 -127.582779
688 51.682831 117.344650 -125.895172
689 50.628082 119.090851 -126.907745
690 53.089172 119.090851 -126.570221
691 51.331253 118.741608 -126.232697
692 52.386002 118.392380 -125.557663
693 51.858627 117.519272 -126.401459
694 52.737579 120.138580 -126.232697
695 50.100708 117.868515 -125.726410
696 53.089172 117.693893 -125.895172
697 50.979660 119.789337 -125.557663
698 51.858627 117.868515 -126.401459
699 52.386002 118.392380 -125.557663
700 52.913376 119.963959 -125.051376
701 51.507050 118.916229 -125.051376
702 52.737579 117.693893 -126.232697
703 52.561798 119.265472 -125.726410
704 52.034424 119.090851 -126.907745
705 52.386002 119.090851 -127.582779
706 52.386002 119.789337 -127.582779
707 50.628082 118.043137 -126.570221
708 52.034424 117.693893 -126.907745
709 51.507050 117.170029 -126.738983
710 52.386002 117.693893 -125.895172
711 53.440750 118.741608 -127.582779
712 51.155457 118.217758 -127.414017
713 52.210205 119.614716 -125.726410
714 51.507050 119.265472 -126.738983
715 52.034424 118.741608 -126.232697
716 51.682831 119.090851 -126.232697
717 50.803879 118.217758 -126.738983
718 51.858627 119.963959 -126.738983
719 52.561798 118.916229 -125.726410
720 52.210205 118.567001 -125.726410
721 52.386002 119.789337 -126.232697
722 51.507050 121.011673 -126.401459
723 52.386002 119.440094 -125.895172
724 51.858627 117.170029 -127.414017
725 50.803879 119.265472 -127.414017
726 52.210205 118.217758 -127.751541
727 52.034424 119.789337 -125.895172
728 52.913376 119.963959 -126.401459
729 51.331253 119.440094 -125.557663
730 52.386002 118.043137 -126.570221
731 50.979660 118.392380 -126.232697
732 52.561798 119.265472 -125.388901
733 51.155457 119.265472 -126.738983
734 51.507050 118.916229 -126.401459
735 51.858627 119.614716 -126.401459
736 52.034424 119.090851 -126.232697
737 51.331253 120.138580 -125.220139
738 51.682831 119.789337 -125.895172
739 52.737579 117.344650 -126.232697
740 52.034424 118.043137 -126.232697
741 52.210205 118.916229 -127.414017
742 52.737579 118.741608 -125.557663
743 51.507050 118.217758 -127.076492
744 51.682831 118.043137 -126.232697
745 49.924911 118.741608 -126.570221
746 52.386002 118.741608 -126.907745
747 51.858627 118.567001 -126.063934
748 51.507050 118.567001 -126.738983
749 51.682831 118.741608 -126.907745
750 52.913376 119.614716 -127.414017
751 51.858627 119.265472 -126.401459
752 51.507050 119.265472 -125.388901
753 51.155457 118.916229 -127.414017
754 52.034424 118.392380 -126.232697
755 51.858627 119.265472 -126.401459
756 51.507050 119.265472 -126.063934
757 50.276505 119.090851 -126.232697
758 51.507050 118.567001 -127.076492
759 51.682831 118.741608 -125.895172
760 50.452286 117.519272 -125.726410
761 52.386002 120.138580 -125.557663
762 52.386002 118.741608 -125.557663
763 51.155457 119.265472 -127.076492
764 51.858627 118.567001 -125.726410
765 51.682831 118.741608 -126.232697
766 52.034424 120.138580 -126.907745
767 52.210205 118.567001 -125.726410
768 50.979660 119.090851 -126.232697
769 50.452286 118.567001 -127.076492
770 50.803879 119.265472 -125.726410
771 52.561798 117.868515 -126.738983
772 51.507050 117.868515 -125.051376
773 51.682831 119.789337 -126.232697
774 52.561798 117.868515 -125.726410
775 52.034424 118.741608 -127.920303
776 52.561798 118.567001 -126.401459
777 52.210205 119.614716 -125.388901
778 52.561798 118.916229 -126.401459
779 51.682831 118.043137 -127.245255
780 52.737579 118.043137 -126.907745
781 50.803879 119.614716 -126.401459
782 50.803879 119.265472 -127.076492
783 51.155457 119.265472 -126.401459
784 51.331253 119.090851 -126.907745
785 51.507050 118.217758 -126.063934
786 52.034424 118.741608 -125.220139
787 52.034424 116.995407 -126.907745
788 52.561798 119.265472 -125.726410
789 52.034424 118.741608 -124.545090
790 52.561798 118.916229 -127.076492
791 52.386002 118.043137 -126.232697
792 52.913376 119.614716 -126.401459
793 50.628082 119.090851 -126.232697
794 50.979660 119.440094 -125.895172
795 52.034424 117.344650 -126.570221
796 51.682831 119.440094 -125.895172
797 50.803879 117.868515 -126.401459
798 50.628082 118.741608 -127.245255
799 52.913376 118.916229 -126.738983
800 51.682831 119.090851 -125.220139
801 52.561798 119.963959 -126.401459
802 51.858627 119.265472 -128.089066
803 52.210205 119.614716 -126.401459
804 52.737579 118.043137 -125.895172
805 51.155457 117.170029 -125.726410
806 50.979660 119.090851 -126.907745
807 52.034424 119.090851 -125.895172
808 52.561798 119.614716 -126.738983
809 50.979660 119.440094 -125.895172
810 50.979660 119.789337 -125.557663
811 50.803879 117.519272 -125.726410
812 50.452286 118.567001 -126.401459
813 53.264969 118.567001 -127.076492
814 52.210205 118.567001 -125.388901
815 51.507050 118.567001 -126.401459
816 51.682831 119.440094 -125.220139
817 50.803879 117.519272 -126.738983
818 52.386002 119.090851 -125.895172
819 50.979660 119.090851 -127.245255
820 51.331253 118.741608 -126.907745
821 51.858627 118.916229 -126.063934
822 50.803879 118.567001 -126.738983
823 52.737579 119.440094 -126.232697
824 52.034424 118.741608 -126.907745
825 50.979660 118.741608 -126.232697
826 51.682831 118.043137 -126.232697
827 51.331253 118.392380 -127.245255
828 52.913376 117.519272 -127.076492
829 51.682831 120.138580 -126.570221
830 51.331253 117.693893 -126.570221
831 52.386002 118.392380 -126.232697
832 52.913376 119.963959 -125.726410
833 52.386002 118.043137 -127.245255
834 52.913376 119.265472 -126.401459
835 50.628082 117.693893 -126.232697
836 52.737579 119.440094 -125.220139
837 51.858627 119.265472 -125.388901
838 52.386002 118.392380 -126.232697
839 51.507050 119.265472 -125.051376
840 51.682831 118.392380 -126.570221
841 51.507050 118.916229 -126.401459
842 52.737579 119.440094 -127.245255
843 50.979660 118.741608 -126.232697
844 52.386002 118.392380 -126.907745
845 52.737579 119.090851 -126.232697
846 52.386002 117.693893 -126.232697
847 51.682831 118.392380 -125.895172
848 51.331253 118.392380 -126.570221
849 50.979660 117.693893 -125.557663
850 53.089172 118.741608 -127.582779
851 51.682831 119.090851 -126.232697
852 52.034424 116.995407 -127.582779
853 52.034424 117.344650 -125.895172
854 52.210205 117.868515 -126.401459
855 52.737579 119.090851 -126.232697
856 52.034424 118.043137 -125.895172
857 52.034424 119.090851 -126.907745
858 51.858627 119.265472 -127.076492
859 52.561798 119.614716 -127.076492
860 51.682831 118.392380 -126.570221
861 51.155457 117.170029 -126.401459
862 52.561798 117.170029 -125.388901
863 52.034424 119.440094 -127.245255
864 50.628082 118.392380 -125.220139
865 51.331253 117.693893 -126.907745
866 52.386002 118.741608 -127.245255
867 52.210205 119.614716 -126.401459
868 52.737579 118.741608 -127.245255
869 53.089172 119.440094 -126.232697
870 52.210205 117.868515 -127.076492
871 51.331253 117.693893 -126.570221
872 50.628082 118.392380 -127.582779
873 51.507050 119.265472 -126.401459
874 50.452286 118.217758 -126.401459
875 51.682831 118.392380 -126.570221
876 52.210205 118.916229 -126.738983
877 52.034424 119.789337 -126.570221
878 52.561798 119.614716 -126.401459
879 51.331253 118.741608 -126.907745
880 52.034424 119.090851 -126.232697
881 54.319717 118.217758 -126.401459
882 51.507050 117.868515 -126.063934
883 52.034424 119.789337 -127.245255
884 52.561798 119.614716 -125.726410
885 52.210205 118.916229 -126.738983
886 52.386002 118.741608 -125.895172
887 51.331253 119.090851 -125.557663
888 52.034424 118.043137 -126.232697
889 52.737579 119.090851 -125.220139
890 52.210205 118.916229 -126.738983
891 51.507050 118.916229 -125.726410
892 52.913376 118.217758 -127.414017
893 51.155457 118.916229 -127.414017
894 51.331253 118.392380 -126.570221
895 51.155457 119.614716 -126.738983
896 51.507050 118.916229 -126.063934
897 52.034424 118.392380 -127.920303
898 51.858627 119.265472 -125.388901
899 52.561798 119.963959 -126.401459
900 52.210205 118.217758 -127.076492
901 52.737579 119.090851 -126.570221
902 50.979660 118.043137 -126.570221
903 51.155457 120.313202 -127.751541
904 50.628082 120.837051 -127.582779
905 51.682831 118.392380 -126.570221
906 50.979660 119.440094 -127.582779
907 52.386002 119.090851 -126.570221
908 52.034424 118.392380 -126.907745
909 49.749115 118.217758 -126.063934
910 51.507050 119.265472 -127.414017
911 51.331253 118.741608 -127.582779
912 50.979660 118.392380 -127.920303
913 51.682831 117.344650 -126.570221
914 52.913376 118.567001 -125.726410
915 51.331253 118.741608 -126.232697
916 52.561798 119.614716 -127.414017
917 52.386002 120.138580 -125.220139
918 51.507050 118.567001 -125.726410
919 50.803879 118.217758 -127.076492
920 52.737579 117.693893 -125.895172
921 53.264969 117.868515 -126.738983
922 52.210205 118.217758 -127.076492
923 51.155457 118.217758 -126.063934
924 51.682831 119.789337 -126.570221
925 50.276505 119.090851 -126.232697
926 51.507050 118.567001 -126.738983
927 52.210205 118.567001 -127.076492
928 51.507050 118.217758 -127.076492
929 51.507050 118.916229 -125.726410
930 52.034424 119.090851 -127.582779
931 52.034424 118.392380 -125.895172
932 51.331253 118.741608 -126.232697
933 51.331253 118.741608 -127.582779
934 51.858627 119.265472 -127.076492
935 51.858627 118.217758 -127.076492
936 52.034424 118.741608 -126.232697
937 49.924911 119.090851 -126.570221
938 52.737579 119.090851 -127.245255
939 52.737579 119.440094 -126.907745
940 51.507050 118.567001 -126.063934
941 50.100708 117.519272 -127.076492
942 51.682831 118.043137 -126.907745
943 52.034424 119.789337 -126.232697
944 51.155457 118.217758 -124.713852
945 51.682831 119.090851 -127.582779
946 52.034424 118.741608 -126.570221
947 51.331253 118.392380 -126.232697
948 50.628082 119.090851 -126.907745
949 52.210205 118.567001 -126.738983
950 51.507050 118.217758 -127.076492
951 49.924911 119.789337 -126.232697
952 50.979660 118.392380 -126.232697
953 52.034424 118.741608 -128.257828
954 50.452286 118.567001 -127.414017
955 52.913376 118.217758 -126.738983
956 51.331253 119.789337 -126.570221
957 52.386002 118.392380 -126.232697
958 52.561798 118.217758 -126.063934
959 51.858627 118.916229 -127.414017
960 51.507050 119.265472 -125.388901
961 51.507050 119.614716 -126.063934
962 51.858627 118.916229 -126.401459
963 52.210205 119.614716 -126.063934
964 51.155457 118.916229 -127.076492
965 53.264969 117.170029 -126.738983
966 51.507050 118.916229 -126.738983
967 51.155457 118.567001 -127.076492
968 52.913376 119.265472 -126.738983
969 51.858627 117.170029 -127.414017
970 51.507050 117.868515 -126.738983
971 52.034424 119.440094 -125.895172
972 51.682831 119.440094 -126.232697
973 52.561798 119.614716 -126.738983
974 51.858627 117.868515 -127.414017
975 50.628082 118.741608 -127.920303
976 51.682831 119.090851 -126.232697
977 51.682831 117.344650 -125.895172
978 50.276505 119.090851 -126.232697
979 50.628082 117.693893 -127.582779
980 52.737579 119.440094 -126.907745
981 50.979660 120.487808 -127.245255
982 52.034424 118.741608 -126.232697
983 51.682831 118.392380 -125.895172
984 51.682831 118.741608 -126.570221
985 50.628082 118.392380 -126.570221
986 52.034424 118.741608 -127.245255
987 50.979660 117.693893 -127.245255
988 50.276505 119.440094 -125.557663
989 50.979660 119.090851 -126.570221
990 50.803879 119.614716 -126.401459
991 51.155457 119.614716 -126.738983
992 52.210205 119.963959 -125.388901
993 52.034424 119.090851 -126.232697
994 52.386002 119.090851 -125.220139
995 51.331253 119.090851 -127.245255
996 50.979660 120.138580 -126.570221
997 52.034424 119.090851 -125.557663
998 51.507050 119.265472 -127.076492
999 52.386002 118.741608 -125.557663
1000 50.452286 118.567001 -126.738983
1001 52.913376 119.265472 -126.738983
1002 51.155457 118.916229 -127.076492
1003 51.507050 118.567001 -126.063934
1004 51.682831 118.043137 -125.895172
1005 50.803879 117.519272 -125.388901
1006 50.803879 118.217758 -127.751541
1007 51.858627 117.868515 -126.401459
1008 51.507050 118.567001 -127.751541
1009 52.034424 121.186295 -127.245255
1010 52.034424 119.090851 -126.570221
1011 50.452286 119.265472 -125.726410
1012 53.264969 119.614716 -126.738983
1013 51.682831 116.995407 -125.220139
1014 52.210205 118.916229 -126.063934
1015 52.034424 119.440094 -127.920303
1016 51.155457 121.011673 -126.063934
1017 50.276505 118.392380 -127.245255
1018 50.803879 118.567001 -127.076492
1019 52.737579 119.090851 -126.570221
1020 51.682831 118.043137 -126.570221
1021 52.561798 118.916229 -127.751541
1022 51.858627 118.217758 -127.414017
1023 51.682831 119.090851 -126.570221
1024 52.386002 118.741608 -127.245255
1025 50.276505 119.090851 -127.245255
1026 52.210205 118.916229 -126.401459
1027 52.034424 118.392380 -125.895172
1028 51.858627 118.567001 -128.089066
1029 51.858627 121.011673 -127.751541
1030 52.034424 117.693893 -126.907745
1031 51.155457 119.614716 -127.414017
1032 50.979660 118.741608 -126.232697
1033 51.682831 118.392380 -126.232697
1034 51.858627 119.265472 -126.738983
1035 52.210205 118.916229 -126.401459
1036 51.507050 118.916229 -125.051376
1037 51.507050 119.614716 -125.726410
1038 50.803879 119.963959 -127.076492
1039 51.858627 117.519272 -126.063934
1040 52.034424 119.440094 -125.895172
1041 51.331253 118.392380 -126.907745
1042 51.507050 119.265472 -127.076492
1043 51.858627 119.614716 -127.076492
1044 53.264969 119.614716 -127.414017
1045 51.682831 119.440094 -125.895172
1046 52.034424 120.138580 -126.907745
1047 51.507050 119.614716 -128.089066
1048 53.089172 118.392380 -127.245255
1049 51.682831 118.741608 -126.232697
1050 51.331253 118.043137 -127.245255
1051 51.858627 117.519272 -126.738983
1052 52.561798 118.217758 -126.401459
1053 52.386002 119.440094 -126.570221
1054 52.386002 118.741608 -126.232697
1055 50.979660 118.392380 -127.582779
1056 51.858627 118.916229 -126.063934
1057 52.210205 119.265472 -126.401459
1058 52.034424 119.440094 -126.232697
1059 52.210205 118.567001 -127.751541
1060 52.737579 117.344650 -126.570221
1061 50.803879 118.567001 -125.388901
1062 52.210205 118.567001 -126.401459
1063 50.803879 119.265472 -127.414017
1064 52.561798 118.217758 -126.063934
1065 52.210205 118.567001 -126.738983
1066 51.682831 119.090851 -126.232697
1067 52.737579 118.741608 -126.907745
1068 51.507050 119.265472 -126.738983
1069 51.682831 118.392380 -124.882614
1070 53.616547 119.265472 -125.388901
1071 52.561798 119.265472 -125.726410
1072 51.155457 118.916229 -126.738983
1073 51.507050 118.916229 -125.726410
1074 50.628082 118.392380 -125.557663
1075 50.979660 119.440094 -126.232697
1076 52.034424 117.693893 -124.882614
1077 52.561798 117.170029 -125.388901
1078 52.034424 119.789337 -127.920303
1079 51.155457 119.265472 -126.401459
1080 51.682831 118.392380 -126.232697
1081 52.034424 120.138580 -126.907745
1082 52.737579 118.392380 -126.232697
1083 50.100708 119.963959 -126.738983
1084 51.858627 118.916229 -127.076492
1085 51.331253 118.392380 -125.557663
1086 53.264969 118.217758 -127.751541
1087 53.089172 118.741608 -126.232697
1088 53.264969 120.313202 -126.738983
1089 52.210205 119.963959 -126.738983
1090 52.737579 118.741608 -125.895172
1091 50.979660 119.090851 -126.907745
1092 52.034424 119.440094 -128.257828
1093 50.803879 119.963959 -126.401459
1094 52.561798 118.567001 -126.738983
1095 52.034424 119.440094 -126.907745
1096 50.628082 118.043137 -126.232697
1097 52.386002 120.487808 -127.245255
1098 51.155457 118.567001 -126.401459
1099 51.507050 118.567001 -126.401459
1100 51.507050 118.916229 -127.414017
1101 53.089172 119.440094 -125.557663
1102 51.155457 118.916229 -127.076492
1103 51.155457 118.217758 -126.738983
1104 52.561798 119.265472 -127.076492
1105 50.979660 119.090851 -127.582779
1106 51.682831 117.693893 -126.907745
1107 51.331253 118.043137 -125.895172
1108 51.155457 118.916229 -126.738983
