1 34.806808 95.342529 -116.444595
2 34.279434 95.167908 -117.288406
3 34.631012 95.517151 -118.300964
4 34.631012 97.263351 -118.300964
5 34.279434 95.517151 -116.613358
6 33.224670 95.866394 -119.313522
7 33.224670 95.167908 -117.963440
8 33.400467 94.644043 -118.469727
9 33.400467 95.342529 -118.807251
10 33.224670 94.469437 -115.938324
11 32.169922 94.818665 -118.300964
12 33.576263 94.469437 -117.625916
13 32.873093 95.517151 -117.288406
14 33.048889 95.691772 -117.794678
15 34.279434 95.866394 -118.638489
16 35.334183 95.517151 -117.288406
17 32.873093 95.517151 -117.963440
18 34.279434 95.517151 -117.625916
19 34.103638 96.390244 -118.807251
20 33.927841 96.215637 -116.950882
21 34.103638 95.342529 -116.444595
22 33.927841 94.469437 -116.275833
23 33.048889 95.342529 -118.132202
24 34.279434 95.517151 -118.300964
25 33.927841 95.517151 -117.625916
26 33.927841 94.120193 -117.288406
27 33.224670 96.215637 -116.275833
28 33.224670 96.564865 -117.963440
29 33.400467 94.993286 -116.782120
30 34.103638 94.993286 -117.794678
31 34.806808 95.691772 -117.119644
32 33.752060 94.993286 -117.119644
33 33.576263 94.469437 -117.963440
34 33.752060 93.945572 -118.132202
35 35.158386 94.993286 -117.119644
36 32.697296 95.691772 -118.469727
37 32.697296 94.993286 -118.469727
38 32.169922 96.564865 -117.963440
39 33.927841 96.215637 -118.638489
40 34.455215 94.294815 -117.457169
41 35.334183 95.517151 -117.625916
42 34.103638 96.390244 -117.794678
43 33.224670 95.517151 -118.975998
44 33.224670 95.517151 -116.613358
45 34.103638 94.993286 -116.444595
46 33.927841 95.866394 -117.625916
47 33.400467 94.294815 -117.794678
48 32.873093 95.517151 -117.625916
49 34.103638 94.993286 -118.132202
50 33.752060 94.644043 -117.119644
51 34.806808 95.342529 -117.119644
52 33.752060 95.342529 -118.469727
53 33.400467 97.787216 -117.794678
54 34.631012 95.167908 -116.613358
55 32.521515 95.866394 -117.625916
56 33.752060 96.041016 -118.132202
57 33.927841 95.517151 -117.625916
58 33.576263 94.818665 -118.638489
59 34.103638 94.644043 -118.132202
60 35.334183 93.770950 -117.288406
61 33.400467 94.993286 -119.144760
62 33.400467 96.739487 -117.457169
63 33.048889 94.294815 -116.107086
64 34.279434 95.866394 -118.300964
65 32.169922 96.215637 -116.613358
66 33.927841 95.517151 -117.288406
67 34.455215 93.945572 -116.444595
68 33.224670 94.818665 -118.638489
69 34.455215 97.088730 -118.469727
70 33.400467 94.993286 -118.469727
71 34.455215 93.945572 -118.469727
72 34.103638 95.691772 -117.794678
73 33.927841 94.120193 -117.625916
74 34.279434 95.167908 -117.288406
75 33.927841 93.770950 -117.288406
76 32.873093 95.517151 -117.288406
77 34.279434 95.167908 -119.313522
78 34.103638 96.041016 -118.132202
79 32.697296 94.993286 -116.782120
80 33.048889 95.342529 -117.457169
81 33.927841 95.517151 -117.288406
82 33.400467 94.993286 -117.794678
83 32.873093 94.469437 -115.938324
84 33.752060 94.993286 -117.119644
85 32.697296 95.691772 -117.794678
86 33.224670 94.469437 -116.950882
87 32.345718 95.691772 -118.132202
88 32.873093 95.866394 -117.625916
89 33.576263 95.517151 -118.638489
90 33.400467 94.993286 -117.457169
91 33.400467 94.294815 -117.457169
92 33.752060 95.342529 -117.794678
93 32.873093 95.866394 -118.300964
94 34.279434 95.866394 -118.300964
95 34.279434 93.770950 -117.625916
96 34.455215 95.691772 -116.107086
97 33.752060 95.691772 -117.794678
98 32.873093 95.167908 -116.950882
99 33.927841 94.818665 -117.288406
100 34.279434 95.167908 -118.975998
101 34.103638 93.945572 -118.132202
102 33.576263 95.167908 -117.625916
103 32.521515 94.469437 -118.975998
104 33.048889 95.691772 -117.457169
105 33.400467 94.993286 -118.807251
106 33.048889 96.041016 -118.132202
107 33.048889 95.342529 -117.794678
108 33.048889 94.993286 -118.469727
109 32.873093 94.818665 -116.950882
110 34.103638 95.342529 -118.132202
111 34.806808 96.390244 -117.457169
112 32.697296 96.041016 -118.132202
113 34.455215 95.691772 -116.782120
114 34.279434 96.215637 -116.613358
115 33.048889 95.342529 -117.119644
116 32.697296 95.691772 -117.794678
117 33.400467 96.390244 -116.444595
118 33.048889 94.644043 -117.119644
119 32.521515 95.167908 -118.638489
120 34.103638 94.993286 -117.794678
121 34.982590 93.770950 -118.300964
122 33.752060 94.644043 -118.807251
123 33.048889 96.390244 -117.457169
124 33.927841 96.564865 -119.313522
125 34.103638 96.041016 -118.469727
126 35.158386 95.342529 -117.457169
127 32.697296 96.041016 -118.469727
128 34.103638 94.993286 -117.794678
129 32.169922 94.469437 -117.963440
130 34.103638 93.945572 -118.469727
131 34.103638 95.342529 -118.469727
132 32.345718 94.993286 -118.807251
133 33.927841 97.263351 -117.963440
134 33.927841 94.120193 -118.300964
135 33.927841 94.469437 -117.625916
136 31.642548 96.739487 -116.782120
137 33.048889 94.294815 -117.794678
138 33.576263 93.770950 -117.963440
139 33.927841 94.818665 -117.963440
140 33.400467 95.342529 -116.782120
141 34.279434 94.469437 -116.950882
142 35.509979 93.945572 -117.457169
143 33.927841 97.263351 -118.638489
144 34.982590 95.167908 -118.300964
145 33.224670 96.215637 -117.625916
146 34.455215 94.294815 -117.119644
147 32.873093 95.167908 -118.300964
148 33.752060 93.596329 -116.444595
149 32.873093 94.818665 -117.625916
150 34.279434 95.167908 -118.300964
151 32.697296 94.644043 -118.469727
152 33.576263 94.818665 -118.638489
153 33.400467 95.342529 -117.457169
154 33.752060 94.993286 -117.794678
155 33.576263 95.517151 -118.300964
156 33.224670 95.167908 -117.963440
157 33.927841 95.167908 -117.963440
158 32.345718 96.390244 -118.469727
159 33.752060 94.993286 -117.119644
160 34.279434 95.167908 -116.950882
161 33.400467 93.945572 -118.469727
162 33.400467 94.993286 -117.457169
163 34.631012 95.517151 -117.625916
164 33.752060 94.993286 -118.132202
165 33.752060 94.993286 -118.132202
166 33.400467 94.993286 -118.469727
167 33.224670 95.866394 -117.963440
168 32.873093 94.120193 -116.950882
169 33.224670 96.215637 -117.625916
170 33.400467 96.041016 -118.469727
171 33.576263 96.564865 -118.300964
172 33.224670 94.818665 -117.963440
173 34.103638 95.342529 -118.469727
174 34.103638 96.041016 -118.132202
175 34.806808 95.691772 -118.132202
176 35.334183 95.167908 -118.300964
177 33.224670 95.517151 -117.625916
178 33.224670 96.215637 -118.300964
179 34.103638 95.691772 -117.794678
180 33.224670 95.517151 -117.625916
181 34.103638 95.342529 -117.119644
182 33.927841 95.517151 -118.975998
183 32.873093 94.818665 -117.963440
184 34.631012 95.517151 -118.300964
185 34.982590 95.167908 -118.638489
186 33.752060 95.691772 -118.132202
187 33.927841 95.517151 -117.625916
188 33.224670 96.215637 -116.275833
189 32.873093 94.469437 -117.963440
190 34.631012 95.517151 -117.963440
191 33.576263 94.818665 -117.288406
192 35.509979 94.644043 -115.432037
193 34.455215 95.691772 -116.782120
194 33.048889 94.993286 -118.469727
195 33.927841 93.421707 -118.300964
196 33.576263 94.469437 -117.625916
197 33.576263 96.914108 -117.625916
198 34.631012 95.167908 -118.975998
199 33.752060 96.390244 -117.457169
200 33.224670 95.866394 -117.288406
201 34.279434 94.818665 -117.963440
202 34.455215 94.294815 -118.132202
203 33.224670 95.517151 -118.638489
204 33.927841 95.167908 -117.625916
205 32.873093 94.120193 -118.638489
206 34.103638 95.691772 -116.107086
207 32.697296 96.041016 -118.132202
208 34.455215 96.739487 -118.807251
209 33.576263 95.517151 -116.613358
210 34.103638 95.342529 -117.457169
211 33.048889 94.993286 -117.794678
212 34.103638 96.390244 -117.794678
213 33.576263 95.517151 -116.613358
214 34.806808 95.342529 -117.119644
215 32.697296 96.041016 -117.794678
216 33.927841 94.818665 -118.638489
217 33.576263 95.866394 -118.300964
218 33.224670 95.167908 -117.625916
219 33.048889 95.342529 -117.794678
220 31.818344 96.215637 -117.625916
221 34.455215 96.041016 -117.457169
222 33.752060 96.390244 -118.469727
223 34.279434 95.167908 -117.625916
224 33.224670 95.167908 -118.300964
225 33.048889 94.644043 -118.469727
226 34.103638 95.691772 -117.794678
227 32.345718 94.644043 -116.782120
228 34.631012 94.469437 -117.288406
229 33.048889 96.739487 -116.782120
230 33.752060 96.041016 -117.794678
231 32.697296 94.294815 -117.794678
232 34.455215 96.041016 -118.469727
233 33.400467 95.691772 -117.794678
234 34.806808 96.390244 -118.469727
235 35.509979 94.644043 -118.807251
236 33.752060 95.691772 -117.457169
237 34.279434 94.818665 -118.638489
238 33.224670 95.167908 -117.625916
239 34.455215 96.390244 -119.144760
240 34.455215 94.644043 -115.769562
241 32.697296 96.739487 -117.794678
242 33.400467 95.691772 -118.469727
243 33.400467 94.993286 -119.482285
244 33.224670 94.818665 -117.625916
245 34.631012 95.517151 -117.963440
246 34.279434 96.564865 -117.963440
247 34.631012 95.167908 -117.625916
248 33.927841 95.517151 -117.625916
249 34.279434 95.517151 -117.288406
250 33.576263 93.770950 -117.625916
251 32.873093 95.167908 -118.300964
252 33.576263 95.517151 -118.300964
253 32.873093 95.517151 -118.638489
254 32.873093 94.469437 -116.275833
255 33.927841 96.215637 -118.300964
256 32.873093 95.517151 -118.975998
257 35.334183 93.421707 -117.963440
258 33.400467 96.390244 -118.469727
259 33.576263 94.469437 -116.275833
260 33.224670 96.215637 -118.300964
261 34.806808 95.342529 -117.457169
262 34.631012 94.818665 -117.963440
263 34.806808 94.993286 -117.794678
264 34.982590 95.517151 -116.950882
265 33.576263 95.167908 -117.625916
266 33.224670 95.167908 -117.288406
267 33.400467 95.342529 -117.794678
268 33.224670 94.818665 -118.638489
269 34.455215 95.691772 -117.457169
270 33.400467 94.294815 -117.457169
271 32.873093 94.120193 -118.300964
272 34.982590 94.818665 -117.963440
273 34.103638 95.691772 -117.794678
274 33.400467 95.342529 -117.119644
275 34.279434 95.517151 -117.288406
276 33.576263 95.517151 -117.288406
277 32.521515 94.818665 -118.638489
278 33.752060 95.691772 -118.132202
279 33.224670 95.167908 -117.288406
280 33.224670 96.564865 -116.613358
281 32.521515 95.517151 -117.963440
282 34.455215 94.993286 -117.457169
283 31.994125 95.342529 -117.119644
284 33.576263 94.469437 -117.963440
285 33.224670 95.517151 -117.963440
286 34.103638 94.993286 -117.794678
287 34.279434 94.818665 -117.963440
288 33.048889 96.041016 -117.119644
289 34.982590 94.818665 -118.300964
290 33.400467 95.691772 -118.807251
291 33.224670 94.469437 -117.625916
292 34.279434 95.167908 -118.638489
293 33.400467 96.390244 -116.782120
294 34.631012 94.469437 -116.613358
295 34.806808 95.691772 -117.794678
296 33.576263 95.167908 -116.950882
297 33.048889 96.739487 -116.782120
298 31.994125 95.691772 -117.457169
299 33.048889 94.644043 -117.119644
300 33.752060 96.390244 -118.132202
301 34.455215 94.644043 -118.807251
302 33.400467 94.644043 -119.144760
303 32.697296 95.342529 -117.119644
304 32.697296 94.993286 -117.457169
305 32.697296 96.041016 -117.794678
306 34.455215 96.041016 -118.132202
307 34.103638 95.342529 -118.807251
308 33.400467 95.691772 -118.132202
309 32.697296 96.041016 -118.132202
310 33.927841 94.818665 -117.963440
311 33.576263 95.167908 -117.625916
312 32.873093 95.167908 -116.275833
313 33.752060 95.691772 -117.794678
314 33.752060 95.342529 -117.457169
315 35.158386 96.041016 -117.794678
316 32.169922 95.866394 -117.288406
317 33.927841 95.517151 -118.300964
318 34.103638 94.993286 -118.132202
319 33.576263 95.167908 -117.625916
320 34.103638 96.041016 -117.457169
321 33.752060 94.993286 -117.794678
322 32.697296 96.390244 -118.132202
323 32.697296 95.342529 -118.132202
324 33.752060 94.644043 -118.132202
325 34.279434 94.469437 -117.963440
326 32.873093 95.167908 -117.625916
327 33.400467 95.342529 -116.444595
328 34.103638 95.342529 -118.132202
329 33.927841 95.517151 -119.988571
330 33.576263 94.469437 -116.950882
331 33.224670 96.215637 -117.625916
332 33.752060 96.739487 -116.782120
333 33.752060 95.691772 -117.457169
334 33.576263 95.517151 -118.300964
335 33.576263 96.215637 -117.625916
336 34.103638 95.342529 -118.132202
337 32.873093 95.517151 -116.950882
338 34.103638 94.993286 -117.119644
339 33.927841 95.167908 -118.300964
340 33.224670 95.866394 -117.288406
341 32.521515 96.215637 -118.300964
342 33.576263 94.469437 -117.963440
343 32.521515 94.469437 -118.975998
344 32.697296 96.041016 -117.457169
345 33.576263 95.517151 -118.300964
346 34.631012 95.167908 -117.625916
347 31.818344 95.517151 -117.963440
348 34.455215 95.342529 -118.469727
349 33.400467 95.342529 -118.132202
350 33.752060 94.993286 -118.807251
351 34.455215 95.691772 -119.144760
352 33.576263 95.167908 -117.288406
353 33.224670 95.167908 -117.625916
354 33.576263 95.517151 -116.275833
355 34.455215 93.945572 -118.132202
356 32.697296 96.390244 -116.444595
357 32.697296 96.041016 -117.457169
358 33.576263 94.120193 -117.963440
359 34.279434 94.469437 -116.950882
360 34.631012 95.167908 -117.625916
361 32.345718 95.691772 -117.119644
362 34.806808 94.993286 -118.807251
363 33.927841 94.818665 -117.625916
364 34.103638 96.041016 -117.794678
365 33.400467 96.041016 -118.469727
366 32.521515 96.215637 -117.625916
367 32.169922 96.215637 -116.613358
368 32.873093 94.469437 -117.625916
369 34.455215 95.691772 -118.807251
370 33.576263 95.866394 -118.975998
371 33.576263 95.866394 -116.950882
372 34.103638 96.739487 -118.132202
373 33.752060 93.945572 -117.794678
374 33.752060 95.342529 -117.119644
375 33.400467 94.993286 -117.119644
376 33.576263 94.469437 -117.625916
377 32.521515 95.866394 -117.288406
378 33.576263 95.167908 -120.326080
379 33.927841 95.167908 -118.638489
380 34.631012 95.517151 -117.963440
381 33.224670 94.818665 -118.975998
382 34.982590 97.263351 -118.300964
383 32.873093 96.215637 -116.950882
384 32.697296 96.390244 -118.469727
385 33.752060 95.342529 -118.132202
386 33.927841 95.167908 -117.963440
387 34.279434 95.167908 -117.288406
388 33.752060 95.691772 -117.457169
389 34.103638 94.993286 -118.469727
390 34.806808 95.342529 -116.782120
391 33.927841 95.167908 -116.613358
392 33.752060 95.342529 -118.132202
393 33.752060 94.294815 -117.794678
394 35.158386 94.294815 -118.132202
395 34.279434 94.818665 -117.288406
396 33.224670 94.818665 -118.638489
397 33.576263 95.167908 -117.288406
398 33.576263 94.818665 -118.638489
399 33.752060 97.787216 -117.119644
400 34.806808 96.041016 -118.132202
401 34.806808 96.041016 -117.119644
402 33.752060 94.644043 -118.132202
403 34.103638 94.644043 -118.807251
404 34.103638 97.088730 -117.794678
405 34.103638 95.691772 -118.132202
406 33.752060 94.993286 -117.457169
407 33.752060 95.691772 -118.469727
408 33.752060 94.644043 -118.807251
409 32.873093 95.167908 -118.300964
410 33.927841 95.167908 -119.651047
411 32.697296 95.691772 -118.132202
412 34.455215 94.993286 -116.782120
413 33.576263 94.818665 -117.288406
414 33.752060 94.644043 -118.132202
415 33.752060 94.993286 -117.457169
416 34.982590 94.469437 -118.300964
417 33.576263 95.866394 -118.300964
418 33.224670 95.167908 -117.625916
419 34.982590 94.818665 -118.638489
420 32.521515 95.517151 -117.288406
421 34.631012 95.167908 -116.950882
422 33.224670 94.818665 -117.963440
423 33.927841 95.866394 -117.963440
424 34.279434 95.866394 -117.963440
425 33.927841 94.469437 -119.313522
426 33.927841 95.167908 -118.638489
427 32.345718 96.041016 -118.469727
428 33.048889 95.342529 -118.469727
429 34.806808 94.993286 -117.457169
430 31.994125 94.993286 -119.482285
431 33.752060 94.644043 -117.457169
432 34.103638 94.644043 -118.807251
433 34.982590 96.215637 -117.963440
434 33.224670 95.167908 -117.625916
435 33.927841 95.866394 -116.950882
436 33.576263 94.818665 -117.963440
437 34.806808 94.644043 -117.119644
438 33.927841 94.469437 -117.963440
439 33.224670 95.517151 -117.963440
440 33.752060 96.390244 -118.807251
441 33.224670 95.517151 -117.288406
442 33.576263 96.215637 -117.288406
443 34.103638 96.041016 -119.144760
444 34.455215 93.945572 -118.132202
445 33.400467 95.342529 -118.132202
446 35.334183 95.167908 -117.963440
447 35.158386 94.993286 -117.457169
448 34.279434 93.770950 -117.625916
449 34.103638 94.644043 -118.132202
450 33.752060 95.342529 -117.457169
451 33.576263 96.215637 -118.300964
452 33.752060 94.993286 -117.457169
453 34.279434 96.215637 -118.300964
454 33.927841 94.818665 -117.288406
455 33.048889 95.691772 -118.469727
456 33.927841 96.215637 -116.613358
457 33.927841 96.564865 -116.950882
458 33.752060 96.739487 -117.794678
459 34.631012 95.517151 -117.963440
460 32.521515 94.818665 -118.638489
461 33.927841 96.215637 -117.288406
462 34.455215 94.294815 -118.132202
463 33.048889 94.993286 -118.469727
464 33.400467 95.342529 -118.469727
465 33.576263 96.215637 -117.625916
466 33.927841 95.167908 -118.300964
467 32.521515 94.818665 -116.613358
468 33.400467 95.342529 -117.457169
469 34.982590 95.866394 -118.638489
470 35.509979 95.691772 -118.132202
471 33.400467 96.041016 -117.794678
472 34.279434 95.866394 -117.288406
473 34.103638 95.691772 -118.132202
474 32.873093 95.866394 -118.300964
475 34.103638 94.993286 -116.782120
476 34.103638 93.945572 -118.469727
477 33.576263 95.866394 -117.288406
478 33.576263 95.517151 -117.625916
479 34.279434 95.866394 -118.638489
480 33.752060 95.691772 -117.457169
481 32.521515 95.167908 -116.613358
482 33.400467 96.041016 -118.132202
483 31.994125 94.644043 -117.119644
484 33.048889 94.294815 -117.794678
485 34.806808 94.294815 -117.119644
486 32.697296 95.691772 -117.794678
487 34.279434 95.517151 -117.625916
488 33.752060 95.342529 -118.469727
489 33.752060 95.342529 -116.107086
490 34.279434 95.517151 -117.625916
491 32.697296 93.945572 -118.469727
492 34.279434 95.167908 -117.625916
493 34.455215 93.596329 -117.119644
494 32.521515 95.517151 -118.300964
495 33.048889 95.691772 -117.119644
496 33.400467 96.041016 -118.807251
497 32.697296 95.342529 -118.807251
498 34.631012 96.564865 -117.963440
499 32.521515 95.517151 -118.300964
500 33.048889 94.993286 -117.794678
501 33.224670 94.469437 -117.288406
502 32.345718 95.691772 -117.457169
503 33.752060 95.342529 -117.794678
504 33.576263 95.866394 -117.963440
505 31.642548 95.691772 -115.094513
506 33.752060 95.342529 -116.782120
507 35.509979 95.342529 -117.119644
508 33.224670 96.215637 -117.288406
509 31.818344 94.469437 -118.300964
510 33.400467 95.691772 -118.132202
511 33.048889 95.691772 -118.469727
512 33.048889 95.691772 -117.457169
513 34.103638 95.691772 -117.794678
514 34.279434 93.770950 -118.638489
515 33.400467 96.041016 -118.132202
516 34.982590 95.167908 -118.300964
517 31.818344 95.517151 -118.638489
518 33.400467 96.390244 -118.807251
519 34.631012 94.818665 -117.288406
520 34.455215 94.993286 -117.457169
521 33.927841 94.818665 -119.313522
522 33.927841 94.469437 -118.975998
523 34.806808 94.644043 -117.457169
524 35.158386 95.342529 -118.132202
525 34.279434 94.818665 -117.963440
526 33.400467 94.294815 -117.794678
527 34.631012 95.517151 -118.300964
528 32.521515 96.564865 -117.625916
529 33.752060 94.294815 -118.469727
530 33.576263 95.866394 -117.625916
531 34.455215 94.993286 -117.119644
532 32.345718 94.993286 -118.469727
533 34.806808 96.041016 -119.144760
534 34.279434 95.866394 -116.950882
535 34.279434 95.866394 -116.275833
536 31.818344 95.517151 -118.300964
537 34.279434 95.866394 -116.275833
538 34.455215 95.342529 -118.469727
539 33.400467 94.294815 -117.119644
540 33.048889 94.644043 -117.457169
541 33.576263 94.818665 -117.625916
542 33.224670 94.469437 -117.288406
543 33.927841 94.120193 -117.963440
544 33.927841 93.421707 -117.963440
545 32.697296 95.691772 -117.119644
546 34.455215 95.342529 -118.807251
547 33.576263 95.167908 -118.638489
548 33.576263 94.469437 -117.963440
549 31.642548 94.644043 -117.457169
550 34.279434 96.215637 -117.625916
551 33.400467 95.342529 -117.794678
552 33.048889 95.691772 -116.444595
553 34.103638 95.342529 -116.782120
554 34.806808 95.342529 -116.444595
555 33.400467 94.644043 -117.457169
556 33.400467 95.691772 -118.469727
557 33.048889 95.691772 -118.469727
558 33.400467 96.041016 -118.132202
559 33.224670 95.517151 -117.963440
560 32.873093 94.818665 -117.963440
561 34.279434 94.818665 -118.300964
562 34.103638 96.041016 -118.469727
563 33.576263 94.469437 -117.963440
564 33.400467 94.294815 -118.807251
565 33.752060 96.739487 -117.794678
566 33.927841 96.564865 -117.963440
567 32.873093 95.517151 -117.963440
568 33.400467 94.644043 -117.119644
569 33.400467 96.041016 -118.807251
570 34.806808 94.993286 -117.794678
571 33.576263 95.517151 -118.300964
572 34.806808 93.945572 -117.794678
573 33.400467 95.342529 -117.119644
574 33.400467 95.342529 -118.132202
575 33.048889 96.041016 -117.457169
576 33.576263 94.818665 -117.963440
577 32.169922 95.167908 -117.288406
578 33.400467 93.247086 -117.457169
579 33.576263 95.517151 -117.963440
580 34.631012 95.517151 -117.963440
581 35.509979 95.342529 -117.119644
582 33.927841 95.866394 -116.613358
583 34.103638 93.596329 -118.132202
584 33.927841 95.167908 -118.638489
585 34.455215 95.342529 -118.469727
586 32.521515 96.914108 -117.963440
587 34.455215 96.041016 -118.469727
588 33.927841 94.469437 -118.300964
589 33.224670 94.818665 -117.963440
590 34.455215 95.691772 -118.132202
591 33.048889 95.342529 -116.782120
592 34.103638 94.644043 -117.457169
593 32.873093 95.517151 -118.975998
594 35.334183 95.167908 -116.613358
595 34.279434 96.564865 -116.613358
596 34.631012 94.120193 -118.300964
597 33.400467 96.390244 -118.469727
598 33.224670 95.517151 -118.638489
599 33.576263 95.517151 -116.613358
600 32.521515 94.469437 -117.963440
601 32.521515 95.167908 -117.963440
602 33.400467 94.993286 -117.794678
603 34.631012 95.517151 -118.638489
604 31.818344 93.770950 -118.975998
605 33.576263 95.517151 -118.975998
606 33.927841 96.215637 -116.950882
607 34.279434 95.167908 -119.313522
608 33.752060 94.644043 -117.794678
609 33.927841 97.263351 -118.300964
610 33.048889 96.041016 -117.794678
611 34.982590 95.517151 -117.625916
612 34.806808 94.993286 -117.794678
613 34.279434 96.215637 -117.288406
614 34.103638 96.041016 -118.132202
615 32.873093 94.818665 -118.975998
616 33.927841 95.167908 -118.300964
617 33.048889 96.041016 -116.782120
618 33.400467 94.644043 -118.807251
619 33.576263 95.517151 -119.651047
620 33.576263 95.866394 -117.963440
621 34.455215 96.390244 -118.132202
622 33.927841 96.215637 -118.975998
623 32.169922 95.167908 -118.300964
624 34.631012 94.818665 -118.975998
625 33.576263 95.167908 -117.625916
626 34.455215 96.390244 -117.794678
627 34.982590 95.167908 -117.963440
628 35.509979 95.342529 -118.132202
629 33.224670 96.215637 -118.638489
630 33.752060 94.644043 -117.457169
631 32.873093 95.167908 -118.300964
632 34.103638 95.691772 -118.807251
633 33.400467 94.294815 -118.807251
634 32.345718 96.390244 -118.469727
635 35.158386 95.342529 -118.807251
636 32.697296 95.342529 -116.782120
637 34.455215 94.993286 -118.132202
638 33.048889 94.294815 -118.132202
639 34.103638 94.644043 -117.119644
640 33.400467 95.342529 -117.119644
641 33.927841 95.866394 -118.300964
642 33.927841 94.818665 -116.950882
643 34.455215 94.993286 -116.782120
644 35.334183 96.215637 -118.300964
645 33.752060 95.691772 -118.807251
646 34.279434 96.215637 -116.950882
647 31.994125 95.691772 -117.457169
648 32.521515 95.167908 -118.975998
649 34.455215 96.041016 -118.469727
650 32.521515 95.517151 -118.300964
651 32.345718 95.342529 -118.132202
652 33.576263 96.914108 -117.625916
653 34.982590 95.167908 -116.950882
654 32.873093 94.120193 -118.300964
655 33.927841 97.263351 -118.638489
656 33.224670 95.517151 -118.638489
657 34.279434 95.517151 -116.950882
658 33.576263 94.120193 -117.625916
659 33.400467 96.041016 -119.144760
660 33.576263 94.818665 -117.963440
661 33.048889 96.041016 -117.457169
662 33.400467 95.342529 -118.132202
663 33.752060 95.342529 -118.132202
664 33.927841 94.818665 -117.963440
665 32.697296 95.691772 -118.132202
666 34.455215 96.390244 -117.794678
667 33.224670 94.818665 -118.638489
668 33.927841 96.215637 -117.288406
669 33.576263 95.866394 -117.625916
670 32.873093 95.517151 -116.950882
671 33.576263 95.167908 -117.625916
672 32.873093 96.564865 -117.963440
673 33.576263 95.517151 -116.950882
674 33.224670 96.914108 -117.625916
675 33.752060 94.644043 -117.457169
676 33.927841 95.167908 -117.625916
677 34.806808 97.088730 -118.132202
678 34.455215 95.691772 -118.469727
679 33.927841 95.517151 -117.288406
680 33.224670 95.167908 -116.950882
681 33.752060 94.993286 -116.782120
682 34.103638 94.993286 -118.132202
683 33.752060 96.739487 -117.457169
684 32.697296 96.041016 -118.132202
685 33.224670 94.818665 -117.963440
686 33.752060 94.644043 -118.132202
687 34.103638 95.342529 -117.119644
688 33.400467 95.342529 -117.794678
689 34.103638 95.691772 -118.132202
690 34.455215 96.739487 -117.794678
691 32.697296 95.342529 -118.132202
692 34.103638 95.691772 -117.794678
693 33.048889 96.390244 -116.782120
694 33.927841 96.215637 -118.638489
695 33.224670 95.167908 -117.288406
696 33.224670 94.469437 -117.963440
697 34.279434 94.469437 -117.963440
698 33.048889 95.342529 -117.794678
699 33.400467 94.993286 -117.457169
700 33.752060 95.342529 -118.469727
701 32.873093 95.167908 -117.625916
702 34.279434 95.167908 -117.963440
703 34.103638 95.342529 -118.132202
704 34.982590 94.120193 -117.963440
705 33.224670 95.167908 -117.288406
706 34.279434 95.167908 -117.963440
707 34.455215 95.342529 -116.782120
708 34.806808 94.294815 -117.119644
709 33.927841 95.866394 -118.300964
710 32.697296 94.644043 -117.457169
711 32.345718 95.691772 -117.457169
712 33.752060 95.342529 -118.132202
713 33.224670 95.167908 -116.950882
714 33.576263 95.167908 -117.625916
715 34.103638 96.390244 -117.457169
716 33.048889 96.390244 -118.469727
717 34.279434 96.215637 -117.963440
718 34.103638 94.993286 -117.119644
719 33.752060 94.993286 -119.482285
720 33.576263 96.215637 -116.950882
721 33.927841 96.564865 -116.950882
722 32.345718 95.342529 -119.144760
723 31.818344 95.517151 -118.300964
724 33.927841 93.421707 -119.313522
725 31.994125 94.644043 -117.457169
726 32.521515 94.469437 -116.950882
727 32.345718 94.644043 -118.132202
728 33.576263 94.469437 -118.638489
729 33.400467 94.644043 -118.132202
730 33.048889 95.342529 -117.794678
731 34.455215 96.390244 -116.444595
732 33.224670 94.818665 -118.300964
733 35.158386 95.342529 -117.119644
734 33.224670 96.215637 -117.963440
735 33.224670 94.818665 -118.300964
736 33.400467 95.691772 -117.794678
737 33.752060 94.644043 -118.469727
738 33.400467 95.691772 -118.807251
739 34.279434 95.866394 -117.963440
740 32.697296 95.691772 -117.457169
741 32.873093 95.517151 -118.300964
742 33.400467 95.691772 -116.782120
743 33.752060 94.644043 -117.794678
744 33.400467 95.342529 -117.794678
745 33.048889 94.644043 -117.457169
746 34.631012 94.120193 -116.950882
747 32.873093 95.167908 -118.638489
748 33.752060 94.993286 -118.132202
749 33.927841 94.818665 -118.300964
750 33.048889 95.342529 -118.132202
751 34.279434 94.818665 -118.300964
752 33.400467 95.691772 -118.132202
753 33.752060 93.945572 -117.457169
754 33.400467 94.294815 -118.469727
755 33.576263 95.167908 -116.950882
756 33.576263 95.517151 -117.963440
757 33.752060 94.644043 -117.457169
758 32.521515 95.517151 -117.963440
759 34.279434 96.215637 -117.963440
760 34.279434 95.517151 -117.625916
761 33.927841 94.818665 -118.638489
762 35.334183 94.469437 -117.625916
763 34.455215 94.993286 -118.132202
764 33.048889 94.294815 -117.794678
765 31.642548 94.993286 -117.457169
766 34.631012 94.469437 -117.625916
767 33.752060 96.390244 -117.794678
768 33.048889 94.993286 -118.132202
769 33.400467 95.342529 -117.794678
770 33.224670 96.564865 -117.625916
771 34.279434 94.120193 -117.963440
772 33.224670 95.517151 -116.950882
773 33.224670 95.866394 -117.963440
774 33.752060 95.691772 -118.807251
775 33.224670 95.517151 -117.288406
776 33.927841 95.866394 -116.950882
777 33.927841 94.469437 -118.638489
778 32.873093 94.818665 -118.300964
779 34.631012 95.167908 -117.625916
780 33.400467 95.691772 -117.794678
781 33.048889 95.342529 -116.444595
782 34.455215 95.691772 -117.457169
783 33.927841 95.167908 -118.975998
784 34.103638 93.596329 -117.457169
785 33.048889 96.041016 -118.469727
786 33.224670 95.517151 -119.313522
787 32.873093 96.564865 -118.975998
788 34.103638 95.691772 -117.457169
789 33.576263 95.167908 -117.963440
790 34.279434 94.818665 -117.288406
791 33.400467 93.596329 -117.119644
792 34.279434 94.818665 -117.288406
793 33.752060 96.041016 -118.132202
794 33.927841 95.167908 -118.300964
795 34.631012 94.818665 -118.300964
796 33.752060 95.691772 -117.457169
797 34.631012 95.167908 -117.625916
798 33.400467 96.390244 -118.132202
799 31.818344 94.469437 -118.975998
800 32.873093 95.866394 -118.975998
801 33.048889 94.644043 -118.132202
802 33.927841 93.770950 -118.638489
803 34.631012 95.167908 -118.638489
804 34.806808 94.644043 -117.119644
805 33.576263 94.469437 -117.288406
806 33.400467 94.993286 -118.132202
807 33.752060 94.294815 -118.132202
808 32.697296 95.691772 -118.132202
809 34.806808 95.342529 -117.119644
810 33.927841 95.866394 -117.288406
811 33.224670 96.215637 -118.300964
812 33.400467 96.390244 -119.144760
813 32.521515 94.469437 -116.950882
814 34.455215 95.342529 -117.457169
815 33.576263 96.564865 -118.300964
816 32.873093 95.866394 -116.613358
817 33.048889 96.390244 -118.132202
818 34.455215 96.041016 -117.794678
819 34.279434 95.866394 -117.963440
820 33.752060 95.691772 -118.132202
821 33.400467 94.644043 -117.119644
822 33.752060 95.342529 -118.469727
823 34.103638 94.993286 -117.119644
824 32.697296 95.691772 -118.469727
825 32.873093 95.866394 -117.963440
826 33.048889 95.342529 -118.807251
827 34.455215 95.342529 -118.132202
828 34.279434 95.167908 -118.638489
829 34.455215 96.041016 -118.469727
830 34.279434 94.818665 -118.300964
831 34.103638 95.342529 -118.132202
832 32.345718 95.342529 -118.132202
833 33.752060 95.691772 -117.457169
834 34.103638 94.993286 -117.794678
835 32.345718 96.390244 -118.807251
836 33.224670 95.866394 -117.625916
837 34.279434 95.167908 -116.950882
838 33.576263 95.517151 -118.300964
839 33.048889 94.644043 -117.457169
840 32.697296 94.993286 -118.132202
841 32.697296 94.644043 -116.782120
842 33.400467 93.945572 -117.119644
843 34.631012 95.167908 -117.963440
844 33.752060 94.294815 -118.132202
845 34.455215 95.691772 -117.457169
846 33.224670 95.167908 -116.950882
847 32.345718 95.342529 -116.782120
848 33.576263 95.167908 -118.638489
849 31.994125 95.691772 -119.819809
850 33.048889 95.691772 -116.782120
851 31.994125 97.088730 -118.132202
852 32.873093 96.564865 -117.625916
853 32.521515 94.818665 -117.625916
854 33.400467 96.041016 -118.469727
855 33.048889 95.342529 -117.794678
856 35.509979 94.993286 -117.794678
857 32.697296 94.993286 -118.807251
858 33.576263 95.866394 -118.300964
859 32.697296 95.342529 -119.144760
860 34.982590 96.215637 -118.300964
861 35.158386 96.390244 -117.119644
862 33.576263 95.167908 -117.963440
863 33.224670 95.167908 -118.300964
864 34.279434 95.866394 -118.638489
865 34.103638 94.644043 -118.132202
866 34.806808 94.993286 -118.132202
867 34.631012 95.517151 -117.625916
868 33.224670 95.517151 -117.625916
869 33.752060 95.691772 -117.794678
870 33.927841 96.215637 -118.300964
871 34.103638 95.691772 -118.807251
872 34.279434 95.167908 -117.288406
873 32.697296 95.342529 -117.457169
874 34.279434 95.517151 -117.288406
875 33.927841 94.818665 -117.288406
876 33.400467 94.294815 -118.469727
877 33.224670 95.517151 -117.963440
878 33.752060 94.993286 -118.807251
879 32.873093 96.215637 -118.638489
880 34.806808 95.691772 -117.794678
881 32.521515 93.770950 -117.288406
882 34.455215 94.644043 -117.794678
883 33.048889 95.691772 -117.119644
884 34.982590 95.167908 -118.300964
885 33.576263 93.770950 -117.625916
886 33.048889 94.644043 -118.132202
887 34.103638 95.691772 -117.794678
888 35.158386 95.691772 -117.794678
889 34.103638 96.739487 -118.469727
890 32.873093 95.517151 -117.288406
891 34.279434 94.818665 -117.625916
892 33.400467 94.993286 -117.457169
893 34.279434 95.517151 -117.963440
894 33.927841 95.167908 -116.950882
895 32.697296 95.342529 -118.132202
896 32.521515 96.215637 -116.950882
897 34.103638 96.041016 -118.469727
898 33.576263 96.215637 -117.625916
899 33.224670 95.866394 -118.300964
900 33.752060 95.691772 -118.807251
901 33.752060 96.041016 -118.132202
902 33.752060 95.691772 -118.132202
903 34.279434 96.215637 -117.963440
904 33.224670 94.469437 -117.625916
905 32.873093 94.818665 -117.288406
906 33.927841 94.120193 -117.288406
907 35.158386 95.342529 -117.457169
908 32.169922 95.517151 -118.638489
909 34.279434 96.564865 -117.963440
910 34.455215 95.691772 -119.482285
911 34.103638 94.644043 -119.144760
912 33.576263 94.818665 -117.625916
913 35.334183 95.167908 -116.613358
914 34.806808 95.691772 -117.794678
915 33.576263 94.469437 -117.288406
916 33.752060 95.342529 -117.794678
917 34.103638 96.041016 -118.132202
918 32.345718 93.596329 -116.107086
919 34.279434 96.215637 -117.963440
920 33.224670 96.215637 -116.950882
921 33.927841 95.866394 -117.288406
922 34.982590 94.818665 -118.638489
923 32.873093 94.469437 -117.963440
924 34.631012 95.517151 -117.625916
925 33.752060 95.342529 -117.794678
926 32.873093 95.866394 -118.300964
927 33.224670 96.215637 -118.300964
928 33.576263 95.866394 -118.300964
929 33.224670 94.120193 -118.300964
930 32.345718 94.294815 -118.469727
931 33.048889 95.342529 -117.794678
932 33.400467 95.342529 -118.132202
933 33.400467 94.294815 -118.132202
934 33.400467 94.294815 -118.807251
935 34.631012 94.818665 -118.300964
936 34.279434 94.818665 -116.950882
937 33.400467 95.342529 -118.807251
938 33.752060 95.691772 -118.807251
939 33.752060 95.342529 -118.469727
940 34.455215 95.342529 -118.132202
941 33.752060 94.993286 -117.457169
942 35.158386 96.041016 -117.794678
943 33.927841 96.215637 -118.300964
944 33.400467 95.691772 -118.132202
945 32.521515 94.469437 -117.288406
946 33.576263 95.517151 -116.950882
947 33.576263 94.818665 -118.300964
948 32.169922 95.866394 -117.963440
949 33.048889 95.691772 -118.469727
950 33.224670 95.866394 -117.963440
951 33.576263 96.215637 -117.288406
952 34.631012 95.517151 -117.625916
953 33.224670 95.866394 -117.963440
954 35.334183 94.120193 -117.625916
955 34.806808 96.041016 -117.457169
956 33.400467 94.993286 -118.132202
957 33.048889 96.739487 -117.794678
958 34.103638 94.993286 -118.469727
959 33.927841 95.866394 -116.950882
960 34.103638 96.041016 -118.469727
961 32.697296 95.691772 -118.132202
962 33.576263 94.818665 -116.613358
963 31.994125 95.691772 -117.457169
964 32.697296 95.342529 -117.794678
965 33.224670 95.167908 -117.963440
966 32.345718 94.294815 -116.444595
967 32.345718 94.993286 -118.132202
968 33.752060 95.691772 -116.782120
969 34.103638 96.041016 -117.119644
970 33.927841 95.517151 -116.613358
971 34.806808 94.644043 -118.132202
972 34.806808 94.993286 -118.469727
973 33.224670 95.517151 -118.300964
974 35.158386 95.342529 -118.132202
975 34.455215 92.548615 -117.794678
976 34.279434 96.215637 -117.625916
977 34.279434 96.215637 -117.625916
978 33.400467 94.993286 -117.457169
979 33.576263 95.517151 -117.288406
980 33.048889 95.342529 -116.782120
981 32.345718 96.041016 -118.469727
982 34.103638 96.041016 -117.794678
983 33.400467 95.342529 -117.119644
984 34.631012 95.866394 -116.613358
985 33.927841 95.517151 -117.625916
986 33.927841 95.167908 -118.975998
987 33.400467 97.088730 -119.144760
988 35.334183 95.167908 -117.288406
989 32.169922 95.866394 -116.613358
990 33.048889 95.691772 -117.794678
991 33.400467 93.945572 -117.794678
992 33.224670 95.167908 -118.638489
993 33.048889 96.390244 -117.119644
994 34.103638 95.342529 -117.794678
995 33.400467 94.644043 -118.132202
996 35.334183 96.215637 -117.625916
997 33.048889 94.644043 -117.794678
998 33.927841 94.469437 -117.963440
999 32.873093 94.818665 -118.300964
1000 33.752060 95.691772 -117.794678
1001 33.576263 95.167908 -118.638489
1002 34.279434 94.120193 -117.963440
1003 33.224670 95.866394 -117.963440
1004 34.455215 95.691772 -117.457169
1005 33.927841 95.517151 -118.300964
1006 34.279434 94.469437 -117.963440
1007 31.818344 96.564865 -118.975998
1008 33.400467 94.993286 -118.132202
1009 33.400467 95.342529 -117.794678
1010 34.279434 94.120193 -118.638489
1011 33.927841 95.517151 -119.313522
1012 34.103638 95.342529 -118.807251
1013 32.873093 96.215637 -117.288406
1014 34.982590 96.215637 -116.275833
1015 33.048889 94.993286 -118.469727
1016 34.455215 95.342529 -118.132202
1017 34.631012 94.469437 -116.950882
1018 34.103638 95.342529 -118.807251
1019 34.982590 94.818665 -117.625916
1020 34.982590 94.818665 -118.638489
1021 33.927841 95.517151 -117.625916
1022 33.576263 95.167908 -116.950882
1023 33.752060 94.294815 -117.119644
1024 34.806808 95.691772 -116.782120
1025 33.048889 94.993286 -117.794678
1026 33.224670 95.517151 -117.288406
1027 33.048889 94.993286 -116.782120
1028 32.697296 95.342529 -117.457169
1029 33.224670 95.517151 -118.638489
1030 34.455215 94.294815 -117.119644
1031 33.048889 96.739487 -117.794678
1032 34.279434 94.469437 -116.613358
1033 33.400467 94.993286 -117.457169
1034 33.752060 94.993286 -116.782120
1035 33.927841 95.866394 -117.963440
1036 32.873093 94.120193 -117.625916
1037 33.400467 96.041016 -116.444595
1038 33.576263 93.770950 -117.288406
1039 34.806808 95.691772 -117.119644
1040 33.927841 95.167908 -117.625916
1041 35.158386 96.041016 -118.807251
1042 33.048889 94.644043 -116.782120
1043 33.576263 95.167908 -118.300964
1044 32.697296 95.342529 -117.794678
1045 33.576263 95.167908 -118.300964
1046 32.345718 95.691772 -117.119644
1047 32.873093 95.517151 -118.300964
1048 31.115173 95.517151 -118.638489
1049 32.873093 96.564865 -117.288406
