1 33.927841 95.866394 -118.300964
2 33.224670 95.517151 -118.638489
3 33.752060 96.041016 -118.469727
4 32.521515 95.866394 -117.963440
5 33.752060 96.041016 -118.132202
6 34.279434 95.517151 -117.288406
7 33.927841 95.517151 -118.300964
8 33.752060 93.945572 -117.794678
9 33.927841 95.866394 -117.625916
10 34.806808 93.945572 -117.794678
11 35.158386 95.691772 -117.794678
12 33.576263 95.167908 -116.950882
13 33.576263 95.866394 -117.625916
14 33.400467 95.342529 -117.119644
15 33.576263 94.469437 -117.963440
16 33.400467 96.041016 -117.794678
17 32.521515 94.818665 -118.300964
18 34.806808 95.691772 -117.457169
19 33.927841 95.866394 -118.638489
20 33.048889 94.644043 -116.782120
21 32.697296 95.342529 -117.119644
22 32.873093 94.469437 -117.625916
23 32.873093 96.215637 -118.638489
24 32.345718 95.342529 -118.469727
25 33.576263 94.818665 -117.963440
26 33.576263 96.914108 -117.288406
27 33.927841 95.517151 -117.288406
28 33.224670 95.866394 -117.963440
29 33.048889 95.691772 -118.469727
30 33.048889 92.897842 -116.444595
31 34.631012 93.770950 -116.613358
32 34.103638 95.342529 -117.457169
33 33.048889 94.644043 -118.132202
34 33.752060 96.041016 -118.132202
35 33.752060 96.041016 -118.807251
36 33.576263 95.517151 -117.288406
37 32.873093 94.120193 -119.651047
38 34.103638 94.644043 -117.794678
39 33.927841 95.167908 -118.638489
40 33.400467 94.993286 -118.469727
41 32.873093 97.263351 -118.975998
42 33.048889 95.691772 -118.469727
43 33.752060 95.342529 -117.794678
44 33.927841 95.866394 -118.300964
45 33.752060 94.294815 -117.794678
46 33.048889 95.342529 -117.457169
47 33.576263 94.818665 -116.275833
48 35.685760 95.517151 -118.638489
49 34.103638 95.691772 -117.119644
50 32.345718 94.993286 -117.457169
51 33.224670 94.120193 -118.300964
52 32.169922 96.215637 -118.300964
53 32.345718 96.739487 -117.794678
54 32.521515 96.215637 -117.625916
55 33.224670 95.866394 -117.288406
56 33.048889 96.041016 -118.132202
57 33.752060 94.993286 -117.794678
58 33.576263 95.866394 -117.625916
59 33.576263 95.517151 -117.625916
60 33.927841 94.469437 -118.975998
61 33.400467 94.644043 -117.457169
62 33.752060 94.644043 -118.469727
63 32.169922 95.167908 -117.963440
64 31.818344 94.818665 -116.950882
65 32.873093 95.866394 -117.288406
66 33.927841 95.517151 -118.638489
67 33.752060 93.247086 -118.132202
68 33.752060 94.644043 -118.807251
69 34.455215 94.644043 -118.469727
70 33.576263 96.215637 -116.613358
71 33.927841 95.517151 -118.638489
72 33.576263 94.818665 -118.300964
73 34.103638 94.294815 -117.794678
74 34.103638 93.596329 -118.469727
75 34.806808 95.342529 -117.794678
76 32.521515 95.517151 -117.625916
77 34.279434 94.818665 -117.963440
78 33.752060 95.691772 -118.469727
79 32.521515 94.120193 -116.950882
80 34.279434 94.469437 -117.625916
81 32.169922 95.167908 -118.638489
82 33.927841 94.818665 -117.625916
83 35.334183 95.517151 -117.288406
84 32.873093 96.564865 -117.963440
85 34.279434 94.120193 -117.625916
86 32.873093 95.866394 -117.288406
87 33.576263 95.517151 -116.950882
88 33.400467 96.390244 -118.807251
89 34.806808 95.691772 -118.469727
90 33.048889 94.993286 -117.119644
91 33.576263 95.517151 -118.638489
92 31.818344 95.167908 -117.963440
93 33.224670 95.866394 -117.288406
94 33.400467 95.342529 -117.457169
95 32.345718 94.993286 -119.144760
96 34.806808 96.390244 -118.807251
97 32.873093 95.517151 -117.288406
98 33.927841 96.914108 -117.625916
99 32.697296 95.691772 -118.807251
100 33.752060 96.041016 -117.119644
101 33.752060 94.993286 -117.457169
102 34.455215 94.993286 -117.794678
103 31.818344 94.469437 -117.625916
104 32.697296 94.993286 -117.794678
105 34.279434 95.167908 -118.300964
106 31.642548 94.644043 -117.794678
107 33.576263 94.120193 -118.638489
108 34.103638 96.041016 -119.482285
109 33.576263 95.866394 -117.963440
110 34.103638 95.691772 -118.807251
111 32.873093 94.469437 -118.975998
112 31.994125 95.691772 -117.119644
113 32.345718 93.945572 -119.144760
114 34.103638 93.945572 -117.119644
115 33.224670 95.866394 -117.288406
116 33.224670 95.866394 -118.300964
117 32.345718 94.294815 -118.469727
118 33.576263 95.517151 -118.300964
119 32.697296 94.644043 -117.794678
120 33.752060 96.739487 -119.144760
121 33.927841 94.120193 -117.625916
122 33.752060 94.294815 -116.782120
123 32.697296 94.644043 -118.469727
124 33.400467 96.390244 -118.132202
125 33.400467 93.945572 -116.782120
126 33.927841 94.469437 -117.288406
127 31.642548 94.644043 -116.782120
128 32.697296 95.342529 -117.119644
129 32.873093 94.469437 -118.975998
130 33.576263 95.517151 -118.300964
131 33.576263 95.866394 -116.950882
132 34.631012 95.167908 -118.300964
133 32.521515 95.167908 -118.975998
134 32.873093 95.167908 -116.613358
135 34.806808 96.739487 -117.794678
136 33.224670 95.167908 -117.963440
137 33.400467 95.342529 -117.119644
138 34.455215 95.342529 -116.444595
139 32.521515 96.215637 -116.950882
140 34.455215 95.342529 -117.457169
141 34.103638 94.644043 -117.794678
142 33.752060 94.993286 -118.469727
143 33.752060 95.691772 -117.794678
144 33.576263 96.564865 -118.300964
145 33.048889 95.342529 -117.457169
146 33.752060 95.342529 -116.444595
147 33.576263 95.517151 -118.300964
148 33.400467 96.041016 -116.782120
149 31.994125 96.739487 -118.469727
150 33.224670 94.469437 -118.300964
151 32.169922 95.167908 -117.963440
152 33.752060 95.691772 -118.132202
153 33.927841 94.469437 -117.625916
154 33.400467 95.691772 -118.469727
155 34.455215 95.342529 -118.132202
156 34.103638 94.294815 -119.144760
157 34.631012 93.770950 -118.300964
158 33.400467 95.342529 -118.132202
159 32.697296 95.691772 -118.469727
160 34.279434 94.469437 -117.963440
161 33.400467 96.041016 -117.457169
162 33.400467 93.945572 -118.132202
163 33.400467 94.993286 -118.807251
164 32.697296 94.294815 -118.132202
165 32.697296 94.993286 -118.132202
166 34.103638 94.294815 -117.794678
167 32.697296 95.691772 -117.794678
168 32.697296 94.993286 -117.457169
169 33.576263 95.866394 -118.975998
170 32.521515 94.818665 -117.963440
171 35.509979 95.691772 -119.144760
172 33.576263 94.469437 -117.288406
173 33.927841 94.818665 -118.975998
174 33.927841 96.215637 -117.963440
175 33.400467 95.691772 -118.469727
176 34.103638 93.247086 -117.119644
177 33.927841 96.215637 -117.288406
178 34.103638 94.644043 -118.469727
179 33.576263 96.564865 -117.625916
180 33.400467 94.294815 -117.119644
181 34.103638 94.993286 -118.807251
182 33.224670 94.818665 -117.625916
183 33.048889 96.041016 -119.482285
184 35.158386 94.993286 -118.807251
185 33.752060 93.596329 -117.457169
186 32.697296 94.993286 -117.794678
187 33.752060 95.342529 -117.794678
188 34.279434 94.818665 -117.288406
189 33.224670 95.517151 -118.300964
190 34.631012 95.866394 -118.638489
191 34.279434 94.120193 -117.288406
192 33.224670 96.564865 -117.963440
193 33.400467 94.294815 -117.794678
194 34.103638 95.691772 -118.132202
195 34.279434 95.866394 -117.963440
196 32.169922 96.564865 -117.963440
197 33.752060 92.897842 -118.132202
198 33.048889 94.294815 -117.794678
199 33.048889 95.342529 -117.457169
200 33.752060 94.993286 -118.469727
201 33.927841 95.866394 -118.300964
202 34.103638 93.247086 -118.132202
203 34.279434 95.167908 -117.625916
204 33.224670 95.866394 -117.288406
205 32.521515 95.167908 -117.625916
206 34.806808 94.993286 -118.807251
207 34.103638 94.644043 -118.469727
208 33.752060 96.041016 -116.444595
209 33.400467 95.342529 -117.794678
210 34.631012 97.263351 -118.638489
211 33.927841 95.167908 -117.625916
212 33.576263 95.866394 -117.963440
213 33.400467 93.945572 -116.107086
214 34.279434 95.517151 -117.963440
215 33.752060 93.945572 -117.794678
216 33.927841 95.866394 -118.300964
217 34.279434 95.517151 -118.638489
218 34.103638 95.342529 -118.807251
219 33.048889 94.644043 -117.794678
220 33.048889 96.041016 -117.457169
221 32.873093 95.866394 -117.288406
222 33.927841 95.167908 -117.963440
223 33.576263 94.469437 -116.613358
224 33.224670 95.866394 -117.963440
225 33.752060 96.041016 -116.782120
226 34.279434 95.866394 -118.300964
227 33.927841 95.167908 -117.288406
228 34.279434 95.866394 -117.288406
229 33.400467 94.993286 -119.144760
230 33.927841 94.818665 -117.625916
231 33.927841 95.517151 -117.963440
232 34.455215 95.342529 -117.794678
233 33.400467 94.644043 -117.457169
234 34.103638 94.993286 -117.794678
235 32.521515 95.866394 -118.638489
236 34.806808 94.294815 -118.132202
237 35.509979 94.294815 -117.119644
238 33.048889 94.993286 -118.807251
239 33.400467 94.993286 -118.132202
240 32.169922 95.167908 -117.963440
241 32.345718 95.342529 -117.794678
242 33.576263 94.120193 -117.625916
243 31.994125 95.691772 -119.482285
244 33.224670 96.215637 -116.950882
245 32.697296 96.390244 -117.457169
246 33.400467 94.993286 -118.807251
247 34.455215 96.739487 -117.119644
248 32.521515 95.517151 -117.963440
249 33.576263 95.866394 -118.300964
250 33.576263 95.517151 -117.625916
251 33.752060 95.691772 -119.819809
252 34.279434 95.167908 -117.963440
253 33.224670 96.215637 -118.975998
254 34.103638 95.691772 -118.807251
255 33.576263 95.517151 -118.300964
256 32.873093 96.215637 -118.975998
257 33.576263 95.517151 -117.288406
258 33.576263 95.866394 -116.613358
259 35.158386 94.644043 -118.132202
260 33.752060 95.691772 -118.132202
261 34.103638 96.390244 -117.794678
262 33.400467 96.041016 -117.457169
263 33.927841 96.215637 -118.638489
264 34.631012 95.866394 -118.975998
265 32.697296 94.993286 -118.132202
266 32.521515 94.120193 -118.638489
267 33.400467 96.041016 -117.794678
268 33.048889 95.342529 -118.469727
269 33.576263 94.818665 -117.625916
270 33.400467 95.691772 -118.469727
271 33.927841 95.517151 -119.313522
272 33.400467 94.294815 -117.794678
273 33.752060 94.644043 -118.469727
274 34.103638 95.342529 -118.807251
275 33.576263 95.517151 -118.300964
276 33.224670 95.517151 -118.300964
277 31.994125 93.945572 -116.782120
278 32.697296 94.993286 -118.132202
279 34.631012 94.818665 -117.963440
280 33.752060 95.691772 -118.807251
281 35.158386 95.691772 -117.119644
282 34.455215 95.342529 -117.457169
283 35.158386 96.739487 -117.119644
284 33.752060 95.342529 -118.807251
285 33.224670 95.517151 -117.288406
286 33.576263 95.517151 -117.963440
287 33.927841 94.818665 -117.288406
288 34.103638 94.294815 -117.794678
289 33.576263 94.818665 -118.300964
290 33.927841 95.167908 -117.288406
291 33.752060 95.342529 -118.132202
292 33.576263 96.564865 -118.638489
293 34.103638 95.691772 -117.457169
294 33.927841 95.167908 -117.625916
295 33.048889 95.691772 -118.469727
296 34.279434 94.120193 -118.638489
297 33.752060 94.993286 -118.132202
298 34.279434 95.167908 -116.950882
299 33.752060 95.691772 -117.457169
300 34.279434 94.469437 -117.288406
301 34.279434 95.517151 -117.288406
302 34.806808 94.644043 -118.469727
303 34.806808 94.993286 -118.807251
304 33.576263 94.469437 -119.313522
305 34.455215 93.945572 -117.457169
306 33.048889 96.041016 -118.132202
307 32.697296 95.691772 -118.807251
308 33.927841 95.517151 -116.950882
309 34.103638 94.993286 -118.469727
310 34.455215 95.691772 -118.132202
311 33.400467 95.342529 -118.807251
312 33.224670 97.961838 -118.300964
313 33.400467 96.041016 -117.794678
314 33.752060 94.993286 -117.457169
315 32.697296 95.691772 -119.144760
316 34.103638 94.294815 -118.469727
317 33.576263 95.517151 -118.638489
318 32.345718 96.739487 -118.132202
319 32.873093 95.167908 -117.963440
320 34.631012 95.517151 -117.288406
321 33.927841 95.517151 -116.950882
322 33.400467 94.294815 -117.794678
323 33.400467 94.294815 -117.457169
324 33.752060 96.390244 -117.794678
325 33.048889 94.993286 -116.782120
326 31.290970 94.294815 -117.794678
327 33.400467 95.342529 -118.469727
328 33.576263 95.866394 -117.625916
329 34.631012 94.120193 -118.638489
330 33.927841 95.167908 -118.300964
331 33.927841 95.517151 -119.313522
332 32.873093 95.167908 -118.975998
333 35.158386 94.294815 -118.132202
334 33.224670 94.120193 -117.625916
335 34.455215 94.993286 -118.469727
336 33.400467 94.644043 -118.132202
337 34.455215 94.644043 -118.132202
338 33.224670 94.818665 -118.300964
339 33.048889 94.644043 -118.807251
340 33.752060 95.691772 -117.794678
341 33.400467 94.993286 -118.807251
342 32.697296 94.993286 -116.782120
343 33.576263 95.167908 -118.975998
344 32.697296 94.294815 -116.782120
345 33.400467 93.596329 -118.807251
346 33.400467 95.342529 -117.794678
347 34.279434 94.120193 -117.625916
348 34.631012 94.818665 -118.300964
349 33.927841 96.215637 -117.963440
350 33.927841 95.167908 -117.963440
351 33.400467 94.993286 -117.119644
352 32.873093 94.818665 -118.975998
353 33.048889 94.993286 -117.119644
354 33.224670 95.517151 -117.963440
355 34.279434 95.167908 -117.288406
356 34.455215 94.993286 -118.132202
357 32.521515 94.120193 -117.963440
358 33.400467 96.739487 -119.482285
359 34.631012 96.215637 -118.638489
360 33.048889 95.691772 -119.144760
361 31.994125 94.644043 -118.807251
362 34.982590 94.469437 -119.651047
363 34.279434 96.215637 -116.950882
364 34.279434 95.167908 -117.625916
365 34.806808 94.294815 -117.457169
366 34.455215 94.294815 -118.132202
367 32.697296 96.041016 -118.132202
368 33.576263 95.517151 -117.288406
369 34.455215 95.691772 -118.132202
370 33.927841 95.866394 -118.975998
371 32.873093 95.167908 -118.975998
372 33.576263 95.866394 -119.651047
373 33.927841 95.167908 -118.975998
374 34.982590 95.866394 -118.300964
375 32.521515 96.564865 -118.300964
376 33.400467 95.691772 -118.132202
377 33.752060 96.041016 -118.469727
378 33.927841 95.167908 -118.300964
379 34.103638 94.294815 -119.144760
380 32.169922 95.167908 -119.988571
381 32.697296 94.644043 -117.794678
382 33.576263 95.167908 -117.288406
383 32.873093 94.469437 -118.638489
384 32.697296 95.342529 -117.457169
385 33.048889 95.691772 -118.469727
386 32.521515 95.167908 -118.638489
387 33.400467 96.041016 -118.469727
388 33.927841 95.167908 -117.963440
389 34.103638 94.993286 -117.794678
390 33.400467 94.644043 -117.457169
391 33.576263 95.866394 -117.625916
392 33.576263 95.167908 -116.950882
393 35.158386 96.041016 -117.119644
394 33.927841 96.215637 -118.638489
395 33.927841 94.469437 -117.963440
396 33.576263 96.215637 -117.288406
397 33.400467 94.993286 -118.807251
398 33.224670 94.818665 -117.625916
399 32.697296 95.691772 -117.457169
400 32.345718 96.390244 -118.132202
401 33.048889 94.993286 -117.794678
402 32.345718 93.945572 -118.132202
403 33.224670 95.517151 -117.963440
404 33.752060 95.691772 -117.457169
405 32.345718 94.294815 -116.782120
406 34.103638 95.342529 -118.807251
407 33.576263 95.167908 -119.651047
408 33.927841 96.914108 -117.625916
409 33.576263 95.866394 -118.300964
410 32.345718 96.390244 -117.119644
411 33.400467 95.691772 -117.119644
412 34.631012 95.866394 -117.963440
413 33.927841 94.818665 -117.963440
414 33.752060 96.390244 -118.132202
415 33.048889 94.993286 -117.457169
416 32.345718 94.993286 -117.457169
417 33.400467 95.342529 -118.132202
418 33.576263 95.866394 -118.975998
419 34.982590 94.469437 -117.288406
420 34.455215 95.342529 -119.819809
421 32.345718 94.644043 -119.819809
422 32.169922 94.818665 -117.963440
423 33.400467 94.993286 -117.119644
424 33.224670 94.818665 -118.300964
425 34.455215 96.041016 -118.132202
426 34.806808 97.088730 -118.132202
427 33.048889 95.342529 -117.457169
428 33.576263 95.866394 -118.300964
429 34.279434 95.167908 -118.638489
430 33.576263 94.818665 -118.638489
431 32.873093 94.818665 -117.288406
432 33.752060 94.993286 -118.807251
433 33.927841 95.167908 -117.963440
434 32.873093 94.818665 -118.300964
435 32.873093 95.866394 -118.300964
436 33.400467 94.644043 -117.119644
437 34.279434 94.818665 -117.963440
438 34.279434 94.818665 -116.950882
439 33.400467 95.342529 -117.794678
440 33.927841 95.167908 -118.300964
441 32.697296 94.644043 -119.144760
442 33.927841 94.120193 -118.638489
443 35.334183 95.517151 -117.625916
444 33.400467 95.691772 -118.132202
445 33.927841 95.866394 -118.300964
446 32.873093 94.469437 -117.288406
447 33.927841 94.120193 -117.288406
448 34.103638 93.596329 -118.469727
449 33.400467 96.041016 -118.132202
450 32.521515 95.517151 -117.963440
451 33.224670 95.866394 -117.963440
452 33.927841 95.517151 -117.625916
453 33.224670 95.167908 -118.638489
454 33.400467 95.691772 -117.794678
455 33.576263 95.167908 -118.300964
456 33.224670 95.167908 -116.950882
457 33.400467 95.691772 -117.794678
458 31.994125 94.294815 -118.807251
459 34.279434 95.517151 -117.963440
460 33.400467 95.691772 -118.807251
461 34.103638 95.342529 -118.469727
462 33.048889 95.342529 -117.119644
463 33.752060 94.644043 -117.119644
464 33.927841 96.215637 -118.300964
465 33.400467 94.993286 -117.457169
466 34.806808 94.993286 -118.132202
467 32.873093 94.120193 -117.625916
468 33.576263 95.517151 -119.313522
469 33.576263 96.914108 -117.963440
470 34.455215 95.342529 -118.807251
471 34.103638 95.691772 -117.457169
472 34.103638 95.342529 -117.794678
473 33.752060 95.691772 -116.782120
474 32.697296 94.294815 -117.457169
475 32.521515 94.818665 -116.950882
476 32.697296 94.644043 -117.119644
477 32.697296 93.945572 -119.144760
478 34.103638 94.294815 -118.807251
479 33.224670 95.866394 -117.963440
480 33.576263 95.167908 -118.300964
481 33.224670 95.167908 -117.288406
482 32.873093 94.469437 -118.638489
483 32.873093 96.215637 -117.963440
484 34.455215 96.390244 -118.469727
485 34.103638 94.993286 -118.469727
486 33.048889 95.342529 -116.782120
487 33.400467 94.294815 -118.469727
488 33.576263 95.517151 -117.625916
489 34.631012 95.167908 -116.950882
490 31.818344 93.770950 -117.963440
491 32.697296 95.691772 -117.794678
492 33.576263 94.818665 -118.300964
493 33.576263 94.818665 -117.963440
494 33.927841 96.564865 -118.300964
495 33.400467 95.342529 -117.794678
496 32.345718 93.945572 -117.119644
497 34.103638 95.342529 -117.794678
498 32.873093 94.469437 -116.950882
499 33.400467 96.390244 -118.132202
500 33.400467 94.993286 -117.457169
501 33.400467 94.993286 -117.119644
502 35.334183 94.120193 -117.288406
503 34.631012 95.167908 -117.625916
504 34.982590 95.517151 -118.300964
505 34.103638 95.342529 -117.119644
506 34.103638 94.294815 -118.469727
507 34.279434 95.517151 -118.638489
508 33.576263 95.167908 -118.638489
509 32.521515 94.469437 -118.300964
510 32.697296 95.342529 -118.132202
511 32.521515 96.215637 -118.975998
512 35.685760 94.818665 -117.963440
513 32.873093 95.866394 -119.313522
514 33.927841 95.866394 -117.625916
515 33.752060 97.088730 -119.144760
516 34.279434 93.421707 -117.963440
517 33.927841 95.167908 -117.625916
518 33.927841 95.866394 -117.963440
519 33.752060 95.691772 -117.457169
520 32.873093 95.167908 -117.625916
521 32.521515 94.818665 -116.950882
522 33.752060 95.691772 -118.469727
523 33.752060 95.691772 -118.469727
524 32.521515 95.167908 -117.963440
525 33.927841 94.120193 -116.950882
526 32.873093 95.517151 -117.288406
527 33.752060 96.390244 -117.457169
528 34.279434 95.517151 -118.638489
529 32.521515 93.770950 -117.288406
530 31.994125 94.993286 -118.469727
531 32.697296 94.993286 -118.132202
532 33.576263 93.770950 -117.625916
533 34.631012 94.469437 -117.963440
534 34.279434 94.818665 -117.288406
535 33.927841 95.517151 -118.300964
536 34.982590 96.564865 -118.975998
537 33.224670 94.818665 -116.950882
538 33.927841 95.167908 -118.300964
539 34.279434 95.167908 -117.288406
540 31.994125 95.342529 -118.469727
541 34.631012 95.517151 -119.313522
542 33.576263 95.517151 -118.300964
543 34.103638 95.342529 -116.782120
544 33.048889 95.342529 -118.469727
545 33.927841 95.866394 -118.638489
546 33.048889 96.041016 -117.119644
547 33.576263 93.770950 -117.625916
548 33.576263 94.818665 -117.625916
549 33.576263 95.866394 -117.625916
550 33.752060 97.088730 -115.769562
551 34.103638 94.644043 -116.782120
552 34.455215 95.691772 -117.119644
553 33.224670 96.215637 -118.300964
554 33.752060 95.691772 -118.807251
555 33.400467 95.691772 -117.794678
556 34.279434 95.167908 -117.963440
557 33.224670 95.866394 -117.963440
558 32.521515 94.469437 -117.625916
559 34.103638 94.644043 -117.794678
560 33.048889 95.342529 -116.782120
561 33.224670 94.469437 -117.625916
562 33.224670 93.770950 -118.638489
563 33.224670 95.866394 -118.638489
564 33.224670 94.818665 -118.300964
565 33.576263 93.770950 -118.300964
566 32.873093 94.818665 -117.625916
567 33.927841 94.120193 -117.963440
568 33.400467 94.993286 -117.794678
569 33.400467 94.993286 -118.807251
570 32.345718 95.342529 -117.457169
571 34.455215 97.088730 -118.807251
572 34.103638 94.993286 -117.794678
573 34.631012 96.215637 -117.288406
574 34.279434 95.517151 -118.300964
575 32.697296 95.691772 -117.119644
576 34.455215 96.041016 -117.794678
577 35.158386 96.041016 -117.794678
578 33.927841 96.215637 -117.625916
579 32.521515 94.818665 -118.300964
580 34.103638 95.691772 -118.469727
581 33.224670 95.866394 -117.963440
582 34.279434 95.517151 -118.638489
583 34.279434 95.866394 -118.638489
584 33.048889 94.294815 -119.482285
585 34.631012 95.866394 -117.963440
586 32.345718 96.041016 -118.469727
587 33.927841 95.866394 -116.950882
588 34.103638 94.993286 -117.457169
589 34.631012 96.215637 -118.300964
590 34.455215 94.993286 -117.119644
591 34.279434 95.517151 -116.275833
592 34.103638 93.945572 -118.132202
593 33.752060 94.294815 -117.794678
594 32.873093 94.120193 -117.963440
595 33.224670 95.866394 -117.963440
596 35.158386 93.596329 -118.132202
597 33.752060 96.041016 -118.132202
598 32.345718 95.691772 -117.457169
599 31.818344 96.215637 -119.988571
600 33.752060 94.993286 -118.469727
601 33.576263 96.215637 -117.963440
602 32.873093 93.770950 -118.300964
603 33.224670 95.167908 -117.963440
604 32.521515 94.818665 -117.963440
605 33.752060 96.739487 -118.807251
606 32.521515 94.120193 -117.963440
607 33.576263 95.517151 -117.963440
608 34.455215 94.993286 -118.132202
609 34.103638 95.342529 -118.807251
610 33.752060 94.993286 -118.807251
611 33.927841 94.818665 -117.288406
612 32.873093 94.120193 -118.300964
613 33.048889 94.993286 -117.119644
614 33.048889 96.739487 -117.794678
615 33.048889 96.041016 -118.132202
616 33.927841 95.167908 -119.313522
617 33.400467 94.294815 -117.794678
618 33.576263 95.167908 -118.300964
619 33.400467 94.644043 -118.469727
620 34.982590 95.866394 -118.975998
621 33.576263 95.517151 -118.638489
622 33.927841 96.215637 -117.625916
623 33.400467 96.041016 -117.119644
624 35.158386 97.088730 -117.457169
625 33.048889 96.041016 -118.132202
626 34.455215 94.294815 -118.469727
627 33.224670 94.120193 -117.625916
628 34.103638 96.041016 -117.457169
629 34.806808 95.691772 -118.807251
630 32.873093 95.866394 -118.975998
631 33.224670 94.120193 -118.638489
632 33.224670 95.167908 -116.950882
633 34.103638 95.342529 -117.119644
634 33.927841 95.866394 -117.963440
635 32.697296 94.644043 -119.144760
636 34.631012 96.564865 -117.625916
637 34.103638 95.691772 -119.144760
638 33.400467 94.294815 -118.469727
639 33.048889 95.342529 -116.782120
640 33.927841 95.167908 -117.963440
641 32.873093 94.818665 -116.950882
642 33.927841 95.517151 -117.625916
643 33.576263 95.517151 -118.638489
644 34.982590 94.469437 -116.950882
645 34.103638 94.644043 -117.794678
646 33.752060 93.945572 -116.782120
647 33.576263 95.167908 -117.963440
648 32.521515 95.866394 -117.288406
649 33.576263 94.469437 -118.300964
650 34.455215 95.691772 -117.119644
651 32.873093 94.818665 -117.625916
652 34.455215 95.342529 -118.132202
653 33.752060 95.342529 -118.469727
654 34.279434 94.818665 -117.288406
655 33.752060 95.691772 -118.132202
656 33.576263 94.469437 -116.950882
657 33.576263 95.517151 -118.300964
658 32.521515 95.517151 -117.625916
659 33.927841 94.469437 -116.950882
660 33.576263 95.167908 -118.300964
661 33.752060 94.993286 -118.132202
662 33.752060 94.993286 -117.794678
663 33.224670 94.818665 -116.275833
664 32.697296 95.342529 -118.132202
665 33.048889 96.041016 -118.469727
666 33.400467 94.294815 -117.119644
667 32.169922 95.167908 -118.300964
668 34.279434 95.866394 -118.975998
669 33.224670 94.818665 -118.300964
670 33.927841 95.517151 -117.288406
671 33.224670 95.517151 -117.963440
672 33.927841 95.517151 -117.625916
673 33.576263 94.469437 -117.963440
674 33.224670 94.818665 -118.300964
675 33.927841 94.469437 -118.638489
676 32.697296 95.342529 -118.469727
677 34.279434 96.914108 -118.638489
678 34.806808 96.041016 -118.132202
679 33.224670 96.215637 -118.300964
680 32.697296 94.294815 -117.457169
681 34.103638 95.342529 -118.807251
682 34.631012 96.215637 -117.625916
683 34.279434 95.167908 -117.625916
684 33.576263 94.818665 -117.963440
685 33.224670 95.866394 -118.638489
686 33.400467 94.644043 -117.457169
687 33.048889 96.390244 -118.132202
688 34.103638 95.342529 -117.119644
689 33.224670 95.167908 -116.950882
690 33.927841 96.215637 -117.288406
691 34.982590 94.818665 -116.950882
692 32.873093 95.866394 -118.300964
693 34.806808 96.390244 -118.807251
694 33.400467 95.691772 -118.469727
695 33.400467 96.041016 -117.794678
696 34.982590 94.818665 -117.625916
697 33.576263 95.167908 -118.638489
698 33.400467 95.691772 -117.119644
699 32.873093 94.818665 -118.638489
700 34.631012 95.866394 -116.613358
701 33.752060 92.897842 -118.469727
702 34.455215 94.993286 -117.794678
703 34.103638 94.644043 -117.457169
704 33.224670 95.866394 -117.625916
705 34.806808 94.993286 -117.457169
706 32.697296 95.691772 -117.794678
707 33.927841 95.517151 -117.963440
708 34.806808 93.596329 -118.132202
709 33.752060 94.644043 -118.469727
710 33.576263 95.517151 -117.963440
711 33.927841 94.469437 -117.625916
712 33.927841 95.517151 -118.638489
713 34.631012 95.517151 -117.963440
714 34.631012 96.215637 -117.963440
715 33.576263 95.517151 -117.963440
716 33.752060 95.342529 -117.457169
717 31.818344 94.120193 -118.638489
718 33.400467 94.294815 -117.794678
719 33.048889 94.294815 -118.469727
720 32.873093 94.818665 -117.625916
721 32.697296 95.342529 -117.794678
722 33.752060 96.041016 -118.469727
723 34.631012 94.469437 -116.613358
724 33.048889 96.041016 -119.144760
725 33.048889 94.993286 -118.469727
726 32.345718 94.294815 -118.469727
727 34.279434 94.469437 -117.963440
728 32.345718 94.644043 -118.132202
729 34.279434 97.263351 -117.963440
730 33.224670 95.517151 -118.300964
731 33.224670 95.866394 -118.975998
732 33.576263 95.167908 -117.963440
733 33.576263 95.866394 -117.288406
734 32.521515 95.517151 -117.625916
735 33.224670 95.517151 -117.963440
736 33.752060 95.342529 -117.119644
737 34.279434 95.517151 -116.613358
738 33.576263 94.818665 -117.963440
739 33.400467 94.993286 -117.794678
740 32.873093 95.167908 -117.288406
741 33.927841 96.215637 -117.963440
742 34.455215 94.993286 -118.132202
743 33.752060 95.342529 -117.794678
744 32.873093 94.818665 -117.963440
745 33.752060 95.342529 -117.457169
746 33.400467 94.644043 -117.457169
747 31.994125 95.691772 -118.132202
748 33.224670 95.517151 -117.625916
749 33.752060 95.691772 -118.807251
750 33.400467 94.993286 -117.794678
751 33.224670 95.167908 -117.625916
752 33.224670 95.866394 -118.638489
753 32.521515 94.818665 -117.963440
754 33.576263 95.517151 -116.950882
755 33.752060 94.294815 -118.807251
756 34.455215 95.342529 -117.794678
757 34.631012 96.564865 -117.288406
758 33.224670 95.866394 -117.963440
759 32.169922 94.818665 -117.288406
760 32.873093 94.818665 -116.613358
761 33.752060 94.993286 -119.144760
762 33.927841 96.215637 -118.638489
763 34.103638 95.342529 -118.469727
764 33.048889 95.342529 -117.794678
765 33.752060 92.897842 -118.132202
766 33.752060 94.644043 -118.469727
767 33.400467 95.342529 -118.132202
768 33.400467 94.644043 -117.119644
769 33.752060 95.342529 -117.119644
770 33.752060 95.691772 -117.794678
771 34.631012 95.167908 -117.625916
772 34.279434 95.866394 -117.963440
773 34.631012 95.517151 -118.300964
774 33.224670 95.866394 -118.300964
775 32.873093 94.818665 -116.613358
776 34.103638 94.993286 -117.119644
777 32.873093 94.818665 -117.963440
778 33.048889 96.041016 -118.132202
779 33.576263 96.215637 -117.288406
780 33.576263 95.517151 -116.950882
781 34.279434 95.866394 -118.300964
782 34.103638 94.644043 -119.819809
783 32.169922 94.120193 -117.963440
784 33.752060 95.342529 -117.457169
785 33.752060 95.691772 -117.457169
786 33.048889 94.644043 -119.144760
787 33.927841 96.215637 -117.625916
788 32.873093 97.263351 -117.963440
789 33.576263 94.469437 -117.288406
790 33.048889 93.596329 -118.469727
791 33.927841 94.818665 -117.288406
792 33.224670 95.517151 -118.300964
793 34.279434 94.120193 -118.300964
794 34.455215 96.041016 -117.794678
795 33.752060 94.644043 -117.794678
796 32.697296 93.945572 -118.132202
797 33.224670 94.818665 -118.638489
798 34.279434 95.517151 -118.300964
799 33.224670 95.517151 -117.963440
800 34.279434 94.818665 -117.288406
801 33.752060 95.342529 -118.132202
802 33.048889 94.993286 -116.782120
803 33.224670 95.517151 -116.950882
804 34.103638 95.342529 -118.132202
805 34.279434 94.120193 -117.963440
806 33.400467 95.691772 -118.469727
807 34.103638 96.041016 -118.132202
808 33.576263 94.469437 -117.625916
809 32.697296 95.342529 -117.119644
810 33.400467 94.644043 -118.469727
811 32.873093 95.517151 -118.638489
812 34.806808 95.342529 -119.482285
813 32.345718 95.342529 -117.119644
814 34.279434 94.469437 -117.963440
815 33.576263 94.469437 -116.613358
816 34.279434 95.866394 -118.638489
817 34.455215 94.993286 -117.119644
818 32.873093 93.770950 -117.288406
819 34.103638 94.993286 -117.119644
820 33.224670 95.517151 -117.963440
821 34.631012 96.564865 -118.300964
822 32.697296 96.390244 -118.132202
823 34.103638 93.596329 -118.132202
824 33.048889 94.644043 -117.794678
825 33.224670 95.866394 -117.625916
826 32.873093 95.167908 -117.963440
827 32.697296 94.644043 -117.457169
828 33.400467 93.945572 -118.469727
829 34.806808 95.691772 -117.457169
830 33.927841 94.818665 -119.313522
831 31.994125 97.437973 -118.469727
832 33.752060 94.644043 -118.132202
833 32.697296 94.294815 -117.794678
834 33.927841 95.866394 -118.975998
835 33.576263 96.215637 -115.938324
836 33.224670 96.215637 -118.638489
837 33.048889 94.644043 -117.794678
838 35.158386 95.342529 -118.469727
839 34.806808 94.993286 -117.457169
840 34.806808 94.993286 -117.794678
841 34.279434 95.866394 -117.625916
842 35.685760 93.072464 -118.638489
843 32.873093 96.564865 -118.638489
844 33.400467 94.993286 -116.444595
845 33.048889 94.993286 -118.469727
846 32.345718 94.993286 -118.469727
847 34.279434 95.866394 -117.963440
848 34.455215 95.342529 -118.469727
849 32.697296 94.993286 -118.132202
850 33.576263 95.167908 -118.300964
851 33.576263 94.469437 -116.275833
852 32.345718 95.342529 -117.794678
853 33.927841 95.167908 -118.300964
854 33.400467 96.390244 -117.119644
855 34.279434 95.167908 -117.625916
856 35.509979 94.993286 -117.794678
857 33.752060 94.644043 -118.807251
858 32.873093 95.866394 -117.625916
859 33.048889 95.342529 -118.469727
860 33.400467 96.041016 -118.132202
861 33.576263 96.914108 -118.300964
862 34.279434 95.167908 -118.300964
863 33.224670 94.120193 -118.638489
864 34.103638 96.390244 -118.132202
865 32.521515 94.818665 -118.300964
866 33.224670 94.469437 -116.950882
867 33.048889 94.644043 -118.132202
868 34.455215 94.644043 -118.469727
869 34.103638 94.993286 -117.794678
870 33.400467 95.691772 -117.794678
871 33.752060 96.041016 -118.132202
872 31.818344 94.469437 -118.300964
873 34.631012 94.120193 -118.638489
874 34.103638 94.993286 -118.132202
875 32.345718 95.342529 -117.457169
876 33.400467 95.691772 -116.782120
877 33.224670 95.167908 -117.288406
878 34.103638 95.691772 -117.794678
879 34.455215 95.691772 -118.132202
880 33.400467 96.390244 -118.132202
881 33.927841 95.167908 -117.963440
882 33.576263 94.818665 -117.625916
883 33.927841 94.469437 -118.300964
884 32.873093 95.517151 -117.625916
885 34.455215 94.294815 -117.119644
886 33.400467 95.691772 -118.132202
887 32.873093 95.167908 -118.975998
888 34.631012 96.215637 -117.963440
889 32.873093 95.167908 -117.625916
890 32.169922 95.167908 -118.975998
891 34.455215 95.691772 -117.119644
892 33.576263 94.469437 -117.963440
893 33.224670 94.120193 -117.963440
894 33.400467 95.342529 -117.119644
895 34.103638 94.294815 -118.132202
896 34.279434 94.469437 -117.625916
897 34.103638 94.294815 -118.469727
898 33.224670 95.866394 -116.950882
899 34.279434 95.517151 -117.625916
900 33.752060 94.294815 -117.794678
901 34.279434 95.167908 -116.950882
902 33.752060 94.644043 -117.119644
903 34.806808 96.739487 -117.794678
904 34.279434 96.215637 -117.288406
905 34.103638 95.342529 -119.482285
906 34.279434 96.564865 -117.288406
907 31.642548 94.993286 -117.794678
908 33.048889 95.691772 -117.457169
909 33.576263 95.517151 -118.638489
910 34.279434 94.818665 -117.288406
911 34.982590 95.866394 -117.963440
912 33.927841 94.818665 -117.963440
913 33.576263 95.517151 -117.288406
914 33.400467 95.342529 -116.782120
915 32.521515 95.866394 -116.950882
916 33.224670 95.167908 -117.625916
917 33.400467 94.294815 -117.794678
918 33.224670 94.818665 -117.288406
919 33.224670 94.818665 -116.613358
920 33.400467 94.644043 -117.794678
921 33.576263 96.215637 -118.300964
922 33.927841 93.421707 -116.613358
923 33.048889 95.342529 -118.469727
924 32.521515 95.517151 -117.288406
925 34.279434 94.469437 -117.625916
926 34.103638 95.342529 -118.132202
927 34.982590 94.818665 -117.963440
928 33.927841 96.914108 -118.300964
929 33.400467 94.993286 -117.457169
930 33.048889 96.739487 -118.469727
931 32.521515 95.866394 -117.625916
932 33.224670 95.517151 -118.638489
933 32.873093 93.770950 -118.638489
934 33.927841 95.866394 -116.275833
935 34.806808 94.644043 -117.794678
936 33.752060 96.390244 -116.782120
937 32.345718 96.041016 -117.119644
938 33.927841 95.517151 -115.938324
939 33.400467 94.993286 -117.794678
940 33.752060 94.993286 -117.794678
941 34.103638 94.644043 -118.469727
942 33.400467 94.644043 -118.132202
943 33.752060 95.691772 -117.794678
944 31.115173 94.818665 -118.300964
945 33.752060 95.342529 -119.144760
946 35.685760 94.818665 -116.950882
947 33.576263 94.818665 -115.600800
948 34.455215 94.993286 -118.807251
949 33.048889 94.993286 -117.457169
950 33.752060 96.390244 -118.132202
951 34.455215 95.691772 -116.444595
952 33.400467 96.041016 -117.457169
953 33.400467 94.294815 -117.794678
954 34.455215 95.342529 -117.119644
955 34.103638 95.342529 -117.794678
956 34.279434 94.818665 -117.288406
957 33.927841 95.866394 -118.300964
958 33.576263 95.167908 -117.288406
959 35.158386 96.041016 -117.457169
960 34.103638 95.342529 -118.807251
961 33.224670 94.818665 -117.963440
962 34.279434 94.120193 -116.613358
963 32.697296 95.342529 -117.457169
964 33.927841 95.167908 -116.950882
965 33.752060 94.993286 -117.794678
966 31.818344 95.517151 -116.613358
967 32.169922 95.167908 -117.625916
968 34.279434 94.818665 -119.313522
969 33.576263 95.517151 -117.625916
970 33.927841 95.517151 -118.300964
971 34.455215 94.644043 -118.807251
972 33.400467 94.993286 -116.107086
973 33.576263 94.120193 -116.950882
974 33.048889 94.644043 -118.132202
975 33.224670 95.517151 -116.613358
976 34.806808 95.342529 -117.794678
977 34.279434 93.770950 -116.613358
978 34.103638 95.342529 -118.132202
979 32.169922 96.914108 -116.950882
980 34.103638 94.993286 -117.794678
981 34.631012 94.818665 -117.963440
982 34.279434 96.215637 -117.625916
983 33.927841 95.866394 -117.288406
984 33.224670 95.167908 -118.638489
985 34.279434 95.517151 -118.300964
986 32.169922 95.866394 -118.638489
987 34.279434 96.215637 -117.963440
988 33.927841 95.167908 -117.963440
989 33.576263 94.469437 -118.300964
990 34.103638 94.644043 -119.482285
991 34.103638 95.691772 -118.807251
992 32.873093 95.517151 -118.300964
993 33.224670 95.517151 -118.975998
994 33.048889 94.993286 -118.132202
995 34.279434 95.167908 -117.963440
996 33.752060 94.993286 -117.119644
997 34.103638 95.342529 -116.782120
998 33.927841 95.517151 -116.950882
999 34.103638 95.691772 -118.469727
1000 32.169922 94.818665 -118.300964
1001 32.521515 95.866394 -117.625916
1002 34.982590 94.120193 -117.963440
1003 33.224670 95.167908 -117.963440
1004 33.400467 95.691772 -117.794678
1005 34.455215 94.993286 -116.782120
1006 33.576263 94.818665 -117.625916
1007 34.103638 95.342529 -118.132202
1008 34.103638 94.993286 -117.794678
1009 32.873093 94.818665 -117.288406
1010 31.642548 96.041016 -117.119644
1011 32.169922 96.215637 -117.625916
1012 33.224670 95.167908 -117.963440
1013 34.279434 94.120193 -117.963440
1014 33.576263 94.818665 -117.288406
1015 33.224670 96.215637 -117.625916
1016 32.697296 94.644043 -117.119644
1017 33.576263 93.770950 -117.963440
1018 32.697296 93.596329 -117.119644
1019 33.224670 95.517151 -116.950882
1020 33.048889 96.041016 -118.132202
1021 33.048889 95.342529 -117.794678
1022 33.224670 95.517151 -118.300964
1023 34.279434 94.818665 -116.950882
1024 35.509979 95.342529 -118.469727
1025 34.279434 95.167908 -118.638489
1026 33.400467 93.596329 -117.457169
1027 33.927841 95.167908 -118.638489
1028 32.697296 94.644043 -117.457169
1029 33.927841 94.818665 -118.300964
1030 33.752060 96.390244 -118.132202
1031 33.576263 95.167908 -117.963440
1032 33.400467 96.390244 -118.132202
1033 34.631012 96.215637 -117.963440
1034 34.455215 95.342529 -117.794678
1035 33.400467 95.691772 -118.807251
1036 33.400467 95.691772 -117.794678
1037 33.048889 95.691772 -119.144760
1038 33.927841 96.215637 -119.651047
1039 34.806808 95.342529 -118.469727
1040 34.279434 95.866394 -118.300964
1041 32.521515 95.866394 -118.300964
1042 32.521515 96.564865 -117.288406
1043 34.455215 95.342529 -117.794678
1044 32.521515 94.120193 -117.963440
1045 33.400467 94.294815 -118.469727
1046 33.400467 95.342529 -118.469727
1047 32.873093 93.421707 -117.625916
1048 33.927841 95.167908 -117.288406
1049 34.631012 94.120193 -117.963440
1050 33.576263 94.469437 -118.638489
1051 32.697296 95.691772 -117.457169
1052 33.576263 95.517151 -117.625916
1053 34.455215 96.041016 -117.119644
1054 34.806808 94.993286 -118.469727
