1 9.492752 165.889023 -111.044266
2 8.789597 163.793579 -108.681625
3 9.492752 165.889023 -110.706757
4 8.789597 164.142822 -110.706757
5 9.668549 165.015930 -109.862946
6 9.844345 163.444336 -110.706757
7 9.492752 164.841309 -110.369232
8 9.316971 164.666687 -111.213028
9 10.195923 164.492065 -110.031708
10 8.965378 163.968201 -110.875504
11 9.492752 165.539780 -110.031708
12 9.844345 164.492065 -109.019150
13 10.195923 164.841309 -110.706757
14 8.789597 164.492065 -110.369232
15 8.613800 166.063644 -110.537994
16 11.426468 165.365158 -110.200470
17 10.899094 164.492065 -110.031708
18 10.371719 165.365158 -110.537994
19 10.371719 165.015930 -110.537994
20 10.195923 165.889023 -110.706757
21 9.141174 164.142822 -110.369232
22 8.965378 164.666687 -110.875504
23 8.965378 165.015930 -109.862946
24 9.316971 165.365158 -111.213028
25 10.195923 165.539780 -111.719315
26 10.723297 165.365158 -109.525421
27 9.141174 163.793579 -109.694183
28 8.789597 164.142822 -111.044266
29 9.492752 165.190536 -110.369232
30 9.141174 164.492065 -110.706757
31 9.668549 163.968201 -110.875504
32 10.371719 163.968201 -110.875504
33 9.844345 165.190536 -111.381790
34 10.723297 163.618958 -111.213028
35 10.547516 164.841309 -112.056839
36 9.668549 165.015930 -109.862946
37 10.723297 165.365158 -111.213028
38 8.262222 166.412888 -110.875504
39 9.141174 164.492065 -111.044266
40 9.141174 164.492065 -109.694183
41 9.141174 164.492065 -110.369232
42 9.668549 165.714401 -111.213028
43 9.668549 165.365158 -109.862946
44 11.074890 164.317444 -109.862946
45 10.020142 165.015930 -111.550552
46 10.195923 164.841309 -109.694183
47 10.371719 164.666687 -110.537994
48 10.020142 165.015930 -111.213028
49 8.438004 164.142822 -112.394348
50 8.965378 163.618958 -110.537994
51 10.195923 163.793579 -111.044266
52 9.492752 165.539780 -110.706757
53 9.668549 164.666687 -111.213028
54 8.965378 164.666687 -109.862946
55 10.195923 163.793579 -111.381790
56 10.547516 164.841309 -110.369232
57 9.492752 163.793579 -110.031708
58 8.965378 165.015930 -109.862946
59 7.734833 164.492065 -110.031708
60 8.438004 164.142822 -110.031708
61 10.195923 165.190536 -110.031708
62 11.074890 164.317444 -109.862946
63 9.668549 164.666687 -110.537994
64 9.668549 164.666687 -110.537994
65 8.789597 164.492065 -110.369232
66 8.613800 163.968201 -110.875504
67 10.020142 163.968201 -111.888077
68 9.492752 164.492065 -111.044266
69 8.613800 163.269730 -109.862946
70 7.910629 164.666687 -110.537994
71 9.492752 165.539780 -110.706757
72 9.844345 165.539780 -111.381790
73 8.965378 165.714401 -109.862946
74 9.668549 165.365158 -111.550552
75 9.141174 164.142822 -110.706757
76 9.844345 164.492065 -111.044266
77 9.492752 164.492065 -110.369232
78 10.020142 163.968201 -110.875504
79 10.195923 164.492065 -111.719315
80 7.207458 164.666687 -110.200470
81 8.965378 164.317444 -111.213028
82 9.316971 165.365158 -110.200470
83 10.020142 165.714401 -110.537994
84 9.141174 164.841309 -110.706757
85 10.547516 164.142822 -110.706757
86 9.316971 163.968201 -109.525421
87 8.965378 163.968201 -110.200470
88 8.789597 164.492065 -110.706757
89 9.492752 164.492065 -110.369232
90 10.547516 164.142822 -110.031708
91 10.020142 165.365158 -111.213028
92 10.020142 163.618958 -110.200470
93 10.371719 163.968201 -110.200470
94 10.020142 165.015930 -111.888077
95 11.074890 163.968201 -110.875504
96 10.195923 164.142822 -110.706757
97 9.844345 165.539780 -112.056839
98 9.492752 164.841309 -111.044266
99 9.141174 164.841309 -109.694183
100 9.492752 165.190536 -110.706757
101 10.020142 163.968201 -111.888077
102 9.844345 165.539780 -111.044266
103 8.438004 165.190536 -112.394348
104 8.965378 164.317444 -110.875504
105 10.723297 165.015930 -110.875504
106 9.844345 164.841309 -110.369232
107 8.965378 165.714401 -110.537994
108 7.910629 166.412888 -110.537994
109 8.789597 164.841309 -111.719315
110 10.899094 164.142822 -111.381790
111 9.844345 164.492065 -110.706757
112 9.844345 164.492065 -111.044266
113 9.844345 164.841309 -110.706757
114 9.844345 164.142822 -110.031708
115 9.316971 166.063644 -110.875504
116 10.020142 164.317444 -109.525421
117 9.492752 163.793579 -110.706757
118 8.613800 165.365158 -110.875504
119 9.492752 163.793579 -112.056839
120 10.547516 165.190536 -110.706757
121 10.195923 163.793579 -110.706757
122 9.316971 165.015930 -110.537994
123 9.668549 165.015930 -112.563110
124 9.668549 165.015930 -109.862946
125 8.789597 165.889023 -111.381790
126 9.844345 163.444336 -110.031708
127 8.789597 163.793579 -111.719315
128 10.723297 165.015930 -110.875504
129 10.371719 165.714401 -110.537994
130 9.141174 165.190536 -110.031708
131 10.723297 165.015930 -109.862946
132 10.547516 164.142822 -110.369232
133 10.195923 164.492065 -110.369232
134 9.141174 164.841309 -110.706757
135 10.195923 164.841309 -111.719315
136 11.778061 166.063644 -109.525421
137 10.899094 164.142822 -111.044266
138 8.965378 165.015930 -111.550552
139 8.965378 163.968201 -110.537994
140 8.613800 164.666687 -112.225586
141 10.195923 164.492065 -111.381790
142 9.316971 164.666687 -110.200470
143 9.316971 165.714401 -110.537994
144 10.371719 165.365158 -109.862946
145 9.844345 164.142822 -109.694183
146 9.492752 164.492065 -110.369232
147 9.316971 163.968201 -110.200470
148 10.723297 165.015930 -111.213028
149 10.020142 166.412888 -110.875504
150 10.371719 165.015930 -109.525421
151 10.020142 165.714401 -110.200470
152 9.141174 165.190536 -110.706757
153 7.910629 163.968201 -112.225586
154 9.316971 166.063644 -111.213028
155 9.492752 162.745865 -110.031708
156 9.844345 164.841309 -112.056839
157 9.316971 165.365158 -111.550552
158 10.020142 165.714401 -110.200470
159 9.141174 166.238266 -110.369232
160 10.020142 165.365158 -109.525421
161 8.789597 164.492065 -110.706757
162 9.492752 164.841309 -111.719315
163 9.316971 164.666687 -111.213028
164 9.844345 165.190536 -111.381790
165 10.195923 165.539780 -111.044266
166 9.844345 164.492065 -110.706757
167 8.789597 163.793579 -110.706757
168 10.547516 165.190536 -109.019150
169 9.141174 164.142822 -110.706757
170 8.789597 164.142822 -110.369232
171 8.965378 165.015930 -111.888077
172 9.668549 165.714401 -109.862946
173 9.492752 164.492065 -111.044266
174 9.316971 164.317444 -111.213028
175 7.734833 164.492065 -109.019150
176 10.371719 163.618958 -110.875504
177 10.371719 165.714401 -110.875504
178 9.316971 166.412888 -111.550552
179 9.844345 164.492065 -110.706757
180 10.723297 163.618958 -110.200470
181 9.844345 166.238266 -111.719315
182 10.547516 164.841309 -110.031708
183 9.844345 163.444336 -112.056839
184 9.668549 165.015930 -111.213028
185 10.020142 165.015930 -110.875504
186 9.141174 164.492065 -111.044266
187 10.371719 163.968201 -109.187912
188 9.844345 164.841309 -110.706757
189 8.789597 165.190536 -110.369232
190 9.316971 164.666687 -111.213028
191 9.141174 165.190536 -109.356674
192 9.668549 165.015930 -110.200470
193 9.492752 164.492065 -110.031708
194 10.195923 164.142822 -109.356674
195 9.668549 164.317444 -110.537994
196 9.141174 163.793579 -109.356674
197 9.141174 166.238266 -109.356674
198 10.020142 163.968201 -109.862946
199 10.020142 163.968201 -110.875504
200 8.965378 164.666687 -111.213028
201 9.141174 165.190536 -110.031708
202 7.031677 164.841309 -110.369232
203 9.141174 164.492065 -110.369232
204 10.371719 165.015930 -111.213028
205 9.316971 164.666687 -110.537994
206 9.668549 164.317444 -110.537994
207 10.899094 164.841309 -109.694183
208 9.316971 164.317444 -110.200470
209 9.316971 165.015930 -111.550552
210 9.141174 164.841309 -110.369232
211 9.316971 163.269730 -110.537994
212 8.613800 165.015930 -110.875504
213 10.020142 165.714401 -109.862946
214 9.668549 166.063644 -109.862946
215 8.789597 163.444336 -111.719315
216 8.965378 164.666687 -111.550552
217 9.141174 164.492065 -110.706757
218 9.316971 165.015930 -111.213028
219 8.789597 165.539780 -110.706757
220 9.316971 164.317444 -110.875504
221 8.262222 164.666687 -109.525421
222 11.602264 164.492065 -110.706757
223 11.250687 164.841309 -111.381790
224 9.141174 164.142822 -111.719315
225 9.141174 164.492065 -110.706757
226 9.668549 164.317444 -111.213028
227 9.141174 165.539780 -110.031708
228 10.371719 164.317444 -110.875504
229 10.723297 163.968201 -111.888077
230 8.789597 165.190536 -111.044266
231 9.492752 164.841309 -109.356674
232 8.965378 164.666687 -111.550552
233 9.844345 164.841309 -110.706757
234 9.668549 163.269730 -110.537994
235 10.723297 165.015930 -110.875504
236 9.668549 164.317444 -109.525421
237 9.668549 163.968201 -110.200470
238 9.141174 165.539780 -111.381790
239 10.195923 165.539780 -109.356674
240 11.250687 165.190536 -111.381790
241 9.316971 165.714401 -110.200470
242 8.789597 164.492065 -111.044266
243 10.020142 163.618958 -109.862946
244 8.613800 165.365158 -110.875504
245 10.195923 165.539780 -109.356674
246 8.965378 165.365158 -111.213028
247 10.020142 164.666687 -110.200470
248 9.316971 164.317444 -110.875504
249 9.316971 164.317444 -110.537994
250 11.426468 163.968201 -110.875504
251 9.141174 164.492065 -111.044266
252 8.789597 164.142822 -111.044266
253 9.492752 166.587509 -112.056839
254 9.492752 164.841309 -110.706757
255 11.074890 164.666687 -109.525421
256 10.020142 165.365158 -110.200470
257 9.492752 164.492065 -110.369232
258 8.789597 165.889023 -110.369232
259 8.965378 164.317444 -110.200470
260 9.492752 165.539780 -110.369232
261 9.668549 166.412888 -110.875504
262 9.141174 165.190536 -110.706757
263 9.844345 165.190536 -110.031708
264 10.723297 164.317444 -111.550552
265 8.789597 163.793579 -109.019150
266 9.316971 164.666687 -110.200470
267 9.668549 165.015930 -111.213028
268 8.789597 164.142822 -111.381790
269 9.316971 162.920486 -110.875504
270 9.141174 164.142822 -111.044266
271 9.316971 164.666687 -109.187912
272 9.844345 163.444336 -111.044266
273 10.371719 165.365158 -111.213028
274 11.074890 164.666687 -111.550552
275 9.492752 164.492065 -110.369232
276 8.438004 165.190536 -110.706757
277 9.141174 164.841309 -110.031708
278 8.086426 165.889023 -111.381790
279 9.316971 165.365158 -110.200470
280 9.316971 164.317444 -111.550552
281 9.492752 163.444336 -111.044266
282 8.438004 164.492065 -111.719315
283 8.965378 164.666687 -111.550552
284 9.316971 164.666687 -109.862946
285 9.492752 164.841309 -110.706757
286 9.316971 164.666687 -111.213028
287 10.195923 165.539780 -111.044266
288 9.668549 164.666687 -110.537994
289 9.141174 164.841309 -109.356674
290 9.668549 166.063644 -110.875504
291 9.492752 165.190536 -110.706757
292 9.316971 165.365158 -110.537994
293 9.492752 165.539780 -111.719315
294 9.844345 164.841309 -111.044266
295 8.262222 162.571243 -110.875504
296 9.141174 165.190536 -111.044266
297 8.789597 163.793579 -111.044266
298 10.020142 163.968201 -111.213028
299 9.141174 164.492065 -111.381790
300 10.723297 163.968201 -109.525421
301 10.723297 167.111359 -110.200470
302 9.844345 164.492065 -110.031708
303 9.668549 165.015930 -109.862946
304 9.141174 163.095108 -110.369232
305 9.844345 165.539780 -109.694183
306 10.723297 165.714401 -111.213028
307 9.844345 165.539780 -110.031708
308 10.195923 166.587509 -110.031708
309 9.844345 165.539780 -110.369232
310 9.316971 165.015930 -110.200470
311 10.020142 164.317444 -110.537994
312 10.020142 165.015930 -110.200470
313 9.844345 165.190536 -110.031708
314 10.020142 164.317444 -110.200470
315 9.668549 163.269730 -111.550552
316 10.899094 165.539780 -110.706757
317 10.723297 166.063644 -109.187912
318 8.965378 163.269730 -110.875504
319 9.492752 163.095108 -109.356674
320 8.613800 165.365158 -110.200470
321 8.965378 164.317444 -111.213028
322 9.141174 164.841309 -110.031708
323 10.195923 164.492065 -110.706757
324 10.371719 165.015930 -110.200470
325 10.723297 164.317444 -109.862946
326 8.613800 164.666687 -111.213028
327 9.844345 165.539780 -109.694183
328 10.195923 165.889023 -110.706757
329 9.844345 164.841309 -109.694183
330 10.547516 164.841309 -110.369232
331 10.371719 165.015930 -109.862946
332 10.195923 164.492065 -109.019150
333 9.844345 165.539780 -111.719315
334 9.668549 165.015930 -111.213028
335 9.668549 165.365158 -109.862946
336 8.789597 165.190536 -110.031708
337 10.371719 164.666687 -110.875504
338 10.899094 164.142822 -109.356674
339 8.438004 165.539780 -111.381790
340 8.613800 163.618958 -109.862946
341 9.492752 164.142822 -111.381790
342 9.668549 164.317444 -110.875504
343 9.316971 165.714401 -109.862946
344 9.316971 165.015930 -110.200470
345 9.844345 164.841309 -110.031708
346 8.789597 164.492065 -110.031708
347 10.020142 164.317444 -110.200470
348 9.492752 163.793579 -110.369232
349 10.371719 164.317444 -110.875504
350 8.789597 163.793579 -110.369232
351 10.899094 165.190536 -109.694183
352 9.844345 163.444336 -111.044266
353 8.613800 165.365158 -110.875504
354 9.844345 164.492065 -110.031708
355 9.492752 164.841309 -111.044266
356 9.316971 164.666687 -111.213028
357 9.141174 165.889023 -110.031708
358 9.668549 163.269730 -110.537994
359 10.371719 165.015930 -110.537994
360 9.844345 164.142822 -109.356674
361 10.899094 165.190536 -110.706757
362 9.492752 164.492065 -110.706757
363 10.020142 164.317444 -109.525421
364 8.789597 163.793579 -111.719315
365 10.371719 165.714401 -111.888077
366 9.844345 164.841309 -109.356674
367 9.316971 166.762131 -111.550552
368 8.965378 164.666687 -110.875504
369 9.668549 164.317444 -111.550552
370 10.547516 165.539780 -110.706757
371 10.195923 164.841309 -108.344101
372 8.613800 165.365158 -110.537994
373 10.020142 166.063644 -110.875504
374 10.195923 164.492065 -110.369232
375 10.547516 164.142822 -111.044266
376 8.965378 165.365158 -110.875504
377 10.547516 163.444336 -110.369232
378 9.668549 164.317444 -110.537994
379 10.195923 165.190536 -110.369232
380 10.899094 164.841309 -111.044266
381 9.141174 164.492065 -109.694183
382 9.844345 165.889023 -110.706757
383 9.492752 164.142822 -110.706757
384 10.020142 165.015930 -109.187912
385 8.789597 165.190536 -110.369232
386 8.438004 166.587509 -110.369232
387 10.020142 164.666687 -108.512863
388 10.723297 163.618958 -110.200470
389 8.789597 165.539780 -110.369232
390 10.020142 164.666687 -111.550552
391 8.965378 164.317444 -110.200470
392 10.899094 164.492065 -111.381790
393 10.020142 164.317444 -110.537994
394 9.668549 164.666687 -111.213028
395 9.668549 165.714401 -111.888077
396 9.316971 165.365158 -110.200470
397 8.613800 165.365158 -110.537994
398 10.547516 165.889023 -110.706757
399 7.734833 164.841309 -110.031708
400 9.668549 165.365158 -110.875504
401 9.316971 164.666687 -110.200470
402 10.547516 164.841309 -111.044266
403 9.141174 164.492065 -109.694183
404 9.492752 165.889023 -110.369232
405 11.250687 165.889023 -109.694183
406 10.547516 164.142822 -111.381790
407 9.316971 166.063644 -110.875504
408 9.316971 163.968201 -110.200470
409 10.899094 164.841309 -111.044266
410 9.844345 164.841309 -112.056839
411 11.250687 164.841309 -111.044266
412 10.723297 166.063644 -112.225586
413 8.086426 164.841309 -111.719315
414 9.141174 164.142822 -111.044266
415 10.020142 165.015930 -108.512863
416 10.020142 164.317444 -111.550552
417 10.020142 164.317444 -109.525421
418 9.141174 163.793579 -111.044266
419 9.668549 164.317444 -110.200470
420 10.723297 164.317444 -110.537994
421 9.844345 165.889023 -111.381790
422 10.723297 164.317444 -110.875504
423 10.195923 164.841309 -111.044266
424 9.668549 164.666687 -110.200470
425 9.141174 165.190536 -109.019150
426 10.723297 164.317444 -110.537994
427 10.371719 164.666687 -110.200470
428 10.195923 164.142822 -110.369232
429 9.492752 165.539780 -110.031708
430 9.844345 165.190536 -111.044266
431 8.789597 165.190536 -110.706757
432 10.371719 166.063644 -109.862946
433 9.492752 164.841309 -111.044266
434 8.965378 163.269730 -110.200470
435 9.316971 165.365158 -109.862946
436 10.195923 165.190536 -111.719315
437 9.492752 164.142822 -111.381790
438 9.316971 164.666687 -110.537994
439 9.316971 163.968201 -111.888077
440 9.844345 165.539780 -111.044266
441 8.789597 165.190536 -111.381790
442 9.141174 164.142822 -110.369232
443 10.195923 164.841309 -110.031708
444 9.844345 165.190536 -111.381790
445 10.547516 164.142822 -110.369232
446 9.492752 163.793579 -111.044266
447 10.195923 165.190536 -109.694183
448 9.141174 166.587509 -110.706757
449 10.020142 163.968201 -110.537994
450 8.965378 164.317444 -110.875504
451 10.899094 166.936737 -110.369232
452 10.020142 165.015930 -110.537994
453 10.723297 165.714401 -110.537994
454 8.965378 163.968201 -109.187912
455 10.899094 165.190536 -110.369232
456 10.195923 164.142822 -109.694183
457 8.262222 164.666687 -110.875504
458 10.020142 165.015930 -110.537994
459 9.141174 164.142822 -111.381790
460 9.141174 164.841309 -110.706757
461 9.844345 164.492065 -111.381790
462 10.899094 164.841309 -110.369232
463 10.723297 166.412888 -110.875504
464 9.668549 165.015930 -110.200470
465 9.668549 164.317444 -111.213028
466 9.141174 165.889023 -110.706757
467 9.492752 164.492065 -110.706757
468 10.195923 164.841309 -111.381790
469 10.899094 164.142822 -109.356674
470 10.723297 165.365158 -109.862946
471 10.195923 165.539780 -109.694183
472 9.141174 163.793579 -109.694183
473 9.668549 164.317444 -110.537994
474 10.899094 164.142822 -110.706757
475 9.141174 165.190536 -110.706757
476 8.789597 165.190536 -113.069397
477 9.316971 163.618958 -109.525421
478 10.547516 164.492065 -111.044266
479 10.723297 164.317444 -108.850388
480 9.492752 163.793579 -110.369232
481 9.492752 163.444336 -110.031708
482 11.953842 164.841309 -110.706757
483 10.195923 164.492065 -110.031708
484 9.492752 164.142822 -111.719315
485 10.020142 165.365158 -110.875504
486 9.492752 164.142822 -111.719315
487 10.899094 165.190536 -110.369232
488 10.899094 163.095108 -111.044266
489 8.789597 163.793579 -109.694183
490 9.668549 165.714401 -110.200470
491 9.492752 164.841309 -111.381790
492 10.195923 164.841309 -112.056839
493 9.316971 165.714401 -111.213028
494 8.965378 164.666687 -110.537994
495 10.195923 164.841309 -110.706757
496 9.844345 164.492065 -109.356674
497 9.668549 164.317444 -110.875504
498 9.844345 164.841309 -111.719315
499 9.316971 165.714401 -110.537994
500 9.141174 164.142822 -109.356674
501 10.723297 163.968201 -110.537994
502 9.492752 163.793579 -110.369232
503 9.668549 163.618958 -110.200470
504 9.844345 164.492065 -111.381790
505 9.492752 165.190536 -110.031708
506 10.195923 165.190536 -111.381790
507 10.371719 165.015930 -111.550552
508 10.371719 163.968201 -110.200470
509 9.141174 166.587509 -111.044266
510 8.438004 165.190536 -110.031708
511 11.250687 164.841309 -110.706757
512 9.492752 165.190536 -109.694183
513 9.668549 165.365158 -110.200470
514 11.074890 165.015930 -110.875504
515 9.141174 165.190536 -109.356674
516 10.020142 165.015930 -109.862946
517 9.492752 165.190536 -110.706757
518 8.438004 165.190536 -109.694183
519 9.316971 164.317444 -110.537994
520 9.668549 165.015930 -111.213028
521 10.371719 164.317444 -109.187912
522 9.316971 164.317444 -110.875504
523 10.371719 163.968201 -110.875504
524 10.371719 164.666687 -110.875504
525 10.723297 165.365158 -110.200470
526 9.668549 164.666687 -109.525421
527 9.141174 163.095108 -111.044266
528 9.668549 165.714401 -111.213028
529 10.020142 164.666687 -110.200470
530 10.020142 163.269730 -111.550552
531 11.250687 164.841309 -111.381790
532 9.668549 163.618958 -110.200470
533 9.141174 165.190536 -110.369232
534 8.965378 164.317444 -111.213028
535 9.668549 166.063644 -110.875504
536 9.668549 163.618958 -110.200470
537 9.844345 165.190536 -110.369232
538 9.141174 165.539780 -111.044266
539 9.668549 165.365158 -110.200470
540 8.613800 163.968201 -109.525421
541 9.141174 166.238266 -110.031708
542 9.141174 165.190536 -110.369232
543 10.547516 165.190536 -109.694183
544 10.371719 164.666687 -110.875504
545 9.316971 164.317444 -110.200470
546 9.844345 164.492065 -111.719315
547 9.492752 165.889023 -109.694183
548 9.668549 165.714401 -109.862946
549 8.965378 164.317444 -110.537994
550 9.316971 164.317444 -110.537994
551 9.844345 164.492065 -110.369232
552 10.547516 164.841309 -110.369232
553 11.074890 165.015930 -109.525421
554 10.371719 165.365158 -110.875504
555 10.371719 163.968201 -110.200470
556 8.613800 163.968201 -111.550552
557 9.316971 165.714401 -112.225586
558 9.844345 165.889023 -110.031708
559 9.316971 164.317444 -109.862946
560 8.438004 164.142822 -111.044266
561 9.492752 165.539780 -110.031708
562 9.844345 165.190536 -111.044266
563 11.250687 165.539780 -110.369232
564 9.316971 163.269730 -110.200470
565 10.899094 165.190536 -110.369232
566 10.723297 163.968201 -109.187912
567 9.668549 165.365158 -111.888077
568 11.602264 165.190536 -110.369232
569 9.844345 165.190536 -110.031708
570 9.141174 165.539780 -110.706757
571 10.371719 164.666687 -109.525421
572 9.316971 163.618958 -110.875504
573 10.195923 164.841309 -111.044266
574 10.723297 164.666687 -111.888077
575 10.371719 164.317444 -111.550552
576 9.844345 165.190536 -110.031708
577 8.965378 164.666687 -110.875504
578 10.195923 164.142822 -110.369232
579 10.899094 165.190536 -110.031708
580 10.723297 164.666687 -110.875504
581 10.195923 164.142822 -109.694183
582 11.602264 164.841309 -110.706757
583 8.613800 165.015930 -110.537994
584 9.316971 164.666687 -110.537994
585 8.965378 165.015930 -111.213028
586 8.438004 165.190536 -110.369232
587 10.723297 165.714401 -110.200470
588 9.492752 164.142822 -110.031708
589 8.965378 164.317444 -111.213028
590 10.547516 165.889023 -112.056839
591 8.613800 164.666687 -111.213028
592 8.613800 165.015930 -110.875504
593 10.899094 164.492065 -109.694183
594 10.020142 163.269730 -109.862946
595 9.844345 164.841309 -110.706757
596 9.668549 164.666687 -110.200470
597 9.316971 165.015930 -111.213028
598 10.020142 165.015930 -111.213028
599 9.844345 163.444336 -110.706757
600 9.844345 164.841309 -110.369232
601 8.789597 166.238266 -111.719315
602 10.371719 164.666687 -109.862946
603 9.668549 163.968201 -110.200470
604 9.668549 164.317444 -110.875504
605 9.141174 165.190536 -111.044266
606 9.492752 165.539780 -111.381790
607 9.316971 165.365158 -110.875504
608 8.438004 165.539780 -111.381790
609 9.492752 164.841309 -111.381790
610 10.195923 164.492065 -109.694183
611 10.020142 165.015930 -110.875504
612 10.195923 164.841309 -110.369232
613 9.492752 165.539780 -110.031708
614 9.316971 163.968201 -110.875504
615 10.371719 165.365158 -110.537994
616 9.141174 164.142822 -110.369232
617 10.195923 164.142822 -110.706757
618 8.965378 164.666687 -112.225586
619 8.789597 164.492065 -111.044266
620 8.789597 165.190536 -110.706757
621 9.316971 163.968201 -110.537994
622 10.547516 165.190536 -111.719315
623 10.195923 164.492065 -110.706757
624 9.668549 164.666687 -109.525421
625 9.844345 163.444336 -111.044266
626 10.195923 163.793579 -110.369232
627 9.141174 165.539780 -109.694183
628 9.492752 164.492065 -111.044266
629 8.613800 165.015930 -110.200470
630 10.723297 165.714401 -110.537994
631 10.899094 165.539780 -110.031708
632 9.844345 165.889023 -111.381790
633 8.613800 164.666687 -109.862946
634 11.074890 163.968201 -110.200470
635 9.668549 163.968201 -111.213028
636 10.020142 165.015930 -110.200470
637 8.965378 164.666687 -110.200470
638 10.195923 164.142822 -110.369232
639 8.965378 164.666687 -111.213028
640 10.371719 163.269730 -109.862946
641 10.899094 165.190536 -111.044266
642 9.668549 164.317444 -110.200470
643 9.668549 165.714401 -109.862946
644 9.492752 164.142822 -110.369232
645 9.844345 164.492065 -109.356674
646 10.723297 165.015930 -110.537994
647 9.141174 165.190536 -110.706757
648 9.492752 165.539780 -110.031708
649 9.668549 164.666687 -110.875504
650 9.492752 165.190536 -109.356674
651 10.371719 163.968201 -109.862946
652 10.371719 164.317444 -110.200470
653 8.789597 164.492065 -111.044266
654 8.438004 165.190536 -111.044266
655 10.371719 165.365158 -111.550552
656 9.492752 165.190536 -110.031708
657 11.074890 163.968201 -111.888077
658 8.965378 164.666687 -112.225586
659 10.371719 163.618958 -110.200470
660 9.492752 163.444336 -111.044266
661 10.195923 164.492065 -110.031708
662 11.074890 166.063644 -110.875504
663 9.668549 163.618958 -109.187912
664 9.668549 165.015930 -110.537994
665 9.668549 166.412888 -110.875504
666 8.965378 163.968201 -108.850388
667 10.195923 163.793579 -109.694183
668 8.262222 165.714401 -110.200470
669 9.316971 164.666687 -110.200470
670 8.613800 163.968201 -110.200470
671 9.316971 164.317444 -111.550552
672 8.789597 163.444336 -111.044266
673 10.020142 164.666687 -110.537994
674 9.844345 165.190536 -109.356674
675 9.844345 165.190536 -111.381790
676 8.965378 164.317444 -110.200470
677 9.668549 165.015930 -111.550552
678 9.844345 164.841309 -110.369232
679 10.371719 164.317444 -109.525421
680 10.020142 165.015930 -110.200470
681 10.899094 164.142822 -111.044266
682 11.074890 163.968201 -111.213028
683 10.547516 163.793579 -109.694183
684 9.141174 163.095108 -111.044266
685 8.965378 165.015930 -111.550552
686 10.371719 164.666687 -109.187912
687 10.020142 163.968201 -111.213028
688 9.141174 163.444336 -110.031708
689 9.141174 165.539780 -110.031708
690 10.195923 164.492065 -109.694183
691 10.547516 165.190536 -110.706757
692 10.195923 165.539780 -110.706757
693 9.316971 164.666687 -111.213028
694 11.074890 166.063644 -109.862946
695 10.547516 165.539780 -110.706757
696 9.844345 163.793579 -110.369232
697 9.668549 164.666687 -109.862946
698 8.789597 165.539780 -110.369232
699 10.547516 166.238266 -110.369232
700 9.141174 164.841309 -111.044266
701 10.020142 165.015930 -109.862946
702 9.492752 164.841309 -111.044266
703 9.141174 164.492065 -110.369232
704 10.195923 164.841309 -111.044266
705 10.371719 163.968201 -110.537994
706 9.141174 166.587509 -111.381790
707 8.438004 164.142822 -111.044266
708 9.844345 164.841309 -111.719315
709 8.789597 164.841309 -110.031708
710 9.844345 164.142822 -110.369232
711 9.492752 164.492065 -110.706757
712 8.965378 165.015930 -110.875504
713 9.844345 165.190536 -111.044266
714 9.668549 165.365158 -110.537994
715 9.492752 165.889023 -111.044266
716 8.613800 163.618958 -109.862946
717 10.723297 165.714401 -110.200470
718 8.789597 164.142822 -111.044266
719 10.723297 163.968201 -110.875504
720 10.020142 165.365158 -110.537994
721 10.547516 165.889023 -110.706757
722 7.734833 164.492065 -109.694183
723 9.492752 164.142822 -111.044266
724 11.074890 165.714401 -109.862946
725 10.020142 166.412888 -111.213028
726 9.668549 164.317444 -110.537994
727 9.492752 164.492065 -110.706757
728 10.723297 165.365158 -109.862946
729 9.844345 165.539780 -111.044266
730 10.371719 164.666687 -112.225586
731 9.316971 163.269730 -111.213028
732 8.262222 163.968201 -110.875504
733 8.965378 165.714401 -110.200470
734 9.844345 165.190536 -110.369232
735 9.492752 165.539780 -110.031708
736 10.195923 165.539780 -109.356674
737 10.020142 165.015930 -110.875504
738 8.965378 163.968201 -111.213028
739 10.020142 165.714401 -111.888077
740 11.426468 165.714401 -110.875504
741 9.844345 165.539780 -110.031708
742 8.789597 165.190536 -111.044266
743 10.020142 163.618958 -110.875504
744 9.668549 164.666687 -109.862946
745 9.316971 164.317444 -110.875504
746 10.899094 164.142822 -110.369232
747 9.668549 165.714401 -110.537994
748 9.316971 164.666687 -110.875504
749 8.789597 164.841309 -110.369232
750 8.965378 164.666687 -109.862946
751 10.195923 165.190536 -110.706757
752 9.316971 165.015930 -110.875504
753 8.789597 164.142822 -109.694183
754 9.844345 163.793579 -110.706757
755 9.668549 166.412888 -111.550552
756 9.492752 164.492065 -111.381790
757 9.141174 164.492065 -111.044266
758 8.086426 163.793579 -111.381790
759 10.547516 164.841309 -110.031708
760 8.965378 164.666687 -110.537994
761 9.844345 164.841309 -110.369232
762 9.492752 164.841309 -110.706757
763 9.141174 163.793579 -110.031708
764 8.965378 164.666687 -110.537994
765 7.910629 163.968201 -110.200470
766 9.141174 164.142822 -110.369232
767 9.844345 164.142822 -110.031708
768 9.316971 165.015930 -111.550552
769 9.668549 165.015930 -110.537994
770 9.668549 164.666687 -110.537994
771 8.965378 165.714401 -111.213028
772 9.844345 163.793579 -110.706757
773 9.141174 164.841309 -110.369232
774 9.492752 164.841309 -109.694183
775 9.316971 164.666687 -109.862946
776 9.844345 164.142822 -112.056839
777 9.844345 165.190536 -110.369232
778 10.547516 164.492065 -111.719315
779 10.195923 164.142822 -109.694183
780 9.141174 163.793579 -112.056839
781 9.844345 165.539780 -111.044266
782 8.438004 165.539780 -110.031708
783 10.899094 164.841309 -110.369232
784 9.316971 165.365158 -110.200470
785 9.668549 163.968201 -111.888077
786 8.789597 163.793579 -110.031708
787 9.668549 164.666687 -110.537994
788 9.141174 163.095108 -111.381790
789 10.195923 165.889023 -111.719315
790 9.668549 165.015930 -110.875504
791 9.668549 165.015930 -110.537994
792 9.844345 164.492065 -110.031708
793 9.492752 165.889023 -109.019150
794 10.195923 163.793579 -110.369232
795 10.371719 164.317444 -110.537994
796 10.371719 163.269730 -110.537994
797 9.316971 164.666687 -110.875504
798 9.141174 166.238266 -111.044266
799 10.195923 163.793579 -109.356674
800 10.547516 164.492065 -110.031708
801 9.668549 165.015930 -111.888077
802 9.844345 164.492065 -111.381790
803 10.371719 165.365158 -110.875504
804 10.371719 163.968201 -109.525421
805 8.262222 165.015930 -110.537994
806 8.438004 164.492065 -111.044266
807 9.844345 164.841309 -109.694183
808 10.371719 164.666687 -111.213028
809 8.789597 164.841309 -112.394348
810 10.020142 164.317444 -110.875504
811 10.371719 165.015930 -111.550552
812 9.844345 164.841309 -110.369232
813 9.668549 165.714401 -110.875504
814 10.899094 165.190536 -110.369232
815 9.316971 165.714401 -110.537994
816 10.020142 165.365158 -111.550552
817 9.316971 165.365158 -110.537994
818 9.844345 165.190536 -111.381790
819 9.316971 165.714401 -111.213028
820 9.668549 165.714401 -110.875504
821 10.020142 164.666687 -109.862946
822 9.844345 163.793579 -110.369232
823 8.965378 164.317444 -110.875504
824 9.844345 164.492065 -109.694183
825 10.020142 164.317444 -110.537994
826 8.438004 165.190536 -111.381790
827 10.547516 165.190536 -110.369232
828 10.899094 164.142822 -111.381790
829 8.789597 164.841309 -111.044266
830 8.086426 164.492065 -111.044266
831 10.020142 164.666687 -109.525421
832 8.613800 165.365158 -111.550552
833 9.492752 164.142822 -111.381790
834 9.141174 165.190536 -111.719315
835 9.844345 164.142822 -111.044266
836 8.789597 164.492065 -111.044266
837 8.965378 163.618958 -110.200470
838 10.371719 165.365158 -110.537994
839 8.086426 163.444336 -111.044266
840 9.492752 163.095108 -110.706757
841 9.316971 166.063644 -110.875504
842 9.668549 165.015930 -111.213028
843 10.899094 165.190536 -111.044266
844 9.492752 164.492065 -110.031708
845 10.020142 165.714401 -109.525421
846 9.492752 163.793579 -109.694183
847 8.086426 164.492065 -111.381790
848 8.965378 163.618958 -110.200470
849 10.020142 164.666687 -110.537994
850 9.141174 165.190536 -110.031708
851 9.141174 164.142822 -110.369232
852 9.141174 165.190536 -110.031708
853 10.371719 165.365158 -110.537994
854 9.844345 164.841309 -110.369232
855 11.250687 164.492065 -110.031708
856 10.020142 164.666687 -111.888077
857 8.613800 166.063644 -110.875504
858 8.613800 164.666687 -109.862946
859 11.602264 165.190536 -112.056839
860 9.316971 164.666687 -111.888077
861 10.371719 164.666687 -110.537994
862 9.668549 165.365158 -110.537994
863 10.195923 164.492065 -110.369232
864 8.262222 165.714401 -110.537994
865 9.668549 165.714401 -110.875504
866 10.547516 165.190536 -110.369232
867 9.316971 165.365158 -110.875504
868 9.141174 164.492065 -110.369232
869 8.613800 165.015930 -110.537994
870 9.668549 166.762131 -110.875504
871 9.844345 163.793579 -110.369232
872 7.910629 165.015930 -110.875504
873 9.492752 165.190536 -110.369232
874 9.141174 164.841309 -109.356674
875 9.141174 165.190536 -109.694183
876 10.020142 165.365158 -109.525421
877 9.316971 165.015930 -111.550552
878 9.668549 163.968201 -110.200470
879 9.141174 164.492065 -111.719315
880 8.965378 165.015930 -111.888077
881 9.668549 165.365158 -111.550552
882 9.668549 164.666687 -109.862946
883 9.316971 165.015930 -111.213028
884 8.438004 165.190536 -110.706757
885 10.195923 165.889023 -111.381790
886 9.492752 164.492065 -111.381790
887 9.316971 166.412888 -111.550552
888 9.316971 163.968201 -110.875504
889 9.844345 165.190536 -111.381790
890 9.844345 164.142822 -110.706757
891 10.020142 165.365158 -110.537994
892 11.074890 164.317444 -109.525421
893 9.141174 165.539780 -109.694183
894 8.789597 165.889023 -112.394348
895 11.426468 164.666687 -109.525421
896 8.789597 163.444336 -111.719315
897 10.547516 163.793579 -109.019150
898 10.195923 165.190536 -110.031708
899 9.668549 165.714401 -109.525421
900 10.020142 163.968201 -111.213028
901 8.613800 163.269730 -110.537994
902 10.371719 165.015930 -109.862946
903 8.613800 165.365158 -111.213028
904 10.547516 164.492065 -112.056839
905 9.316971 165.365158 -109.862946
906 10.195923 166.587509 -112.056839
907 11.074890 165.365158 -110.537994
908 9.492752 164.142822 -111.381790
909 9.668549 165.365158 -110.875504
910 8.613800 163.618958 -110.875504
911 10.020142 163.968201 -109.862946
912 11.074890 165.714401 -111.550552
913 10.899094 163.793579 -110.706757
914 9.492752 163.793579 -111.044266
915 8.613800 164.666687 -112.563110
916 10.371719 165.365158 -110.537994
917 9.844345 164.492065 -110.369232
918 9.141174 164.841309 -110.369232
919 8.438004 164.841309 -110.031708
920 9.668549 164.666687 -110.875504
921 10.195923 165.539780 -109.694183
922 9.668549 163.618958 -109.862946
923 10.020142 165.714401 -110.537994
924 9.141174 165.539780 -111.381790
925 9.492752 164.841309 -111.381790
926 10.371719 165.015930 -110.200470
927 10.020142 165.714401 -110.875504
928 10.547516 166.238266 -110.369232
929 10.723297 164.666687 -109.862946
930 9.492752 165.190536 -111.381790
931 10.547516 164.492065 -110.369232
932 10.371719 164.666687 -111.213028
933 9.141174 163.444336 -110.031708
934 9.316971 164.666687 -110.537994
935 10.899094 163.793579 -110.706757
936 8.262222 164.317444 -109.525421
937 11.074890 165.365158 -109.862946
938 7.734833 165.190536 -110.706757
939 8.262222 163.968201 -109.187912
940 9.492752 166.238266 -110.369232
941 9.316971 164.666687 -110.537994
942 9.668549 165.714401 -110.200470
943 9.141174 164.841309 -110.706757
944 10.723297 164.666687 -110.875504
945 8.965378 164.666687 -111.213028
946 10.195923 165.190536 -110.031708
947 10.371719 163.968201 -109.862946
948 8.965378 165.365158 -109.187912
949 9.316971 164.317444 -111.213028
950 10.020142 164.666687 -109.187912
951 9.492752 163.095108 -111.381790
952 10.723297 165.714401 -110.875504
953 9.141174 164.841309 -111.381790
954 10.371719 165.015930 -110.537994
955 11.074890 164.317444 -110.875504
956 8.613800 163.968201 -110.537994
957 10.020142 163.618958 -110.875504
958 8.789597 164.492065 -109.694183
959 9.492752 164.841309 -110.706757
960 8.438004 165.539780 -111.719315
961 10.195923 165.539780 -109.694183
962 10.547516 166.238266 -110.031708
963 9.141174 164.142822 -110.706757
964 10.020142 165.015930 -110.875504
965 10.195923 166.587509 -110.706757
966 10.020142 164.666687 -109.187912
967 9.844345 164.841309 -111.044266
968 8.438004 163.444336 -110.369232
969 11.074890 163.269730 -110.875504
970 9.492752 166.587509 -111.381790
971 10.371719 165.365158 -110.200470
972 9.492752 165.539780 -108.681625
973 11.074890 165.015930 -109.862946
974 10.020142 163.618958 -109.187912
975 8.438004 165.190536 -110.031708
976 10.020142 163.968201 -110.875504
977 9.844345 164.841309 -110.706757
978 9.844345 165.539780 -109.694183
979 10.899094 164.841309 -110.706757
980 9.316971 164.666687 -108.850388
981 9.668549 163.968201 -109.862946
982 10.195923 164.492065 -110.706757
983 8.965378 164.666687 -109.525421
984 9.492752 164.142822 -112.056839
985 10.195923 163.793579 -111.044266
986 9.141174 165.190536 -111.381790
987 9.141174 164.142822 -111.381790
988 10.020142 164.317444 -110.537994
989 10.020142 164.317444 -109.525421
990 10.371719 163.968201 -110.537994
991 9.844345 163.793579 -109.356674
992 10.547516 165.190536 -111.044266
993 7.910629 165.015930 -110.875504
994 9.844345 164.142822 -110.031708
995 10.371719 164.317444 -110.875504
996 9.492752 165.539780 -111.719315
997 8.789597 164.142822 -110.031708
998 8.965378 165.365158 -111.550552
999 8.789597 164.492065 -109.694183
1000 9.844345 165.539780 -110.369232
1001 10.020142 163.968201 -111.550552
1002 9.844345 164.492065 -111.044266
1003 9.316971 166.063644 -111.550552
1004 9.844345 163.793579 -110.369232
1005 9.141174 165.190536 -109.694183
1006 10.020142 165.365158 -110.200470
1007 8.789597 163.793579 -111.044266
1008 9.492752 164.492065 -111.044266
1009 9.844345 165.190536 -111.381790
1010 10.020142 164.666687 -109.862946
1011 10.371719 165.015930 -109.862946
1012 8.965378 164.666687 -111.213028
1013 10.547516 164.492065 -110.706757
1014 9.668549 164.317444 -111.213028
1015 9.492752 165.539780 -110.031708
1016 10.723297 165.714401 -109.862946
1017 10.371719 166.063644 -111.213028
1018 9.492752 164.841309 -110.369232
1019 10.195923 164.142822 -111.044266
