1 10.195923 164.142822 -110.706757
2 9.141174 164.841309 -110.706757
3 9.316971 165.015930 -109.862946
4 8.965378 165.714401 -110.537994
5 9.316971 165.015930 -111.888077
6 10.371719 163.968201 -111.550552
7 9.492752 163.444336 -110.031708
8 9.141174 164.492065 -110.706757
9 9.316971 164.317444 -110.200470
10 8.965378 163.968201 -110.875504
11 9.492752 165.889023 -109.694183
12 9.492752 163.095108 -110.369232
13 10.020142 163.618958 -110.200470
14 9.492752 163.793579 -110.031708
15 9.141174 164.492065 -110.369232
16 8.613800 165.365158 -110.200470
17 10.371719 165.365158 -111.550552
18 9.668549 163.968201 -110.537994
19 10.371719 164.317444 -109.525421
20 9.844345 165.190536 -110.706757
21 10.723297 163.269730 -111.213028
22 9.668549 164.317444 -110.875504
23 9.668549 164.317444 -110.537994
24 10.195923 163.444336 -110.706757
25 8.262222 163.968201 -110.537994
26 10.195923 163.793579 -110.706757
27 8.262222 164.317444 -110.875504
28 10.195923 165.539780 -110.369232
29 9.141174 164.142822 -111.381790
30 9.141174 164.841309 -111.381790
31 8.613800 165.365158 -111.213028
32 8.438004 164.492065 -109.694183
33 7.910629 164.317444 -110.537994
34 9.492752 166.238266 -111.044266
35 9.316971 165.015930 -110.537994
36 9.668549 164.666687 -110.200470
37 8.613800 163.618958 -109.862946
38 10.371719 163.269730 -109.187912
39 9.492752 166.238266 -110.706757
40 9.492752 165.190536 -110.706757
41 8.086426 164.142822 -110.706757
42 8.789597 165.539780 -110.706757
43 10.371719 164.666687 -110.200470
44 9.141174 165.190536 -110.031708
45 10.723297 164.666687 -110.537994
46 10.020142 165.015930 -109.862946
47 9.316971 165.015930 -110.875504
48 11.074890 165.015930 -110.200470
49 10.195923 165.190536 -108.344101
50 10.195923 163.793579 -110.369232
51 10.723297 163.618958 -109.187912
52 10.371719 163.968201 -110.875504
53 8.965378 164.666687 -111.213028
54 10.547516 164.492065 -111.044266
55 9.316971 164.666687 -109.862946
56 10.371719 163.968201 -110.200470
57 9.316971 164.666687 -111.213028
58 9.844345 165.539780 -111.044266
59 8.965378 164.666687 -109.525421
60 9.316971 165.015930 -109.525421
61 9.668549 166.063644 -110.537994
62 9.492752 165.190536 -110.369232
63 9.141174 163.444336 -109.356674
64 7.383255 165.539780 -110.369232
65 10.547516 164.492065 -111.719315
66 10.195923 163.793579 -111.044266
67 10.195923 165.190536 -111.044266
68 9.844345 165.889023 -111.719315
69 9.141174 164.841309 -112.394348
70 10.195923 164.492065 -110.706757
71 9.141174 164.841309 -110.031708
72 8.613800 164.317444 -110.200470
73 8.965378 164.317444 -109.525421
74 9.668549 163.269730 -109.187912
75 10.195923 165.190536 -109.356674
76 10.371719 163.968201 -109.862946
77 10.547516 164.492065 -110.706757
78 8.613800 163.968201 -111.550552
79 9.668549 164.666687 -110.200470
80 10.547516 163.793579 -111.381790
81 9.844345 164.492065 -111.381790
82 9.141174 165.190536 -110.031708
83 9.844345 164.492065 -111.044266
84 8.613800 164.666687 -110.200470
85 10.020142 165.365158 -109.525421
86 9.316971 164.666687 -110.537994
87 10.195923 164.841309 -109.694183
88 10.020142 165.015930 -109.525421
89 10.547516 164.841309 -109.356674
90 9.141174 165.190536 -111.381790
91 10.371719 163.618958 -111.213028
92 9.668549 164.317444 -110.537994
93 10.723297 163.968201 -111.213028
94 8.262222 165.015930 -109.187912
95 8.965378 164.317444 -110.200470
96 9.492752 165.539780 -110.706757
97 11.426468 164.317444 -109.862946
98 9.668549 163.618958 -110.200470
99 9.316971 163.968201 -110.537994
100 9.141174 163.095108 -110.369232
101 9.316971 165.015930 -110.537994
102 10.371719 163.968201 -111.213028
103 9.492752 164.492065 -111.044266
104 10.020142 165.365158 -110.875504
105 9.141174 164.492065 -111.381790
106 9.141174 164.492065 -111.044266
107 9.492752 165.889023 -110.706757
108 9.668549 163.968201 -110.875504
109 10.371719 163.968201 -109.525421
110 10.020142 165.015930 -111.888077
111 9.492752 163.793579 -112.056839
112 9.141174 165.539780 -109.694183
113 8.965378 164.317444 -111.888077
114 9.141174 164.492065 -110.369232
115 9.668549 165.015930 -111.213028
116 9.316971 165.365158 -110.875504
117 9.492752 163.444336 -110.706757
118 8.789597 164.492065 -110.369232
119 8.965378 165.015930 -110.200470
120 9.141174 165.190536 -110.369232
121 8.262222 163.618958 -110.875504
122 9.316971 163.968201 -110.875504
123 9.844345 165.889023 -111.381790
124 10.723297 165.015930 -109.525421
125 9.492752 164.142822 -110.031708
126 10.723297 163.968201 -109.862946
127 8.086426 166.587509 -110.369232
128 9.668549 164.666687 -111.213028
129 9.668549 162.571243 -111.213028
130 9.492752 165.190536 -109.694183
131 10.371719 164.666687 -110.200470
132 9.141174 164.142822 -110.369232
133 9.316971 163.618958 -111.213028
134 10.547516 166.238266 -110.031708
135 9.492752 164.492065 -110.031708
136 10.371719 165.365158 -110.537994
137 9.492752 164.841309 -110.031708
138 10.371719 165.365158 -110.200470
139 9.141174 165.190536 -110.369232
140 10.020142 165.365158 -109.862946
141 9.141174 164.492065 -109.694183
142 9.668549 164.666687 -109.187912
143 9.668549 163.968201 -112.225586
144 9.668549 163.618958 -109.862946
145 10.195923 164.142822 -110.031708
146 9.141174 164.841309 -110.369232
147 8.262222 165.015930 -109.862946
148 9.844345 165.889023 -110.031708
149 10.547516 165.539780 -110.706757
150 9.844345 165.190536 -110.369232
151 9.668549 164.317444 -111.213028
152 9.492752 164.841309 -111.719315
153 10.371719 163.269730 -111.550552
154 9.316971 163.618958 -110.200470
155 9.668549 164.666687 -109.525421
156 11.602264 165.539780 -110.031708
157 9.492752 164.142822 -111.719315
158 10.195923 164.492065 -112.394348
159 9.844345 164.841309 -110.031708
160 10.195923 163.793579 -110.369232
161 9.141174 165.190536 -110.369232
162 9.844345 164.142822 -111.044266
163 9.492752 163.095108 -110.369232
164 10.547516 164.492065 -111.719315
165 9.668549 164.666687 -110.200470
166 9.844345 164.841309 -110.706757
167 8.613800 164.666687 -111.550552
168 8.262222 163.618958 -111.888077
169 9.316971 165.015930 -110.875504
170 10.195923 165.539780 -111.044266
171 9.492752 165.539780 -110.706757
172 9.316971 165.714401 -110.200470
173 9.316971 163.618958 -109.187912
174 9.844345 163.444336 -111.044266
175 9.141174 165.190536 -111.044266
176 9.668549 165.365158 -111.213028
177 9.492752 164.142822 -110.706757
178 9.316971 164.317444 -110.537994
179 9.492752 165.889023 -109.694183
180 8.789597 165.539780 -110.369232
181 9.668549 164.666687 -111.550552
182 9.668549 163.618958 -110.537994
183 9.844345 163.793579 -110.369232
184 9.668549 164.317444 -110.200470
185 10.195923 164.142822 -110.031708
186 9.492752 164.142822 -110.369232
187 10.371719 163.968201 -110.200470
188 9.844345 164.492065 -111.044266
189 9.141174 163.444336 -111.381790
190 9.141174 164.142822 -110.369232
191 9.844345 165.190536 -111.044266
192 9.844345 164.492065 -110.369232
193 10.020142 165.015930 -109.525421
194 7.910629 163.618958 -110.537994
195 9.492752 164.492065 -111.381790
196 9.316971 164.317444 -109.862946
197 9.668549 164.666687 -109.862946
198 8.965378 163.968201 -111.213028
199 8.789597 164.492065 -110.369232
200 10.020142 165.015930 -109.862946
201 9.316971 164.317444 -110.537994
202 10.020142 165.714401 -109.862946
203 10.195923 164.142822 -110.031708
204 8.965378 165.015930 -111.213028
205 10.195923 164.841309 -109.694183
206 8.789597 164.841309 -111.719315
207 9.492752 164.492065 -109.019150
208 9.668549 163.618958 -109.862946
209 9.668549 163.968201 -110.875504
210 8.965378 164.666687 -111.213028
211 9.492752 162.745865 -110.031708
212 10.371719 165.714401 -110.537994
213 11.074890 164.666687 -109.525421
214 9.316971 164.666687 -109.525421
215 8.965378 163.269730 -109.862946
216 7.734833 164.492065 -110.369232
217 9.492752 165.190536 -111.044266
218 10.899094 164.142822 -110.706757
219 9.844345 164.492065 -111.381790
220 9.668549 164.666687 -110.875504
221 7.910629 165.015930 -110.200470
222 10.195923 164.492065 -109.356674
223 10.547516 164.841309 -110.369232
224 8.613800 163.618958 -110.200470
225 8.438004 165.190536 -109.694183
226 10.723297 165.015930 -111.888077
227 9.492752 165.190536 -111.044266
228 9.316971 165.015930 -111.550552
229 9.668549 165.365158 -111.888077
230 10.547516 165.539780 -109.694183
231 9.844345 164.492065 -110.369232
232 9.844345 164.492065 -110.706757
233 8.965378 163.269730 -110.200470
234 9.141174 165.539780 -110.031708
235 11.250687 165.190536 -112.394348
236 9.844345 164.142822 -110.706757
237 9.141174 164.841309 -110.706757
238 10.195923 165.889023 -110.706757
239 9.492752 163.793579 -110.031708
240 9.141174 164.142822 -110.369232
241 10.020142 163.968201 -110.200470
242 8.965378 165.365158 -108.850388
243 8.965378 165.365158 -108.512863
244 8.789597 165.190536 -110.369232
245 8.086426 165.190536 -110.031708
246 9.844345 164.841309 -111.044266
247 8.438004 164.142822 -110.369232
248 10.371719 164.666687 -110.875504
249 8.613800 164.666687 -110.875504
250 9.141174 164.492065 -109.694183
251 10.371719 165.015930 -110.537994
252 10.371719 164.317444 -110.875504
253 9.668549 165.365158 -111.888077
254 9.316971 164.317444 -109.862946
255 9.844345 163.793579 -110.369232
256 10.371719 164.317444 -111.550552
257 8.965378 165.015930 -108.850388
258 9.844345 165.190536 -110.706757
259 10.547516 165.190536 -109.356674
260 9.844345 164.841309 -111.719315
261 10.020142 165.365158 -110.537994
262 8.086426 164.841309 -111.381790
263 10.195923 164.841309 -110.031708
264 10.899094 164.492065 -110.706757
265 8.789597 164.142822 -112.731873
266 9.316971 165.015930 -109.862946
267 9.141174 164.142822 -110.706757
268 11.074890 165.015930 -110.537994
269 9.492752 164.492065 -109.356674
270 8.965378 164.666687 -109.862946
271 9.316971 165.365158 -109.525421
272 10.195923 164.142822 -110.369232
273 10.547516 165.889023 -110.369232
274 9.316971 165.015930 -110.875504
275 9.492752 165.539780 -111.381790
276 9.492752 165.190536 -110.031708
277 8.613800 165.015930 -109.525421
278 8.613800 164.317444 -111.550552
279 11.074890 165.365158 -110.875504
280 10.371719 164.666687 -109.525421
281 10.371719 165.015930 -110.537994
282 10.547516 164.492065 -110.369232
283 9.141174 163.793579 -110.369232
284 9.844345 163.793579 -109.019150
285 10.195923 163.444336 -110.369232
286 10.195923 164.841309 -110.706757
287 9.668549 165.015930 -110.875504
288 10.020142 163.968201 -110.875504
289 10.371719 164.666687 -109.525421
290 10.020142 164.666687 -111.213028
291 9.316971 163.968201 -110.875504
292 10.371719 164.666687 -111.550552
293 10.547516 164.492065 -110.706757
294 9.668549 165.015930 -110.875504
295 9.844345 164.142822 -110.706757
296 10.723297 164.317444 -109.862946
297 10.195923 164.841309 -111.381790
298 9.668549 165.365158 -110.200470
299 10.020142 165.015930 -110.200470
300 8.965378 164.317444 -110.537994
301 10.020142 164.317444 -110.200470
302 9.668549 164.317444 -109.525421
303 8.965378 165.015930 -109.862946
304 10.371719 164.317444 -110.875504
305 10.547516 165.190536 -111.381790
306 9.316971 163.618958 -110.875504
307 8.789597 164.841309 -110.706757
308 9.668549 164.666687 -111.213028
309 10.020142 164.317444 -110.200470
310 9.141174 165.190536 -109.694183
311 9.668549 165.015930 -110.875504
312 9.316971 164.666687 -110.537994
313 10.195923 164.841309 -110.706757
314 8.438004 165.190536 -109.019150
315 8.086426 165.539780 -111.044266
316 9.668549 164.317444 -109.525421
317 10.547516 163.444336 -110.031708
318 8.438004 165.889023 -110.369232
319 10.020142 164.317444 -110.875504
320 8.965378 164.666687 -111.213028
321 8.965378 165.015930 -110.200470
322 9.141174 164.841309 -109.694183
323 8.438004 164.142822 -110.369232
324 10.020142 165.015930 -111.213028
325 8.438004 165.190536 -110.369232
326 8.613800 166.063644 -110.537994
327 8.086426 163.444336 -111.044266
328 8.965378 165.015930 -109.862946
329 10.020142 165.365158 -110.875504
330 8.789597 163.095108 -110.031708
331 10.371719 163.968201 -110.875504
332 10.547516 165.190536 -110.706757
333 10.195923 164.142822 -108.681625
334 8.613800 164.666687 -110.875504
335 8.438004 163.793579 -110.369232
336 10.547516 164.142822 -111.044266
337 10.195923 165.190536 -110.369232
338 8.438004 163.793579 -110.031708
339 9.668549 164.666687 -110.537994
340 9.141174 164.492065 -111.044266
341 10.547516 164.841309 -109.694183
342 10.723297 165.015930 -110.875504
343 8.789597 165.190536 -110.031708
344 8.262222 164.317444 -109.525421
345 10.020142 163.618958 -110.200470
346 9.844345 164.492065 -110.369232
347 9.141174 164.492065 -111.381790
348 8.789597 164.841309 -110.369232
349 9.668549 165.365158 -109.862946
350 8.613800 164.666687 -109.187912
351 8.438004 163.444336 -109.019150
352 8.789597 165.190536 -110.369232
353 9.668549 163.618958 -110.875504
354 9.316971 165.365158 -110.537994
355 9.316971 163.618958 -110.537994
356 9.316971 163.968201 -110.537994
357 9.668549 164.666687 -111.550552
358 8.262222 163.618958 -111.550552
359 10.195923 164.142822 -110.031708
360 8.086426 164.492065 -110.031708
361 8.438004 165.539780 -111.044266
362 9.668549 163.269730 -111.213028
363 9.668549 164.666687 -108.850388
364 8.789597 165.190536 -110.031708
365 9.316971 165.015930 -110.875504
366 9.668549 165.714401 -110.875504
367 10.547516 164.492065 -110.031708
368 10.547516 164.492065 -110.369232
369 8.086426 165.889023 -111.044266
370 9.844345 165.190536 -111.719315
371 8.965378 165.015930 -110.200470
372 10.723297 164.317444 -111.550552
373 9.141174 164.492065 -109.694183
374 9.844345 164.841309 -111.044266
375 9.492752 165.539780 -109.694183
376 10.371719 163.968201 -110.875504
377 9.492752 163.095108 -110.369232
378 10.195923 165.190536 -110.369232
379 9.844345 164.492065 -110.369232
380 9.844345 164.142822 -110.369232
381 10.371719 165.015930 -110.875504
382 8.965378 163.968201 -109.525421
383 10.371719 164.666687 -109.525421
384 9.492752 164.492065 -110.031708
385 8.789597 164.492065 -110.706757
386 9.492752 165.889023 -111.044266
387 10.195923 166.238266 -110.369232
388 10.020142 165.365158 -111.213028
389 8.965378 163.968201 -110.875504
390 9.492752 165.539780 -110.031708
391 10.547516 165.190536 -110.369232
392 9.844345 165.190536 -111.381790
393 9.141174 164.492065 -110.706757
394 10.723297 165.015930 -109.862946
395 8.965378 165.365158 -109.187912
396 10.020142 164.666687 -110.537994
397 10.020142 165.365158 -109.187912
398 9.844345 165.190536 -111.381790
399 9.141174 163.095108 -109.694183
400 9.844345 164.492065 -111.044266
401 10.371719 165.365158 -111.550552
402 10.020142 163.968201 -109.525421
403 10.547516 164.841309 -110.031708
404 9.844345 163.793579 -109.356674
405 9.844345 164.841309 -109.019150
406 9.668549 164.666687 -110.875504
407 8.965378 164.317444 -109.525421
408 9.316971 164.317444 -109.525421
409 8.613800 165.365158 -111.213028
410 8.965378 165.015930 -111.550552
411 10.723297 164.317444 -109.862946
412 9.492752 165.190536 -110.369232
413 8.262222 165.714401 -110.875504
414 9.316971 163.269730 -110.537994
415 9.844345 164.492065 -110.031708
416 9.316971 165.015930 -110.537994
417 9.844345 164.142822 -109.694183
418 10.547516 164.841309 -110.031708
419 10.723297 164.666687 -110.200470
420 10.020142 166.063644 -110.875504
421 9.844345 165.190536 -111.719315
422 7.559052 164.666687 -110.200470
423 8.789597 164.492065 -111.381790
424 9.668549 164.666687 -110.200470
425 9.492752 164.142822 -109.694183
426 11.250687 164.492065 -110.706757
427 10.020142 164.666687 -110.875504
428 9.492752 165.889023 -111.044266
429 10.723297 165.015930 -109.862946
430 10.899094 164.492065 -109.356674
431 10.195923 164.841309 -110.706757
432 9.492752 164.492065 -110.031708
433 10.020142 164.666687 -110.875504
434 9.316971 164.317444 -110.537994
435 10.195923 164.841309 -109.356674
436 7.559052 164.666687 -109.862946
437 9.316971 164.317444 -110.200470
438 9.844345 163.095108 -110.706757
439 9.668549 165.015930 -111.213028
440 9.316971 164.666687 -110.200470
441 10.020142 163.269730 -109.862946
442 8.438004 164.841309 -110.706757
443 9.492752 163.444336 -110.031708
444 8.613800 164.317444 -110.875504
445 8.613800 165.015930 -110.537994
446 9.141174 164.841309 -110.706757
447 8.613800 165.015930 -110.200470
448 9.844345 165.539780 -110.369232
449 10.371719 165.365158 -111.550552
450 8.965378 166.063644 -110.200470
451 9.492752 164.492065 -110.369232
452 8.438004 164.142822 -110.031708
453 10.371719 165.015930 -109.525421
454 9.492752 164.142822 -110.706757
455 10.547516 163.793579 -110.031708
456 10.195923 165.539780 -110.031708
457 10.547516 164.142822 -109.694183
458 8.262222 165.365158 -111.213028
459 8.789597 165.539780 -110.706757
460 9.492752 163.793579 -110.031708
461 8.789597 164.492065 -109.694183
462 10.371719 166.063644 -109.862946
463 10.195923 163.793579 -111.719315
464 8.789597 163.793579 -111.381790
465 9.668549 165.714401 -110.200470
466 10.195923 164.492065 -110.706757
467 9.316971 164.666687 -109.525421
468 8.789597 164.841309 -110.369232
469 9.668549 163.968201 -110.200470
470 9.316971 163.618958 -109.525421
471 9.492752 164.841309 -111.719315
472 9.844345 165.190536 -109.694183
473 10.195923 165.539780 -109.694183
474 9.492752 163.793579 -110.031708
475 9.492752 164.841309 -109.694183
476 9.141174 164.142822 -111.381790
477 7.910629 164.666687 -110.537994
478 9.316971 163.968201 -110.200470
479 8.789597 164.492065 -111.381790
480 8.613800 166.063644 -110.537994
481 8.438004 164.841309 -109.694183
482 9.141174 164.841309 -109.694183
483 9.141174 164.841309 -110.031708
484 9.492752 164.841309 -111.381790
485 10.020142 166.412888 -108.850388
486 9.844345 162.396622 -112.056839
487 8.438004 164.142822 -111.381790
488 10.547516 164.841309 -110.369232
489 10.195923 165.889023 -109.694183
490 10.020142 164.666687 -110.200470
491 9.668549 166.063644 -108.512863
492 9.141174 165.190536 -112.056839
493 10.195923 165.889023 -109.019150
494 9.844345 165.190536 -111.044266
495 9.844345 164.841309 -111.044266
496 9.844345 164.492065 -110.031708
497 8.086426 164.142822 -110.706757
498 9.844345 164.841309 -111.044266
499 10.547516 165.539780 -111.719315
500 9.316971 165.015930 -108.850388
501 9.141174 163.793579 -109.694183
502 8.965378 166.063644 -111.213028
503 10.547516 165.889023 -110.706757
504 9.668549 165.015930 -110.875504
505 8.438004 165.190536 -110.031708
506 9.492752 163.793579 -110.706757
507 7.910629 163.269730 -109.525421
508 9.492752 164.492065 -110.369232
509 8.789597 164.841309 -109.694183
510 9.492752 164.492065 -110.031708
511 8.965378 165.015930 -109.862946
512 9.141174 165.539780 -110.031708
513 8.262222 164.317444 -110.875504
514 9.492752 164.142822 -110.706757
515 9.316971 165.015930 -111.550552
516 10.195923 164.841309 -111.044266
517 9.668549 164.317444 -109.525421
518 8.086426 164.492065 -111.381790
519 9.316971 165.365158 -111.213028
520 9.316971 164.666687 -110.200470
521 8.965378 164.666687 -110.875504
522 10.371719 163.968201 -111.213028
523 9.492752 164.841309 -110.706757
524 8.438004 164.142822 -111.719315
525 8.262222 165.365158 -110.537994
526 9.668549 164.666687 -111.213028
527 9.141174 164.492065 -111.044266
528 9.141174 163.444336 -110.706757
529 10.371719 164.317444 -109.525421
530 10.195923 164.841309 -110.369232
531 9.668549 165.015930 -110.200470
532 9.668549 164.317444 -110.537994
533 9.844345 163.444336 -111.719315
534 8.965378 162.920486 -110.875504
535 10.899094 163.793579 -110.369232
536 9.141174 164.142822 -110.031708
537 10.371719 164.317444 -109.187912
538 10.195923 164.492065 -109.356674
539 10.723297 165.714401 -111.213028
540 9.668549 164.666687 -109.862946
541 8.613800 165.015930 -109.862946
542 10.020142 166.412888 -110.875504
543 8.965378 163.968201 -109.862946
544 9.141174 164.492065 -110.369232
545 10.020142 164.317444 -110.200470
546 8.789597 164.142822 -110.031708
547 10.371719 164.666687 -108.512863
548 9.844345 164.492065 -110.706757
549 10.020142 163.269730 -110.537994
550 9.492752 165.190536 -109.694183
551 9.141174 164.142822 -111.381790
552 10.723297 165.714401 -109.862946
553 8.438004 164.492065 -111.044266
554 9.668549 165.365158 -111.550552
555 11.074890 164.666687 -110.875504
556 11.074890 165.015930 -110.537994
557 9.844345 166.238266 -110.369232
558 10.195923 163.793579 -110.706757
559 9.492752 163.444336 -109.694183
560 8.789597 164.492065 -109.694183
561 10.547516 165.539780 -109.019150
562 11.778061 164.666687 -110.200470
563 10.020142 166.762131 -110.875504
564 9.492752 163.793579 -109.694183
565 9.316971 166.412888 -111.888077
566 8.965378 165.015930 -108.850388
567 9.141174 163.793579 -111.044266
568 10.371719 163.968201 -109.525421
569 9.316971 164.666687 -111.550552
570 10.020142 164.666687 -110.537994
571 10.195923 165.190536 -111.044266
572 8.965378 165.015930 -110.200470
573 9.141174 164.841309 -110.706757
574 8.965378 166.063644 -110.200470
575 9.141174 164.841309 -111.381790
576 10.195923 164.492065 -110.706757
577 8.965378 163.618958 -110.875504
578 8.086426 165.539780 -110.369232
579 9.668549 164.317444 -110.537994
580 9.492752 163.793579 -110.369232
581 8.438004 165.190536 -110.031708
582 9.668549 164.317444 -110.875504
583 10.020142 165.365158 -109.862946
584 10.195923 163.444336 -109.694183
585 10.723297 165.714401 -110.200470
586 9.844345 165.190536 -110.369232
587 9.668549 165.015930 -110.875504
588 9.141174 164.841309 -110.369232
589 10.547516 164.492065 -109.019150
590 9.492752 164.492065 -110.031708
591 8.965378 165.015930 -110.200470
592 9.668549 163.968201 -110.537994
593 9.492752 162.745865 -110.031708
594 9.316971 165.015930 -109.862946
595 10.371719 162.571243 -110.200470
596 10.195923 164.142822 -111.044266
597 10.547516 163.793579 -109.356674
598 10.195923 164.841309 -111.044266
599 8.086426 163.444336 -109.694183
600 10.899094 164.841309 -110.031708
601 8.613800 166.063644 -109.187912
602 9.492752 163.793579 -110.369232
603 8.613800 163.618958 -109.525421
604 9.141174 165.190536 -111.381790
605 9.141174 165.889023 -109.694183
606 10.020142 164.317444 -111.213028
607 8.965378 165.365158 -110.875504
608 11.778061 166.063644 -109.862946
609 10.723297 165.015930 -110.537994
610 8.965378 163.968201 -110.537994
611 10.020142 164.666687 -110.875504
612 8.965378 165.015930 -111.213028
613 8.965378 165.365158 -109.862946
614 10.020142 162.920486 -109.525421
615 8.789597 163.444336 -109.019150
616 9.668549 165.714401 -110.875504
617 8.965378 164.317444 -110.200470
618 10.899094 165.190536 -109.694183
619 9.141174 164.841309 -111.044266
620 8.965378 165.015930 -110.537994
621 10.899094 163.793579 -110.031708
622 8.965378 163.968201 -110.200470
623 9.141174 164.492065 -110.031708
624 10.020142 163.968201 -111.213028
625 9.492752 165.190536 -110.706757
626 10.723297 163.968201 -111.213028
627 10.020142 163.618958 -111.213028
628 8.086426 164.841309 -110.706757
629 9.668549 165.015930 -110.200470
630 7.910629 164.317444 -110.200470
631 11.426468 164.666687 -110.200470
632 10.371719 164.317444 -110.875504
633 9.141174 164.492065 -111.044266
634 9.316971 165.015930 -109.187912
635 9.844345 165.539780 -110.369232
636 9.668549 165.015930 -111.550552
637 10.371719 163.269730 -110.537994
638 9.492752 164.841309 -111.044266
639 9.668549 164.317444 -109.525421
640 10.195923 164.142822 -110.369232
641 9.668549 165.015930 -110.537994
642 10.020142 165.365158 -109.862946
643 10.020142 164.317444 -111.213028
644 9.668549 164.317444 -111.213028
645 10.371719 163.968201 -111.213028
646 8.438004 163.444336 -110.369232
647 9.141174 165.539780 -111.044266
648 10.020142 163.618958 -110.875504
649 9.141174 164.142822 -111.044266
650 10.195923 164.142822 -111.719315
651 9.316971 164.317444 -110.875504
652 10.020142 163.618958 -109.525421
653 10.195923 165.190536 -111.044266
654 9.844345 163.095108 -110.706757
655 8.613800 164.666687 -111.550552
656 9.844345 163.095108 -110.031708
657 10.020142 163.269730 -109.525421
658 10.547516 165.190536 -110.031708
659 10.547516 164.841309 -110.706757
660 9.668549 163.618958 -110.875504
661 9.316971 165.015930 -111.550552
662 8.613800 165.015930 -109.525421
663 8.789597 162.745865 -111.719315
664 10.371719 165.015930 -110.200470
665 9.668549 164.317444 -110.200470
666 9.668549 165.015930 -111.550552
667 9.844345 164.492065 -110.706757
668 8.965378 164.666687 -111.550552
669 8.965378 164.666687 -110.537994
670 9.668549 164.666687 -111.213028
671 10.020142 166.412888 -108.850388
672 9.141174 166.587509 -110.706757
673 8.789597 164.841309 -111.044266
674 8.613800 165.714401 -110.875504
675 8.438004 164.142822 -109.694183
676 9.844345 164.841309 -111.044266
677 9.844345 165.190536 -110.369232
678 9.141174 165.190536 -111.381790
679 9.492752 164.492065 -109.694183
680 9.141174 164.492065 -111.044266
681 10.547516 164.841309 -110.706757
682 8.965378 165.015930 -110.200470
683 9.668549 164.666687 -110.875504
684 9.141174 166.238266 -111.381790
685 9.492752 163.095108 -110.031708
686 7.910629 164.317444 -110.200470
687 8.789597 164.142822 -111.044266
688 8.613800 165.015930 -110.537994
689 9.316971 164.666687 -110.875504
690 9.668549 163.968201 -111.888077
691 11.250687 163.444336 -110.369232
692 10.371719 165.365158 -110.200470
693 10.547516 164.841309 -111.719315
694 9.844345 163.444336 -110.369232
695 9.492752 165.190536 -109.694183
696 9.492752 163.793579 -110.706757
697 10.547516 164.142822 -111.719315
698 9.141174 164.492065 -111.381790
699 8.789597 165.190536 -110.031708
700 10.371719 164.317444 -111.550552
701 9.668549 163.618958 -112.225586
702 10.195923 165.539780 -111.044266
703 9.492752 164.841309 -110.031708
704 8.789597 165.190536 -110.369232
705 10.371719 166.412888 -111.213028
706 9.141174 165.889023 -110.031708
707 10.195923 164.492065 -108.681625
708 9.668549 164.317444 -110.200470
709 9.492752 164.142822 -110.706757
710 8.789597 164.492065 -109.694183
711 9.141174 164.841309 -110.706757
712 9.492752 165.190536 -111.044266
713 10.547516 164.492065 -111.381790
714 9.668549 165.015930 -110.875504
715 9.492752 163.793579 -110.031708
716 10.195923 163.793579 -110.369232
717 9.316971 162.571243 -111.213028
718 8.789597 164.841309 -110.031708
719 9.316971 163.968201 -110.537994
720 9.844345 165.190536 -110.706757
721 8.438004 165.190536 -110.706757
722 10.195923 165.190536 -111.044266
723 10.020142 163.618958 -111.213028
724 9.844345 165.190536 -109.356674
725 9.668549 166.063644 -111.213028
726 10.547516 164.492065 -110.031708
727 8.965378 164.317444 -111.550552
728 9.844345 164.492065 -110.706757
729 9.668549 163.269730 -110.875504
730 9.492752 166.238266 -111.719315
731 9.141174 164.142822 -111.044266
732 10.547516 165.190536 -110.706757
733 8.789597 165.190536 -111.381790
734 9.668549 164.666687 -110.875504
735 8.789597 164.142822 -109.019150
736 8.965378 165.015930 -110.875504
737 11.074890 165.015930 -111.213028
738 11.250687 166.238266 -109.356674
739 9.668549 165.714401 -110.537994
740 9.668549 165.365158 -110.875504
741 7.734833 162.745865 -111.044266
742 9.844345 164.841309 -110.706757
743 9.141174 163.793579 -109.694183
744 10.899094 164.841309 -110.031708
745 10.723297 163.968201 -108.850388
746 9.316971 165.015930 -109.862946
747 8.789597 165.190536 -110.369232
748 10.195923 164.142822 -109.694183
749 10.195923 165.539780 -111.044266
750 9.492752 165.539780 -110.706757
751 9.141174 163.793579 -110.031708
752 9.668549 165.015930 -110.537994
753 8.613800 165.714401 -109.862946
754 9.141174 164.142822 -110.031708
755 9.844345 165.889023 -109.694183
756 9.316971 164.666687 -109.862946
757 8.965378 163.618958 -109.525421
758 10.723297 163.269730 -110.537994
759 9.492752 165.190536 -110.706757
760 9.316971 163.968201 -110.875504
761 11.074890 164.666687 -110.875504
762 10.020142 164.666687 -110.537994
763 9.844345 164.142822 -108.681625
764 10.899094 164.492065 -111.044266
765 8.613800 164.666687 -110.537994
766 9.844345 165.889023 -110.369232
767 10.371719 165.365158 -110.537994
768 10.371719 164.317444 -109.187912
769 8.613800 166.063644 -110.200470
770 9.141174 164.142822 -111.044266
771 10.371719 164.317444 -109.187912
772 10.723297 164.317444 -111.213028
773 9.844345 165.190536 -111.719315
774 8.965378 165.714401 -110.875504
775 10.899094 165.190536 -110.706757
776 9.668549 166.063644 -109.862946
777 9.316971 165.015930 -110.537994
778 8.965378 165.365158 -111.213028
779 8.789597 164.492065 -111.381790
780 11.250687 165.539780 -110.031708
781 10.723297 165.015930 -110.200470
782 9.492752 164.142822 -111.044266
783 9.316971 164.666687 -110.875504
784 9.668549 164.666687 -111.550552
785 9.844345 163.793579 -109.356674
786 9.668549 163.618958 -111.213028
787 10.723297 163.968201 -111.213028
788 9.668549 164.317444 -109.862946
789 10.371719 164.317444 -110.537994
790 9.668549 163.968201 -110.875504
791 8.438004 164.492065 -110.706757
792 9.141174 165.539780 -110.706757
793 10.020142 165.015930 -110.537994
794 9.492752 165.539780 -110.031708
795 10.547516 164.492065 -110.031708
796 9.844345 164.492065 -110.706757
797 8.789597 164.841309 -110.031708
798 8.789597 164.492065 -110.369232
799 8.965378 163.269730 -109.862946
800 10.020142 164.317444 -110.200470
801 10.547516 165.190536 -110.706757
802 10.195923 165.539780 -109.694183
803 8.789597 164.142822 -110.706757
804 10.371719 165.015930 -110.537994
805 10.020142 163.968201 -110.200470
806 8.438004 165.190536 -110.369232
807 10.195923 162.396622 -109.356674
808 10.371719 163.968201 -109.862946
809 8.965378 166.762131 -110.875504
810 9.141174 164.841309 -110.031708
811 9.492752 164.841309 -109.694183
812 8.965378 165.015930 -109.862946
813 7.910629 164.666687 -109.862946
814 9.316971 165.365158 -109.862946
815 8.965378 165.015930 -109.862946
816 9.492752 163.444336 -110.706757
817 9.141174 164.142822 -109.356674
818 9.668549 165.015930 -110.537994
819 9.141174 165.190536 -111.381790
820 10.195923 164.142822 -111.044266
821 9.492752 165.190536 -110.031708
822 9.668549 166.063644 -110.537994
823 8.086426 165.889023 -109.694183
824 8.965378 163.968201 -110.537994
825 9.668549 165.365158 -109.187912
826 10.020142 163.968201 -110.537994
827 9.316971 163.968201 -112.225586
828 9.316971 164.666687 -110.537994
829 9.316971 164.317444 -109.862946
830 11.074890 163.618958 -109.862946
831 9.844345 164.492065 -111.381790
832 9.668549 164.317444 -111.213028
833 9.316971 164.317444 -109.187912
834 9.316971 164.666687 -110.875504
835 9.668549 164.666687 -109.862946
836 8.789597 164.492065 -112.056839
837 11.074890 164.666687 -109.525421
838 8.965378 164.317444 -110.875504
839 9.492752 163.444336 -110.706757
840 12.129639 164.666687 -110.200470
841 10.371719 165.365158 -110.875504
842 10.899094 165.889023 -110.031708
843 10.020142 163.968201 -110.875504
844 10.020142 165.365158 -111.550552
845 10.547516 165.190536 -109.694183
846 9.668549 166.063644 -109.187912
847 8.789597 164.841309 -110.706757
848 10.371719 166.063644 -110.200470
849 10.371719 165.015930 -111.213028
850 10.195923 165.889023 -110.369232
851 10.899094 164.492065 -109.356674
852 8.965378 163.618958 -110.537994
853 9.316971 164.317444 -110.875504
854 8.789597 165.539780 -110.706757
855 9.668549 164.666687 -109.525421
856 9.844345 164.492065 -109.694183
857 10.195923 165.190536 -111.381790
858 10.020142 163.618958 -109.862946
859 9.141174 163.444336 -110.706757
860 9.316971 163.269730 -110.537994
861 10.899094 164.142822 -111.381790
862 9.141174 164.492065 -111.719315
863 9.141174 163.793579 -110.706757
864 8.262222 165.365158 -109.862946
865 8.789597 164.492065 -110.031708
866 9.668549 163.968201 -110.537994
867 10.020142 164.317444 -110.875504
868 8.965378 165.365158 -111.888077
869 9.492752 163.444336 -110.706757
870 10.020142 163.618958 -110.200470
871 8.613800 163.968201 -109.862946
872 8.965378 165.015930 -110.200470
873 9.668549 165.015930 -109.525421
874 9.844345 165.539780 -111.044266
875 10.723297 163.618958 -111.213028
876 10.020142 163.618958 -111.888077
877 9.492752 165.889023 -109.694183
878 9.316971 163.269730 -110.200470
879 9.141174 164.841309 -109.019150
880 9.844345 164.841309 -110.031708
881 9.668549 163.968201 -111.550552
882 9.492752 164.142822 -109.356674
883 9.141174 164.841309 -110.369232
884 9.844345 164.142822 -109.356674
885 8.965378 163.968201 -109.862946
886 8.613800 164.317444 -109.862946
887 10.547516 164.142822 -109.694183
888 8.262222 165.015930 -110.537994
889 9.492752 164.841309 -110.369232
890 10.020142 162.571243 -109.525421
891 9.141174 165.889023 -111.381790
892 9.844345 164.841309 -110.706757
893 8.965378 166.063644 -110.537994
894 10.195923 163.444336 -111.044266
895 9.492752 164.841309 -111.381790
896 10.195923 164.142822 -109.694183
897 8.789597 164.142822 -109.356674
898 8.789597 163.793579 -110.706757
899 10.195923 164.841309 -111.719315
900 10.020142 165.365158 -111.888077
901 10.195923 164.841309 -109.694183
902 8.086426 163.793579 -110.706757
903 10.020142 165.015930 -110.200470
904 10.020142 163.968201 -111.213028
905 8.789597 165.889023 -111.044266
906 9.141174 165.190536 -111.381790
907 9.492752 165.889023 -109.356674
908 9.141174 164.492065 -110.031708
909 9.844345 165.190536 -110.706757
910 10.371719 164.317444 -109.862946
911 8.613800 163.968201 -110.200470
912 8.438004 164.841309 -109.694183
913 9.668549 164.317444 -110.200470
914 10.547516 165.190536 -111.381790
915 9.844345 163.793579 -109.694183
916 9.492752 164.492065 -109.356674
917 8.086426 164.492065 -108.681625
918 9.316971 164.666687 -109.862946
919 9.844345 164.142822 -110.706757
920 10.371719 163.968201 -110.200470
921 9.141174 163.793579 -108.681625
922 9.668549 164.666687 -111.550552
923 10.723297 164.317444 -109.525421
924 9.844345 165.190536 -110.369232
925 9.668549 165.365158 -110.875504
926 10.371719 164.666687 -108.850388
927 9.668549 163.618958 -110.537994
928 9.844345 163.444336 -110.369232
929 8.086426 165.190536 -110.369232
930 9.844345 164.492065 -110.031708
931 9.668549 164.317444 -110.537994
932 9.844345 164.492065 -110.369232
933 9.141174 164.142822 -109.694183
934 8.086426 163.095108 -110.369232
935 8.789597 164.492065 -110.369232
936 9.844345 164.492065 -109.019150
937 8.965378 164.317444 -110.875504
938 9.316971 165.015930 -109.862946
939 8.965378 164.317444 -110.200470
940 9.844345 165.190536 -110.706757
941 10.899094 165.539780 -111.719315
942 9.492752 164.492065 -110.369232
943 8.789597 165.190536 -110.031708
944 9.492752 165.190536 -110.706757
945 10.547516 164.492065 -110.706757
946 9.492752 164.841309 -110.031708
947 11.074890 163.618958 -111.550552
948 9.668549 164.666687 -110.875504
949 9.668549 164.666687 -111.213028
950 11.074890 164.317444 -110.537994
951 10.020142 163.618958 -108.512863
952 9.492752 164.492065 -110.031708
953 8.965378 164.666687 -111.213028
954 10.371719 164.317444 -110.537994
955 10.195923 164.142822 -110.706757
956 8.789597 164.492065 -108.681625
957 8.965378 164.666687 -111.550552
958 11.250687 164.841309 -110.706757
959 8.613800 165.015930 -110.875504
960 9.844345 164.841309 -109.694183
961 8.965378 165.365158 -110.875504
962 9.668549 165.365158 -109.862946
963 9.492752 163.793579 -111.381790
964 9.844345 163.793579 -110.031708
965 10.899094 164.841309 -111.044266
966 10.547516 165.190536 -111.381790
967 8.438004 165.190536 -109.694183
968 8.789597 163.793579 -111.381790
969 8.438004 166.587509 -111.044266
970 9.316971 165.714401 -109.187912
971 9.141174 165.190536 -109.356674
972 8.789597 165.190536 -110.369232
973 10.020142 163.618958 -110.537994
974 10.723297 163.968201 -110.537994
975 11.074890 164.666687 -109.525421
976 10.020142 163.968201 -111.213028
977 9.141174 164.492065 -110.369232
978 10.195923 163.444336 -110.031708
979 7.383255 164.492065 -111.719315
980 9.668549 165.365158 -109.525421
981 10.371719 164.317444 -111.213028
982 9.316971 162.920486 -110.200470
983 8.613800 165.714401 -111.213028
984 10.547516 164.142822 -111.719315
985 8.262222 164.317444 -109.862946
986 9.316971 165.015930 -110.200470
987 9.492752 164.492065 -111.381790
988 8.965378 165.714401 -110.875504
989 8.613800 165.365158 -110.200470
990 9.668549 163.968201 -109.862946
991 10.020142 164.317444 -110.875504
992 9.492752 165.539780 -109.694183
993 8.965378 164.666687 -109.525421
994 8.262222 164.666687 -110.200470
995 9.141174 165.190536 -111.381790
996 9.316971 165.714401 -110.200470
997 10.020142 163.618958 -109.525421
998 9.316971 164.666687 -110.537994
999 9.141174 164.492065 -111.719315
1000 9.844345 163.444336 -110.369232
1001 9.141174 165.539780 -110.369232
1002 9.492752 165.190536 -109.694183
1003 10.371719 165.015930 -110.875504
1004 8.789597 164.492065 -110.706757
1005 8.262222 163.618958 -111.213028
1006 11.074890 164.666687 -112.225586
1007 9.316971 164.317444 -110.200470
1008 9.668549 163.968201 -109.525421
1009 10.547516 164.841309 -110.031708
1010 8.438004 164.492065 -109.694183
1011 9.668549 163.269730 -109.862946
1012 8.262222 163.968201 -109.862946
1013 9.492752 163.793579 -111.719315
1014 8.965378 164.317444 -108.512863
1015 10.899094 164.142822 -111.044266
1016 8.789597 165.889023 -110.369232
1017 10.371719 163.618958 -110.875504
1018 9.844345 165.539780 -109.694183
1019 10.547516 164.142822 -109.694183
1020 10.723297 165.365158 -111.888077
1021 9.141174 164.142822 -110.369232
1022 9.844345 164.142822 -110.369232
1023 10.020142 163.968201 -108.850388
1024 8.965378 163.618958 -110.537994
1025 10.020142 164.666687 -110.875504
1026 9.316971 165.365158 -109.862946
1027 9.668549 163.269730 -109.862946
1028 9.316971 164.317444 -110.200470
1029 9.844345 164.841309 -110.706757
1030 9.492752 164.492065 -110.031708
1031 10.547516 165.889023 -109.019150
1032 9.141174 165.539780 -110.369232
1033 8.965378 165.015930 -109.862946
1034 9.668549 165.015930 -109.187912
1035 9.141174 164.492065 -111.044266
1036 10.020142 164.317444 -110.537994
1037 9.141174 163.793579 -110.369232
1038 8.613800 164.666687 -111.550552
1039 10.195923 165.539780 -109.694183
1040 10.899094 164.841309 -111.044266
