1 47.991196 114.725357 -102.775009
2 48.518585 114.201492 -101.931213
3 48.694366 114.026871 -103.450058
4 50.100708 114.376114 -102.775009
5 47.991196 113.677628 -103.450058
6 48.870163 113.153778 -103.281296
7 49.221741 113.503006 -102.943771
8 47.288040 113.328400 -103.787582
9 48.870163 113.153778 -103.281296
10 48.870163 113.503006 -102.268738
11 50.100708 115.423828 -103.450058
12 47.639618 114.376114 -103.112534
13 47.815414 112.106049 -103.618820
14 49.573334 113.503006 -103.618820
15 50.628082 113.852249 -103.618820
16 49.221741 114.550735 -103.618820
17 49.573334 113.153778 -103.281296
18 48.870163 115.249207 -102.268738
19 48.870163 113.852249 -103.281296
20 49.045959 114.725357 -102.775009
21 48.342789 114.026871 -102.775009
22 48.870163 114.550735 -102.606262
23 49.045959 115.074600 -101.762451
24 47.815414 114.550735 -102.268738
25 48.694366 114.376114 -104.800140
26 47.639618 113.677628 -103.787582
27 48.694366 113.328400 -103.450058
28 48.166992 114.550735 -103.618820
29 48.518585 113.852249 -103.618820
30 47.991196 115.074600 -103.112534
31 50.100708 114.026871 -104.125092
32 47.991196 115.074600 -103.112534
33 48.166992 112.804535 -102.268738
34 47.639618 112.280670 -103.112534
35 47.639618 114.376114 -101.762451
36 48.870163 114.550735 -102.943771
37 48.342789 114.725357 -103.112534
38 48.518585 113.852249 -102.943771
39 47.815414 114.201492 -102.943771
40 48.342789 114.725357 -102.437500
41 49.045959 113.328400 -102.775009
42 48.518585 113.852249 -103.956345
43 48.870163 113.503006 -104.293854
44 48.694366 114.725357 -102.437500
45 47.815414 114.201492 -102.606262
46 47.288040 114.026871 -103.112534
47 48.342789 114.026871 -104.125092
48 47.639618 115.074600 -103.450058
49 48.166992 113.852249 -102.943771
50 48.166992 114.550735 -102.606262
51 49.045959 113.328400 -104.125092
52 48.870163 115.249207 -104.293854
53 49.397537 114.026871 -102.437500
54 48.694366 113.677628 -103.450058
55 49.397537 112.280670 -102.099976
56 49.045959 114.376114 -102.775009
57 48.694366 114.026871 -103.450058
58 48.870163 114.201492 -104.293854
59 48.342789 114.376114 -102.775009
60 48.694366 114.026871 -103.787582
61 48.694366 112.979156 -102.775009
62 48.518585 112.804535 -102.943771
63 47.112244 115.598450 -103.281296
64 47.112244 113.503006 -102.943771
65 48.694366 113.328400 -103.112534
66 47.288040 114.376114 -103.112534
67 49.045959 113.677628 -103.112534
68 48.342789 112.979156 -103.450058
69 47.815414 113.503006 -103.281296
70 49.045959 114.376114 -103.787582
71 48.518585 114.201492 -103.281296
72 49.397537 114.026871 -102.437500
73 47.815414 114.201492 -103.956345
74 47.815414 114.201492 -102.943771
75 49.397537 113.677628 -103.112534
76 47.463821 112.455292 -102.268738
77 49.221741 113.852249 -102.606262
78 48.694366 112.979156 -103.450058
79 48.342789 113.328400 -103.450058
80 49.221741 114.550735 -102.606262
81 50.100708 113.677628 -102.775009
82 48.342789 114.376114 -102.437500
83 48.342789 113.677628 -103.112534
84 48.518585 114.201492 -105.306427
85 47.112244 114.201492 -102.268738
86 48.342789 114.026871 -102.437500
87 48.166992 115.598450 -102.268738
88 50.452286 113.328400 -103.112534
89 48.342789 115.423828 -103.450058
90 48.166992 114.550735 -102.943771
91 47.288040 113.328400 -103.112534
92 48.694366 114.725357 -104.125092
93 47.463821 113.153778 -101.931213
94 49.573334 113.503006 -102.943771
95 49.749115 114.026871 -102.775009
96 47.991196 114.725357 -102.437500
97 48.166992 113.153778 -103.281296
98 49.045959 114.026871 -103.450058
99 49.045959 113.328400 -102.099976
100 47.815414 114.201492 -103.956345
101 47.991196 113.328400 -103.787582
102 48.166992 114.550735 -103.618820
103 49.573334 114.201492 -102.268738
104 47.815414 112.804535 -102.268738
105 47.991196 114.026871 -104.125092
106 49.573334 113.153778 -103.281296
107 47.288040 114.376114 -103.450058
108 47.112244 113.852249 -102.943771
109 48.342789 113.677628 -102.437500
110 47.463821 115.947693 -102.943771
111 48.870163 113.852249 -103.956345
112 48.870163 114.550735 -102.268738
113 47.463821 112.804535 -102.268738
114 48.518585 114.201492 -102.943771
115 48.694366 114.725357 -103.450058
116 49.397537 113.677628 -104.125092
117 48.342789 115.074600 -104.462616
118 49.045959 113.677628 -102.437500
119 48.342789 114.376114 -103.787582
120 48.518585 115.249207 -102.268738
121 49.045959 113.677628 -102.099976
122 47.991196 114.376114 -105.137665
123 49.221741 113.153778 -102.606262
124 49.045959 113.677628 -102.775009
125 49.924911 113.503006 -103.281296
126 48.694366 114.026871 -103.112534
127 48.870163 114.550735 -102.943771
128 49.045959 113.677628 -103.450058
129 48.694366 113.328400 -103.450058
130 48.694366 114.026871 -103.450058
131 47.112244 114.201492 -102.943771
132 47.463821 114.550735 -103.618820
133 49.397537 113.677628 -103.787582
134 48.166992 114.550735 -101.931213
135 48.694366 114.725357 -103.112534
136 47.991196 114.026871 -103.112534
137 49.397537 114.026871 -103.112534
138 48.870163 114.201492 -102.606262
139 48.694366 113.328400 -102.099976
140 49.221741 113.852249 -104.968903
141 48.166992 113.153778 -103.281296
142 49.397537 114.725357 -103.112534
143 48.518585 113.153778 -103.281296
144 49.924911 114.899979 -102.943771
145 47.639618 114.376114 -103.112534
146 48.518585 113.153778 -102.606262
147 48.518585 114.550735 -102.268738
148 49.924911 114.550735 -103.956345
149 49.045959 113.677628 -101.424927
150 48.870163 113.503006 -103.618820
151 48.518585 113.503006 -102.943771
152 48.342789 114.725357 -103.787582
153 48.342789 112.979156 -102.099976
154 49.397537 114.725357 -103.450058
155 48.166992 113.503006 -101.931213
156 47.991196 112.979156 -103.112534
157 49.045959 113.677628 -102.099976
158 46.760666 114.201492 -103.281296
159 49.045959 114.376114 -103.787582
160 48.870163 113.852249 -101.931213
161 47.991196 114.026871 -103.450058
162 47.112244 113.153778 -103.618820
163 48.694366 114.026871 -103.787582
164 48.870163 112.804535 -101.931213
165 48.342789 114.376114 -103.787582
166 48.342789 113.677628 -103.450058
167 48.166992 113.503006 -102.606262
168 49.573334 113.503006 -102.943771
169 48.694366 114.026871 -103.787582
170 48.166992 114.201492 -103.618820
171 48.166992 112.455292 -103.618820
172 47.288040 112.979156 -102.437500
173 47.463821 114.201492 -102.606262
174 49.573334 114.550735 -102.943771
175 48.342789 114.376114 -102.775009
176 48.518585 113.153778 -102.268738
177 49.221741 112.804535 -103.281296
178 48.694366 114.026871 -102.775009
179 49.045959 112.979156 -104.125092
180 48.342789 114.376114 -102.099976
181 48.166992 113.153778 -102.606262
182 49.045959 112.979156 -103.787582
183 48.166992 113.153778 -101.931213
184 48.166992 113.852249 -102.606262
185 48.342789 112.979156 -103.450058
186 47.639618 114.725357 -102.775009
187 48.870163 113.852249 -103.281296
188 48.342789 115.074600 -103.112534
189 49.221741 113.503006 -103.618820
190 48.166992 113.852249 -103.956345
191 47.639618 115.074600 -103.112534
192 48.342789 113.677628 -102.775009
193 49.221741 114.899979 -102.268738
194 48.342789 114.376114 -104.462616
195 49.573334 113.852249 -102.606262
196 48.166992 114.201492 -102.943771
197 49.221741 113.503006 -103.281296
198 47.639618 113.677628 -105.475174
199 48.342789 114.026871 -103.450058
200 48.870163 112.455292 -103.281296
201 48.342789 113.677628 -103.450058
202 47.815414 113.852249 -103.618820
203 47.815414 113.153778 -104.293854
204 48.518585 114.550735 -102.943771
205 47.112244 114.201492 -103.281296
206 49.221741 113.503006 -102.268738
207 48.870163 113.852249 -103.956345
208 48.342789 113.328400 -103.450058
209 49.221741 113.852249 -102.606262
210 47.991196 112.629913 -103.112534
211 50.100708 114.376114 -102.099976
212 48.694366 115.074600 -103.450058
213 49.045959 112.629913 -102.099976
214 48.166992 113.852249 -102.606262
215 49.045959 114.376114 -102.437500
216 48.342789 114.026871 -103.450058
217 49.221741 114.550735 -103.281296
218 47.112244 114.201492 -103.618820
219 47.463821 113.503006 -102.943771
220 47.815414 114.899979 -102.943771
221 47.288040 114.725357 -104.462616
222 48.694366 114.026871 -102.099976
223 49.397537 114.376114 -103.112534
224 49.397537 113.328400 -102.775009
225 47.463821 113.503006 -103.281296
226 48.694366 114.376114 -103.450058
227 47.639618 114.376114 -103.787582
228 49.573334 114.550735 -102.268738
229 47.463821 112.804535 -102.606262
230 48.518585 114.201492 -102.268738
231 49.397537 114.725357 -102.437500
232 49.045959 114.725357 -103.450058
233 49.749115 112.979156 -102.437500
234 48.518585 114.550735 -103.281296
235 48.694366 113.328400 -102.775009
236 47.639618 112.979156 -103.450058
237 49.045959 114.376114 -102.437500
238 50.100708 113.677628 -103.787582
239 48.870163 115.249207 -103.281296
240 48.518585 112.804535 -102.943771
241 48.342789 114.376114 -103.787582
242 49.397537 113.677628 -102.775009
243 48.166992 113.503006 -103.956345
244 48.518585 112.455292 -102.943771
245 49.221741 113.503006 -104.631378
246 48.694366 113.328400 -103.450058
247 49.749115 114.376114 -103.450058
248 47.815414 113.852249 -102.943771
249 48.166992 114.550735 -103.281296
250 49.045959 114.725357 -103.787582
251 48.166992 112.804535 -103.618820
252 47.288040 114.376114 -102.099976
253 47.991196 114.376114 -103.787582
254 49.045959 114.376114 -103.787582
255 48.694366 113.677628 -103.450058
256 49.045959 114.026871 -103.112534
257 49.221741 113.153778 -104.293854
258 48.518585 114.201492 -102.268738
259 48.166992 113.503006 -102.943771
260 47.463821 114.201492 -102.606262
261 49.045959 113.677628 -103.450058
262 49.749115 113.328400 -102.775009
263 48.870163 114.550735 -103.281296
264 48.342789 115.074600 -102.775009
265 47.463821 114.201492 -102.268738
266 48.518585 113.503006 -104.631378
267 49.573334 114.201492 -103.281296
268 49.221741 113.153778 -104.631378
269 48.870163 114.201492 -102.606262
270 49.573334 114.550735 -102.606262
271 49.045959 115.074600 -104.125092
272 47.639618 114.725357 -103.450058
273 47.639618 115.074600 -103.112534
274 48.166992 113.852249 -102.268738
275 48.166992 114.550735 -104.293854
276 49.924911 113.153778 -103.281296
277 48.342789 113.328400 -103.787582
278 48.518585 114.899979 -101.593689
279 50.100708 113.677628 -102.099976
280 47.288040 113.677628 -103.112534
281 47.991196 112.629913 -101.762451
282 48.694366 113.328400 -102.775009
283 48.870163 114.201492 -102.943771
284 49.397537 114.026871 -103.787582
285 49.924911 115.598450 -103.618820
286 48.342789 114.376114 -102.437500
287 48.166992 113.503006 -103.281296
288 47.815414 114.201492 -103.618820
289 47.463821 114.899979 -102.606262
290 47.991196 115.074600 -103.787582
291 48.166992 114.550735 -102.606262
292 47.288040 113.328400 -103.450058
293 49.221741 114.550735 -103.281296
294 48.694366 115.074600 -103.450058
295 48.166992 114.550735 -102.606262
296 49.221741 114.899979 -103.618820
297 48.518585 114.201492 -102.943771
298 49.045959 114.026871 -102.099976
299 49.573334 114.550735 -103.618820
300 49.749115 114.376114 -101.762451
301 47.991196 113.677628 -102.775009
302 48.342789 113.677628 -103.787582
303 50.100708 114.725357 -101.762451
304 48.166992 114.550735 -102.606262
305 47.639618 114.376114 -102.437500
306 47.991196 113.677628 -103.450058
307 47.815414 113.852249 -102.268738
308 48.870163 114.550735 -102.268738
309 48.518585 115.249207 -103.618820
310 49.221741 113.503006 -101.931213
311 49.221741 114.899979 -103.618820
312 48.518585 114.201492 -102.268738
313 49.749115 114.376114 -103.787582
314 48.694366 115.074600 -101.762451
315 49.749115 113.677628 -102.099976
316 49.221741 111.756821 -102.606262
317 48.694366 114.725357 -104.125092
318 49.045959 114.026871 -101.762451
319 48.518585 114.201492 -102.606262
320 48.694366 112.629913 -102.775009
321 49.045959 115.074600 -104.125092
322 49.045959 113.677628 -103.450058
323 49.045959 113.677628 -103.112534
324 49.045959 115.074600 -101.424927
325 47.112244 113.852249 -101.593689
326 48.166992 113.852249 -102.943771
327 49.749115 113.677628 -102.775009
328 49.749115 114.376114 -103.787582
329 48.518585 113.852249 -103.281296
330 48.694366 114.376114 -103.112534
331 48.870163 113.852249 -102.606262
332 47.463821 114.550735 -101.931213
333 49.397537 114.026871 -103.450058
334 47.463821 112.455292 -102.606262
335 48.694366 114.376114 -102.437500
336 47.815414 115.598450 -102.606262
337 49.221741 114.899979 -102.268738
338 49.221741 114.550735 -103.281296
339 49.749115 115.074600 -103.787582
340 50.276505 113.503006 -103.281296
341 48.166992 114.201492 -102.268738
342 48.694366 114.725357 -101.424927
343 47.639618 114.026871 -103.450058
344 49.045959 112.979156 -102.775009
345 49.045959 114.026871 -102.099976
346 49.221741 114.899979 -103.956345
347 49.924911 114.201492 -103.281296
348 48.518585 113.852249 -103.956345
349 48.518585 113.852249 -101.931213
350 47.639618 113.677628 -102.775009
351 48.870163 113.852249 -102.943771
352 49.397537 113.677628 -103.450058
353 48.694366 115.074600 -102.775009
354 49.397537 113.677628 -102.437500
355 47.991196 114.026871 -103.450058
356 48.694366 114.725357 -102.775009
357 49.749115 113.677628 -103.450058
358 47.991196 113.677628 -103.112534
359 48.694366 113.677628 -102.437500
360 48.342789 113.328400 -102.437500
361 48.166992 113.503006 -102.943771
362 47.815414 113.852249 -103.618820
363 48.870163 114.899979 -102.268738
364 49.573334 113.503006 -102.943771
365 47.815414 113.852249 -102.606262
366 47.288040 114.376114 -103.112534
367 49.221741 113.852249 -102.606262
368 48.342789 112.979156 -102.775009
369 48.342789 113.328400 -102.437500
370 49.397537 114.376114 -101.762451
371 48.342789 115.773071 -103.787582
372 48.166992 114.201492 -102.606262
373 48.166992 113.852249 -103.281296
374 48.342789 112.979156 -103.112534
375 50.452286 112.979156 -102.775009
376 47.815414 114.201492 -102.943771
377 48.870163 113.503006 -103.281296
378 48.694366 113.328400 -101.762451
379 49.573334 114.550735 -103.281296
380 48.166992 113.852249 -102.943771
381 46.936447 114.376114 -103.112534
382 46.584869 114.376114 -101.424927
383 48.518585 114.201492 -102.606262
384 47.288040 113.328400 -101.762451
385 46.760666 112.804535 -102.606262
386 48.166992 112.804535 -102.943771
387 46.584869 113.328400 -103.112534
388 47.112244 113.153778 -101.931213
389 47.112244 113.852249 -101.931213
390 47.639618 111.931427 -101.762451
391 47.112244 113.153778 -103.618820
392 47.463821 114.899979 -102.943771
393 48.694366 112.629913 -103.450058
394 47.112244 114.201492 -103.281296
395 46.409073 112.804535 -101.931213
396 46.936447 114.026871 -101.424927
397 48.342789 114.026871 -102.775009
398 47.112244 112.804535 -102.606262
399 48.518585 113.852249 -102.943771
400 48.342789 112.629913 -103.112534
401 48.342789 113.328400 -103.112534
402 47.463821 114.550735 -102.943771
403 47.815414 113.153778 -102.943771
404 48.166992 113.503006 -102.268738
405 46.057495 114.201492 -101.931213
406 48.518585 113.852249 -102.943771
407 49.045959 114.376114 -103.112534
408 47.463821 114.550735 -103.618820
409 48.694366 113.677628 -103.112534
410 48.342789 113.677628 -103.112534
411 48.166992 113.503006 -102.606262
412 48.166992 114.201492 -101.931213
413 48.870163 114.550735 -103.281296
414 48.342789 112.979156 -103.450058
415 48.694366 114.376114 -102.099976
416 48.694366 115.423828 -102.437500
417 48.694366 113.677628 -102.775009
418 49.573334 113.153778 -103.281296
419 49.397537 114.026871 -103.450058
420 48.518585 113.503006 -104.631378
421 48.342789 114.376114 -105.137665
422 47.991196 113.328400 -103.450058
423 46.760666 113.503006 -103.618820
424 48.694366 115.074600 -102.775009
425 49.045959 114.376114 -102.099976
426 49.397537 113.677628 -102.775009
427 49.924911 113.153778 -102.943771
428 48.166992 113.852249 -101.593689
429 48.518585 114.201492 -102.268738
430 48.870163 113.503006 -102.943771
431 48.518585 114.201492 -103.618820
432 49.221741 115.947693 -102.268738
433 47.463821 114.899979 -102.943771
434 49.221741 113.852249 -102.268738
435 48.694366 113.328400 -103.112534
436 48.342789 114.026871 -102.775009
437 49.221741 114.550735 -102.943771
438 47.463821 113.153778 -104.293854
439 47.288040 114.026871 -101.424927
440 49.573334 113.503006 -102.606262
441 48.870163 113.852249 -104.293854
442 48.342789 114.376114 -102.775009
443 46.409073 113.153778 -101.931213
444 48.694366 113.677628 -102.099976
445 48.694366 112.629913 -102.437500
446 48.870163 114.550735 -103.281296
447 47.815414 114.899979 -103.618820
448 48.342789 113.328400 -102.775009
449 48.342789 114.376114 -103.450058
450 49.045959 113.328400 -103.787582
451 49.397537 114.026871 -103.112534
452 48.342789 114.026871 -103.450058
453 48.694366 113.328400 -104.125092
454 48.870163 113.852249 -103.956345
455 48.166992 114.201492 -104.293854
456 50.276505 113.153778 -101.931213
457 48.166992 112.804535 -103.618820
458 47.639618 114.026871 -103.787582
459 47.815414 114.201492 -101.256180
460 47.112244 113.153778 -104.631378
461 48.342789 114.026871 -103.112534
462 47.815414 113.852249 -103.281296
463 48.694366 114.026871 -103.787582
464 46.936447 114.026871 -102.775009
465 48.342789 114.376114 -103.787582
466 48.870163 114.201492 -102.943771
467 48.694366 114.376114 -104.125092
468 49.221741 114.550735 -103.281296
469 49.045959 113.677628 -103.450058
470 48.342789 111.931427 -103.787582
471 48.694366 113.677628 -103.112534
472 47.463821 115.249207 -102.943771
473 48.166992 115.249207 -102.268738
474 49.221741 113.852249 -102.606262
475 49.573334 114.550735 -103.281296
476 48.694366 114.725357 -102.099976
477 50.100708 113.328400 -101.424927
478 49.397537 114.376114 -102.775009
479 49.397537 112.979156 -103.112534
480 49.749115 114.725357 -101.087418
481 47.815414 113.852249 -103.618820
482 48.694366 115.074600 -102.775009
483 47.991196 114.026871 -103.450058
484 49.221741 114.550735 -103.281296
485 48.166992 114.899979 -103.618820
486 47.815414 113.503006 -101.256180
487 49.221741 113.503006 -102.943771
488 48.166992 113.503006 -103.618820
489 47.815414 113.153778 -103.281296
490 47.815414 113.153778 -102.606262
491 48.342789 113.677628 -103.787582
492 49.045959 113.677628 -102.099976
493 48.694366 114.376114 -102.775009
494 48.518585 113.153778 -104.631378
495 48.518585 113.852249 -102.268738
496 48.166992 114.550735 -102.268738
497 49.221741 113.503006 -103.281296
498 49.749115 115.773071 -103.112534
499 47.463821 114.201492 -102.943771
500 47.639618 112.979156 -103.112534
501 49.397537 113.677628 -103.450058
502 49.573334 114.550735 -102.943771
503 48.870163 114.201492 -103.956345
504 48.870163 113.153778 -101.931213
505 48.870163 114.899979 -103.281296
506 49.573334 113.852249 -103.281296
507 50.276505 113.852249 -103.281296
508 50.100708 113.677628 -103.450058
509 48.518585 113.503006 -103.281296
510 48.694366 114.725357 -103.112534
511 48.518585 113.153778 -103.281296
512 49.573334 114.201492 -101.931213
513 48.694366 114.376114 -103.450058
514 49.221741 114.550735 -102.943771
515 48.870163 113.852249 -103.618820
516 48.694366 115.074600 -102.437500
517 49.924911 114.201492 -103.281296
518 47.815414 114.201492 -102.606262
519 49.924911 115.249207 -102.943771
520 48.870163 113.503006 -103.281296
521 49.397537 114.376114 -103.450058
522 47.288040 115.074600 -102.775009
523 49.573334 115.249207 -103.281296
524 49.573334 113.153778 -103.281296
525 48.870163 114.550735 -103.956345
526 48.342789 113.328400 -103.112534
527 48.870163 113.503006 -103.618820
528 49.749115 114.026871 -103.787582
529 47.288040 114.376114 -102.775009
530 48.518585 113.852249 -102.943771
531 49.397537 114.376114 -104.125092
532 47.288040 114.376114 -103.112534
533 48.870163 114.899979 -102.943771
534 49.221741 113.153778 -103.956345
535 49.221741 114.550735 -102.943771
536 49.749115 114.376114 -103.112534
537 48.870163 114.550735 -103.281296
538 49.045959 114.725357 -104.125092
539 49.573334 113.852249 -104.631378
540 49.924911 114.550735 -103.956345
541 47.991196 113.677628 -104.125092
542 48.518585 112.455292 -102.268738
543 49.924911 113.503006 -102.606262
544 48.694366 114.376114 -103.450058
545 48.694366 112.629913 -104.800140
546 48.518585 113.852249 -102.606262
547 49.749115 112.979156 -103.112534
548 49.749115 114.725357 -101.424927
549 48.518585 113.153778 -103.281296
550 48.518585 113.503006 -103.281296
551 49.749115 114.026871 -103.112534
552 49.045959 112.629913 -102.437500
553 48.518585 113.503006 -103.618820
554 49.397537 114.026871 -102.437500
555 49.221741 114.201492 -102.943771
556 47.815414 114.201492 -103.956345
557 47.991196 113.677628 -103.112534
558 50.628082 113.852249 -103.956345
559 48.518585 113.852249 -103.618820
560 49.749115 113.677628 -103.450058
561 47.991196 113.677628 -104.125092
562 47.639618 115.074600 -103.112534
563 49.924911 113.503006 -102.268738
564 50.276505 112.804535 -102.943771
565 48.518585 112.804535 -102.606262
566 47.991196 114.026871 -104.800140
567 49.749115 115.423828 -103.450058
568 48.166992 114.899979 -103.618820
569 48.694366 115.074600 -102.775009
570 49.221741 113.503006 -102.606262
571 47.815414 115.249207 -101.931213
572 48.870163 114.201492 -103.956345
573 48.342789 114.026871 -102.775009
574 47.463821 113.852249 -103.618820
575 49.045959 113.677628 -103.450058
576 48.518585 113.503006 -102.943771
577 48.518585 113.503006 -103.956345
578 47.991196 113.677628 -103.787582
579 47.463821 113.153778 -102.943771
580 49.749115 114.376114 -103.112534
581 49.397537 113.328400 -102.437500
582 49.045959 112.979156 -101.762451
583 48.870163 114.899979 -103.618820
584 48.694366 114.376114 -102.099976
585 48.694366 113.677628 -102.437500
586 49.045959 113.677628 -101.762451
587 48.342789 114.725357 -101.762451
588 49.045959 113.677628 -103.112534
589 47.288040 114.725357 -103.450058
590 47.639618 113.677628 -102.437500
591 48.166992 113.852249 -103.281296
592 47.815414 114.550735 -102.268738
593 49.573334 112.455292 -101.593689
594 48.870163 113.503006 -102.606262
595 49.045959 113.677628 -103.787582
596 48.870163 113.503006 -103.281296
597 49.221741 112.106049 -102.606262
598 46.936447 113.677628 -103.787582
599 48.870163 114.201492 -103.281296
600 48.166992 113.153778 -102.606262
601 50.276505 113.852249 -103.956345
602 50.276505 113.153778 -103.956345
603 47.288040 114.026871 -103.112534
604 49.045959 113.328400 -104.462616
605 48.518585 113.153778 -102.606262
606 48.694366 114.026871 -104.125092
607 48.870163 112.106049 -102.943771
608 48.342789 113.677628 -101.424927
609 48.694366 114.026871 -104.125092
610 50.452286 112.979156 -103.450058
611 50.276505 113.153778 -101.931213
612 49.397537 114.026871 -103.450058
613 48.694366 114.026871 -103.450058
614 48.518585 113.153778 -102.268738
615 49.045959 113.677628 -102.775009
616 49.221741 113.852249 -103.956345
617 49.221741 114.201492 -102.943771
618 48.342789 115.773071 -102.775009
619 49.749115 114.026871 -103.112534
620 48.166992 114.201492 -101.931213
621 48.166992 114.550735 -105.643936
622 49.749115 115.074600 -104.800140
623 46.936447 114.725357 -103.112534
624 49.573334 114.201492 -103.956345
625 47.815414 113.503006 -103.956345
626 48.518585 113.852249 -103.618820
627 49.924911 113.852249 -103.281296
628 49.045959 114.026871 -103.450058
629 47.991196 113.328400 -102.437500
630 48.518585 113.852249 -103.281296
631 48.518585 113.852249 -103.281296
632 49.749115 113.677628 -103.112534
633 48.342789 114.376114 -101.424927
634 48.518585 113.503006 -103.281296
635 47.288040 113.677628 -103.450058
636 48.870163 113.153778 -102.268738
637 49.573334 113.852249 -102.268738
638 49.045959 114.026871 -102.775009
639 49.573334 112.804535 -103.618820
640 48.518585 114.550735 -102.606262
641 47.288040 114.376114 -103.787582
642 49.749115 114.376114 -102.437500
643 48.870163 113.153778 -102.943771
644 47.991196 114.026871 -103.787582
645 48.342789 113.328400 -104.462616
646 48.518585 113.503006 -103.618820
647 48.518585 114.201492 -103.281296
648 47.815414 114.201492 -103.956345
649 48.166992 115.249207 -103.281296
650 48.870163 113.503006 -103.281296
651 49.045959 114.026871 -102.775009
652 47.991196 114.376114 -103.787582
653 48.518585 114.899979 -103.281296
654 48.166992 113.503006 -103.281296
655 47.112244 114.550735 -103.618820
656 48.870163 113.852249 -105.306427
657 48.166992 113.503006 -103.281296
658 49.573334 113.153778 -103.618820
659 48.342789 114.725357 -101.762451
660 48.694366 113.328400 -103.112534
661 47.815414 114.899979 -101.931213
662 49.573334 114.899979 -103.956345
663 49.045959 113.677628 -102.775009
664 50.803879 114.725357 -102.099976
665 48.166992 113.852249 -103.281296
666 49.045959 114.026871 -102.099976
667 47.288040 114.725357 -103.112534
668 48.518585 113.503006 -102.268738
669 49.924911 113.153778 -102.606262
670 47.991196 113.328400 -103.787582
671 48.694366 114.026871 -104.462616
672 48.166992 112.804535 -102.943771
673 48.342789 113.677628 -103.787582
674 48.342789 114.376114 -103.112534
675 49.573334 114.899979 -104.293854
676 47.991196 114.026871 -102.437500
677 49.045959 113.677628 -102.099976
678 48.694366 115.074600 -103.787582
679 47.991196 113.677628 -102.775009
680 49.045959 114.026871 -102.775009
681 48.166992 114.201492 -103.956345
682 48.166992 113.503006 -102.606262
683 47.815414 113.503006 -103.956345
684 48.518585 113.852249 -103.281296
685 47.112244 113.503006 -101.931213
686 47.639618 112.979156 -102.099976
687 48.342789 114.376114 -103.450058
688 49.221741 114.899979 -102.606262
689 49.045959 115.074600 -104.125092
690 48.694366 114.026871 -102.437500
691 49.573334 114.550735 -102.606262
692 50.979660 113.153778 -102.606262
693 48.694366 113.328400 -102.775009
694 48.166992 112.804535 -102.943771
695 49.397537 112.979156 -102.775009
696 49.045959 113.677628 -102.775009
697 49.749115 114.026871 -104.462616
698 49.045959 112.979156 -103.450058
699 48.870163 114.201492 -102.943771
700 49.045959 113.677628 -104.125092
701 49.397537 113.677628 -103.112534
702 48.518585 114.550735 -103.281296
703 48.694366 115.074600 -102.775009
704 47.815414 112.455292 -102.268738
705 49.221741 113.503006 -103.618820
706 48.518585 112.455292 -102.268738
707 48.342789 113.328400 -103.112534
708 48.166992 113.852249 -102.943771
709 49.221741 113.852249 -103.618820
710 50.803879 113.677628 -101.762451
711 47.991196 114.026871 -102.775009
712 48.870163 113.503006 -103.281296
713 48.694366 113.677628 -103.450058
714 48.870163 115.598450 -102.606262
715 48.694366 113.328400 -101.762451
716 49.045959 114.376114 -102.775009
717 47.639618 114.725357 -102.099976
718 49.045959 114.026871 -102.437500
719 48.870163 113.852249 -102.943771
720 49.924911 115.249207 -103.281296
721 48.870163 113.852249 -102.268738
722 48.518585 112.804535 -102.943771
723 49.221741 115.598450 -101.931213
724 47.815414 115.598450 -102.268738
725 48.694366 114.026871 -102.099976
726 48.870163 114.899979 -104.631378
727 49.221741 112.804535 -103.618820
728 49.221741 114.550735 -103.281296
729 48.870163 114.201492 -103.281296
730 48.166992 113.503006 -101.593689
731 48.518585 113.503006 -103.618820
732 49.221741 113.503006 -102.943771
733 48.342789 113.328400 -102.437500
734 49.045959 114.376114 -104.125092
735 48.518585 112.804535 -103.618820
736 49.045959 113.328400 -104.125092
737 48.518585 114.550735 -102.943771
738 48.518585 113.503006 -105.306427
739 48.518585 115.249207 -103.618820
740 48.518585 114.550735 -102.606262
741 48.342789 113.677628 -103.450058
742 48.694366 114.026871 -104.462616
743 49.045959 115.074600 -103.112534
744 49.221741 113.852249 -102.606262
745 49.221741 113.852249 -102.268738
746 47.991196 114.026871 -104.125092
747 48.694366 112.629913 -103.112534
748 47.991196 112.280670 -102.437500
749 48.518585 112.455292 -102.943771
750 48.342789 113.677628 -102.775009
751 48.342789 113.677628 -102.437500
752 48.518585 113.153778 -103.956345
753 49.924911 114.201492 -102.943771
754 49.397537 114.725357 -103.112534
755 49.045959 113.677628 -102.775009
756 49.045959 114.376114 -103.450058
757 49.397537 114.026871 -102.775009
758 47.463821 112.804535 -101.593689
759 50.100708 113.677628 -102.775009
760 47.815414 115.598450 -103.956345
761 47.991196 114.376114 -103.450058
762 49.045959 113.677628 -103.112534
763 48.342789 114.376114 -105.137665
764 47.991196 114.026871 -103.787582
765 49.045959 114.725357 -105.137665
766 49.045959 115.074600 -102.099976
767 50.100708 114.376114 -103.112534
768 48.870163 114.201492 -102.943771
769 49.045959 114.376114 -102.437500
770 49.573334 113.503006 -103.618820
771 47.288040 113.328400 -102.775009
772 49.221741 114.899979 -103.281296
773 48.342789 113.677628 -102.099976
774 49.045959 115.423828 -104.462616
775 48.870163 114.201492 -103.281296
776 51.155457 113.677628 -102.437500
777 48.166992 113.153778 -103.956345
778 49.045959 114.725357 -103.450058
779 49.749115 113.677628 -103.787582
780 47.463821 113.153778 -102.606262
781 48.870163 113.852249 -102.943771
782 49.397537 113.677628 -103.787582
783 47.815414 114.899979 -104.293854
784 49.221741 114.899979 -102.943771
785 48.342789 113.328400 -103.450058
786 48.694366 114.725357 -105.137665
787 48.342789 115.074600 -104.125092
788 47.991196 113.328400 -103.112534
789 49.045959 112.629913 -102.099976
790 48.166992 114.550735 -102.606262
791 48.870163 114.201492 -102.606262
792 49.397537 115.074600 -103.787582
793 50.452286 115.074600 -102.775009
794 48.694366 113.328400 -102.775009
795 48.870163 114.550735 -103.281296
796 49.749115 113.328400 -103.787582
797 47.815414 114.899979 -103.281296
798 47.991196 114.376114 -101.762451
799 49.221741 115.249207 -103.618820
800 49.045959 112.979156 -103.787582
801 49.045959 113.677628 -103.450058
802 49.221741 114.201492 -102.943771
803 49.397537 114.376114 -103.787582
804 48.694366 113.677628 -103.450058
805 49.924911 112.804535 -103.618820
806 47.112244 114.899979 -102.943771
807 48.694366 114.376114 -102.775009
808 49.221741 113.852249 -102.268738
809 48.518585 114.550735 -102.943771
810 47.463821 114.201492 -103.618820
811 48.518585 113.503006 -102.606262
812 49.749115 114.026871 -103.112534
813 47.112244 113.852249 -103.618820
814 49.045959 114.725357 -103.787582
815 49.221741 113.852249 -102.268738
816 49.221741 113.852249 -103.618820
817 49.045959 114.725357 -103.787582
818 49.045959 114.026871 -103.787582
819 48.518585 114.899979 -102.606262
820 49.397537 114.725357 -103.112534
821 50.276505 114.899979 -103.281296
822 48.870163 112.455292 -101.931213
823 48.518585 114.201492 -103.281296
824 48.694366 113.328400 -103.450058
825 48.166992 114.550735 -102.943771
826 49.045959 112.629913 -103.450058
827 50.276505 112.455292 -102.943771
828 48.342789 113.328400 -102.437500
829 47.639618 113.677628 -102.775009
830 49.045959 113.328400 -102.775009
831 48.342789 115.074600 -102.437500
832 49.045959 113.677628 -102.775009
833 50.100708 113.328400 -103.787582
834 48.518585 114.550735 -103.618820
835 47.991196 115.074600 -102.775009
836 48.694366 113.328400 -104.125092
837 48.342789 115.074600 -103.450058
838 49.573334 113.153778 -104.968903
839 48.518585 113.852249 -103.281296
840 48.518585 113.503006 -103.956345
841 48.694366 113.328400 -104.462616
842 49.221741 113.852249 -103.618820
843 48.870163 114.550735 -103.618820
844 49.397537 113.328400 -103.787582
845 48.342789 115.074600 -103.112534
846 49.045959 113.328400 -102.437500
847 50.628082 113.153778 -101.593689
848 46.760666 115.249207 -103.281296
849 48.342789 112.629913 -103.112534
850 48.342789 113.328400 -103.787582
851 49.045959 114.376114 -103.450058
852 49.749115 113.677628 -102.775009
853 48.342789 113.677628 -103.450058
854 49.573334 113.852249 -100.581131
855 47.639618 114.376114 -103.450058
856 48.342789 114.026871 -104.125092
857 49.924911 113.503006 -103.281296
858 49.573334 114.550735 -104.293854
859 48.342789 114.725357 -104.800140
860 48.870163 113.852249 -103.281296
861 49.397537 114.026871 -103.450058
862 49.397537 115.423828 -104.800140
863 48.518585 113.852249 -102.268738
864 48.694366 113.328400 -103.112534
865 48.342789 114.026871 -103.787582
866 49.924911 114.899979 -102.268738
867 49.397537 114.725357 -103.787582
868 48.166992 114.201492 -102.606262
869 49.221741 114.550735 -103.618820
870 50.276505 114.899979 -103.956345
871 48.166992 114.550735 -102.268738
872 48.166992 114.201492 -103.281296
873 49.397537 113.328400 -101.762451
874 49.045959 113.328400 -103.450058
875 48.166992 114.201492 -101.931213
876 48.342789 113.328400 -102.099976
877 50.100708 114.376114 -103.112534
878 49.045959 111.931427 -103.450058
879 47.639618 113.677628 -102.775009
880 47.991196 113.677628 -103.112534
881 48.166992 112.455292 -103.956345
882 49.045959 112.979156 -102.437500
883 48.166992 113.503006 -103.281296
884 48.166992 113.503006 -103.956345
885 48.342789 115.773071 -102.437500
886 49.045959 114.725357 -103.787582
887 48.870163 115.598450 -103.281296
888 50.100708 113.677628 -102.775009
889 50.100708 114.376114 -103.787582
890 48.870163 113.153778 -103.618820
891 49.397537 112.979156 -104.462616
892 47.815414 113.852249 -102.943771
893 47.463821 114.201492 -103.618820
894 47.991196 114.026871 -104.125092
895 48.694366 114.376114 -102.437500
896 49.045959 114.026871 -103.112534
897 47.991196 113.328400 -104.800140
898 49.045959 113.328400 -102.775009
899 49.045959 114.376114 -104.125092
900 49.397537 115.423828 -103.450058
901 48.166992 112.804535 -104.293854
902 49.045959 113.677628 -103.450058
903 47.639618 115.074600 -103.787582
904 49.045959 114.026871 -103.450058
905 47.463821 113.852249 -103.956345
906 49.221741 114.899979 -103.618820
907 49.397537 112.629913 -103.787582
908 49.749115 113.328400 -103.787582
909 46.233276 114.725357 -103.787582
910 48.518585 113.852249 -103.281296
911 48.870163 113.852249 -102.943771
912 48.870163 114.550735 -102.268738
913 48.870163 113.503006 -102.943771
914 49.573334 112.804535 -102.606262
915 49.397537 114.026871 -104.125092
916 49.221741 113.852249 -102.606262
917 49.749115 114.376114 -103.112534
918 49.749115 114.026871 -102.437500
919 48.166992 113.503006 -103.618820
920 48.518585 113.503006 -103.618820
921 49.924911 115.249207 -102.943771
922 47.112244 113.852249 -102.606262
923 48.870163 114.201492 -101.931213
924 49.397537 112.280670 -103.450058
925 49.749115 115.074600 -103.450058
926 47.991196 114.376114 -103.787582
927 49.045959 114.725357 -103.450058
928 47.639618 114.026871 -102.775009
929 48.342789 112.979156 -102.099976
930 49.045959 114.725357 -101.762451
931 48.342789 115.423828 -102.099976
932 47.815414 114.201492 -103.618820
933 47.815414 112.804535 -103.618820
934 49.397537 114.026871 -103.112534
935 49.045959 114.725357 -102.437500
936 49.397537 112.629913 -102.775009
937 49.221741 114.550735 -102.606262
938 50.276505 115.249207 -104.631378
939 48.870163 112.804535 -103.956345
940 47.991196 113.677628 -102.775009
941 50.100708 113.677628 -102.099976
942 47.991196 112.979156 -102.437500
943 48.870163 114.899979 -103.618820
944 48.694366 114.376114 -103.787582
945 47.815414 113.852249 -102.943771
946 49.749115 113.328400 -102.775009
947 49.045959 114.026871 -102.437500
948 49.221741 113.503006 -103.618820
949 48.342789 115.074600 -104.125092
950 48.870163 113.503006 -103.281296
951 49.045959 115.074600 -103.787582
952 47.639618 114.725357 -104.800140
953 49.749115 114.725357 -102.437500
954 47.112244 114.201492 -103.618820
955 49.749115 113.677628 -102.437500
956 46.936447 113.328400 -103.787582
957 49.749115 115.074600 -103.112534
958 47.815414 114.201492 -103.281296
959 48.694366 115.423828 -104.125092
960 49.397537 113.677628 -104.125092
961 49.573334 113.852249 -102.606262
962 49.397537 114.026871 -103.450058
963 50.100708 113.677628 -103.787582
964 49.045959 113.677628 -103.450058
965 49.749115 113.328400 -103.787582
966 47.639618 115.074600 -103.112534
967 49.573334 113.852249 -102.943771
968 48.166992 113.852249 -102.943771
969 49.045959 114.026871 -104.125092
970 48.518585 113.503006 -101.931213
971 47.463821 113.852249 -103.281296
972 49.045959 113.328400 -103.787582
973 47.639618 113.328400 -102.437500
974 48.342789 114.376114 -102.775009
975 49.221741 114.899979 -104.293854
976 48.518585 113.852249 -103.281296
977 49.045959 115.074600 -103.112534
978 49.573334 114.550735 -102.268738
979 49.749115 112.629913 -104.462616
980 49.045959 113.328400 -102.099976
981 48.518585 112.804535 -102.943771
982 49.573334 114.899979 -103.281296
983 48.518585 114.201492 -102.943771
984 49.045959 114.376114 -104.125092
985 48.342789 113.677628 -103.450058
986 48.694366 113.328400 -103.450058
987 46.936447 114.376114 -103.112534
988 47.288040 114.376114 -104.462616
989 49.749115 112.979156 -102.775009
990 47.815414 113.503006 -102.606262
991 47.991196 113.677628 -105.137665
992 48.342789 114.725357 -104.125092
993 50.452286 114.376114 -103.450058
994 49.749115 114.376114 -104.462616
995 47.288040 114.026871 -102.775009
996 48.694366 114.725357 -104.462616
997 49.221741 114.201492 -103.956345
998 49.749115 113.677628 -102.775009
999 48.694366 112.979156 -104.462616
1000 50.100708 112.979156 -105.137665
1001 50.100708 114.026871 -104.462616
1002 47.991196 114.376114 -103.450058
1003 47.815414 113.852249 -103.281296
1004 48.518585 113.153778 -103.618820
1005 48.694366 113.677628 -102.437500
1006 47.815414 113.503006 -102.606262
1007 49.397537 114.376114 -103.450058
1008 48.870163 113.503006 -103.956345
1009 48.870163 112.804535 -101.931213
1010 50.452286 114.376114 -103.450058
1011 48.166992 114.201492 -102.943771
1012 48.166992 113.153778 -102.606262
1013 49.221741 113.852249 -104.293854
1014 49.221741 113.153778 -102.606262
1015 48.870163 114.899979 -103.281296
1016 48.694366 115.074600 -104.462616
1017 49.749115 113.677628 -103.787582
1018 48.694366 115.423828 -104.125092
1019 48.694366 112.979156 -103.787582
1020 47.463821 114.550735 -104.293854
1021 47.815414 114.899979 -103.956345
1022 48.870163 115.249207 -104.293854
1023 47.815414 114.899979 -102.943771
1024 48.166992 114.550735 -103.956345
1025 48.166992 113.503006 -103.956345
1026 47.463821 113.153778 -103.618820
1027 48.166992 113.503006 -102.606262
1028 49.045959 114.026871 -102.775009
1029 48.518585 114.201492 -103.281296
1030 47.463821 113.852249 -103.956345
1031 48.166992 113.852249 -103.956345
1032 48.166992 114.899979 -102.943771
1033 47.288040 114.026871 -103.112534
1034 48.342789 113.328400 -103.112534
1035 49.749115 113.677628 -102.775009
1036 48.518585 113.852249 -102.268738
