1 49.221741 113.852249 -102.606262
2 49.924911 114.201492 -102.943771
3 49.045959 112.629913 -102.437500
4 49.573334 115.249207 -103.281296
5 48.870163 114.550735 -102.606262
6 48.342789 113.328400 -103.787582
7 50.100708 113.328400 -102.775009
8 47.991196 113.328400 -103.787582
9 48.518585 113.503006 -103.956345
10 48.518585 113.852249 -102.943771
11 48.870163 114.201492 -104.631378
12 48.518585 113.503006 -103.956345
13 48.870163 112.804535 -102.268738
14 47.288040 113.677628 -102.099976
15 47.639618 114.026871 -104.125092
16 48.342789 114.026871 -103.112534
17 48.518585 114.550735 -103.281296
18 48.870163 114.899979 -102.943771
19 48.518585 114.201492 -104.968903
20 47.639618 113.328400 -103.787582
21 49.749115 114.026871 -103.787582
22 48.342789 113.677628 -102.099976
23 49.573334 113.852249 -103.618820
24 48.342789 114.026871 -102.437500
25 48.518585 113.852249 -102.606262
26 49.221741 114.899979 -101.931213
27 49.749115 114.026871 -102.775009
28 50.276505 113.503006 -103.618820
29 49.573334 113.503006 -103.618820
30 48.518585 115.947693 -103.281296
31 48.342789 113.677628 -102.437500
32 49.573334 113.852249 -103.281296
33 47.991196 112.979156 -103.787582
34 49.045959 112.280670 -103.787582
35 48.166992 114.899979 -102.943771
36 49.397537 113.328400 -103.112534
37 49.221741 112.455292 -102.606262
38 47.815414 112.106049 -102.943771
39 49.045959 114.026871 -104.125092
40 49.221741 113.503006 -102.943771
41 48.694366 114.725357 -102.437500
42 49.749115 112.629913 -102.099976
43 49.397537 112.280670 -104.125092
44 48.342789 113.328400 -101.762451
45 48.342789 112.979156 -103.787582
46 49.397537 113.677628 -103.450058
47 49.221741 115.249207 -102.943771
48 49.924911 113.852249 -103.281296
49 50.276505 114.899979 -102.606262
50 49.045959 112.979156 -102.775009
51 49.397537 115.074600 -102.437500
52 49.045959 112.979156 -103.787582
53 48.518585 112.455292 -103.281296
54 47.463821 114.201492 -101.931213
55 48.694366 113.328400 -103.112534
56 48.166992 113.852249 -103.281296
57 49.045959 114.376114 -103.450058
58 48.870163 114.899979 -103.618820
59 49.924911 112.804535 -102.268738
60 49.924911 114.550735 -102.606262
61 49.397537 114.026871 -102.775009
62 48.870163 113.503006 -103.281296
63 48.342789 112.979156 -103.112534
64 48.166992 113.852249 -105.306427
65 46.760666 113.503006 -102.268738
66 49.397537 114.026871 -103.450058
67 48.518585 113.852249 -103.618820
68 49.045959 114.725357 -102.437500
69 49.924911 113.852249 -103.618820
70 48.870163 112.804535 -104.293854
71 47.991196 112.979156 -103.450058
72 48.518585 113.852249 -103.618820
73 48.870163 113.852249 -103.281296
74 48.870163 115.249207 -104.631378
75 49.397537 115.074600 -102.775009
76 48.342789 114.026871 -101.762451
77 48.518585 113.503006 -103.618820
78 47.463821 113.503006 -103.618820
79 47.815414 113.852249 -103.618820
80 49.221741 112.455292 -104.631378
81 48.342789 113.677628 -103.787582
82 48.518585 114.201492 -103.281296
83 47.991196 112.629913 -102.099976
84 49.221741 113.852249 -102.943771
85 48.870163 112.455292 -102.606262
86 48.166992 115.598450 -103.618820
87 48.870163 115.249207 -103.956345
88 49.221741 114.201492 -104.293854
89 48.166992 113.153778 -104.968903
90 48.518585 113.503006 -102.268738
91 48.870163 113.153778 -103.956345
92 46.584869 114.026871 -102.775009
93 50.628082 113.503006 -102.268738
94 48.694366 112.979156 -103.787582
95 49.221741 114.201492 -103.281296
96 49.045959 116.122314 -103.450058
97 48.694366 115.074600 -103.112534
98 48.518585 113.503006 -104.631378
99 47.815414 111.756821 -104.631378
100 49.397537 113.677628 -102.775009
101 48.342789 114.725357 -103.787582
102 49.573334 113.503006 -103.618820
103 47.815414 114.201492 -102.606262
104 49.221741 113.852249 -102.606262
105 48.694366 114.725357 -103.112534
106 47.991196 113.677628 -103.787582
107 47.463821 114.550735 -102.943771
108 48.870163 114.550735 -104.631378
109 47.639618 115.074600 -103.787582
110 48.166992 115.249207 -102.268738
111 49.573334 113.503006 -103.281296
112 48.518585 114.550735 -102.606262
113 48.870163 113.852249 -102.943771
114 49.397537 114.026871 -103.450058
115 48.694366 114.376114 -104.462616
116 48.342789 112.979156 -103.787582
117 48.166992 114.201492 -103.956345
118 47.991196 114.725357 -102.437500
119 49.749115 112.979156 -102.437500
120 50.100708 112.629913 -104.125092
121 48.342789 113.677628 -103.112534
122 49.045959 113.677628 -103.450058
123 48.342789 114.725357 -103.112534
124 49.573334 113.852249 -102.606262
125 48.694366 114.026871 -101.762451
126 49.221741 114.201492 -103.281296
127 48.870163 112.455292 -102.943771
128 48.166992 115.249207 -103.281296
129 47.463821 114.550735 -103.618820
130 48.694366 113.328400 -103.112534
131 49.573334 114.550735 -103.281296
132 47.639618 114.026871 -102.775009
133 49.221741 114.550735 -102.943771
134 48.166992 114.899979 -102.606262
135 48.694366 113.677628 -102.437500
136 47.288040 114.725357 -103.450058
137 49.045959 113.328400 -103.112534
138 48.166992 112.804535 -103.281296
139 48.342789 114.376114 -102.775009
140 49.397537 113.677628 -101.762451
141 49.397537 114.026871 -102.775009
142 49.221741 113.153778 -103.956345
143 48.870163 113.503006 -104.631378
144 48.342789 114.026871 -103.787582
145 49.924911 114.201492 -103.281296
146 49.221741 115.249207 -103.618820
147 49.221741 114.550735 -102.606262
148 47.463821 113.503006 -103.618820
149 48.518585 114.201492 -102.606262
150 47.288040 113.677628 -103.112534
151 48.694366 115.074600 -102.775009
152 47.463821 114.201492 -104.293854
153 47.463821 113.852249 -103.956345
154 48.694366 113.677628 -102.775009
155 48.870163 114.201492 -104.293854
156 48.166992 114.201492 -103.618820
157 49.045959 114.376114 -103.112534
158 49.397537 114.725357 -103.787582
159 49.924911 114.550735 -103.281296
160 48.870163 113.153778 -102.943771
161 48.518585 113.852249 -101.931213
162 50.628082 113.852249 -103.956345
163 49.045959 113.328400 -102.775009
164 48.694366 114.725357 -102.775009
165 49.221741 113.503006 -102.606262
166 48.694366 114.026871 -103.450058
167 48.870163 113.153778 -101.931213
168 48.342789 112.979156 -102.775009
169 49.221741 113.503006 -104.293854
170 48.518585 113.852249 -103.618820
171 48.342789 114.376114 -103.450058
172 49.221741 113.852249 -103.956345
173 48.870163 113.852249 -103.281296
174 47.815414 113.503006 -103.618820
175 48.342789 114.026871 -103.112534
176 48.166992 114.899979 -103.281296
177 49.573334 112.106049 -102.606262
178 48.342789 113.677628 -103.787582
179 48.870163 115.249207 -103.281296
180 49.221741 113.153778 -102.268738
181 48.694366 114.026871 -104.462616
182 48.518585 113.153778 -103.956345
183 48.342789 114.026871 -104.462616
184 49.573334 113.852249 -103.281296
185 49.397537 114.026871 -103.112534
186 48.518585 114.201492 -103.618820
187 48.694366 113.677628 -103.112534
188 48.166992 113.503006 -102.943771
189 49.397537 113.328400 -103.112534
190 47.991196 114.026871 -103.112534
191 47.991196 112.979156 -103.112534
192 50.100708 114.376114 -104.462616
193 48.870163 113.852249 -104.293854
194 48.342789 114.725357 -102.775009
195 49.924911 114.201492 -104.968903
196 49.573334 114.201492 -103.618820
197 49.221741 113.852249 -102.606262
198 48.870163 113.852249 -104.293854
199 49.397537 114.376114 -103.112534
200 47.815414 113.852249 -102.606262
201 49.221741 113.503006 -104.293854
202 50.276505 113.153778 -102.943771
203 48.694366 113.677628 -102.437500
204 47.991196 113.677628 -102.775009
205 48.166992 114.201492 -102.606262
206 48.342789 113.677628 -103.450058
207 48.870163 113.503006 -103.281296
208 49.221741 114.201492 -103.956345
209 50.276505 114.899979 -101.931213
210 48.166992 113.852249 -102.943771
211 47.815414 114.550735 -100.243607
212 48.870163 112.804535 -103.618820
213 50.100708 114.026871 -102.775009
214 49.045959 114.376114 -103.787582
215 48.342789 113.677628 -103.787582
216 47.815414 113.503006 -102.268738
217 48.342789 113.677628 -103.112534
218 48.342789 113.328400 -103.112534
219 49.045959 112.979156 -104.800140
220 48.694366 114.376114 -103.112534
221 48.342789 114.376114 -105.137665
222 47.991196 113.328400 -103.112534
223 47.991196 113.328400 -104.125092
224 47.639618 114.026871 -103.112534
225 50.452286 114.026871 -103.787582
226 48.694366 114.376114 -104.125092
227 49.573334 114.550735 -103.618820
228 48.342789 112.979156 -103.450058
229 47.639618 115.773071 -102.775009
230 48.342789 115.074600 -103.450058
231 49.045959 112.979156 -103.450058
232 49.045959 114.376114 -102.437500
233 50.100708 114.376114 -102.099976
234 47.463821 112.804535 -102.943771
235 47.815414 112.106049 -102.606262
236 49.221741 112.455292 -103.956345
237 49.397537 112.979156 -104.462616
238 49.045959 112.979156 -103.450058
239 47.463821 113.153778 -102.943771
240 48.870163 115.598450 -103.281296
241 49.045959 113.677628 -102.775009
242 48.870163 114.201492 -103.281296
243 48.870163 114.899979 -103.956345
244 47.815414 114.550735 -102.268738
245 48.342789 114.725357 -101.762451
246 49.397537 113.677628 -102.775009
247 49.221741 113.852249 -103.281296
248 48.870163 113.153778 -103.618820
249 49.749115 112.280670 -103.787582
250 48.870163 113.503006 -102.943771
251 50.276505 114.550735 -102.606262
252 50.979660 113.852249 -102.606262
253 49.045959 114.376114 -102.775009
254 47.991196 114.026871 -104.462616
255 48.518585 114.550735 -103.956345
256 48.870163 113.852249 -102.943771
257 48.518585 113.503006 -103.956345
258 49.573334 114.550735 -101.931213
259 49.573334 113.503006 -102.606262
260 48.166992 113.852249 -104.631378
261 49.397537 113.677628 -104.125092
262 48.518585 114.550735 -103.956345
263 48.342789 113.328400 -103.787582
264 47.288040 114.026871 -103.787582
265 49.221741 114.899979 -103.281296
266 49.221741 114.550735 -103.281296
267 48.166992 112.804535 -102.943771
268 48.694366 115.074600 -101.424927
269 48.166992 113.852249 -102.606262
270 48.166992 112.804535 -103.281296
271 48.870163 113.852249 -104.293854
272 48.518585 114.899979 -103.956345
273 49.924911 114.550735 -103.281296
274 48.694366 114.026871 -103.450058
275 48.694366 113.677628 -104.800140
276 49.045959 113.328400 -102.099976
277 47.639618 113.677628 -105.137665
278 50.100708 112.629913 -102.775009
279 48.166992 112.455292 -103.281296
280 49.221741 113.503006 -103.956345
281 49.221741 113.852249 -103.618820
282 49.749115 114.026871 -104.125092
283 47.463821 114.550735 -103.281296
284 49.924911 113.852249 -102.606262
285 48.870163 113.852249 -102.606262
286 49.573334 113.153778 -101.931213
287 48.342789 114.376114 -103.112534
288 48.694366 113.328400 -103.787582
289 49.397537 113.677628 -103.112534
290 49.397537 113.328400 -104.125092
291 49.045959 113.328400 -102.775009
292 48.694366 114.376114 -103.450058
293 47.639618 112.979156 -105.137665
294 48.166992 114.899979 -103.618820
295 49.397537 112.979156 -103.450058
296 48.166992 114.550735 -104.293854
297 48.342789 114.725357 -103.787582
298 48.694366 114.725357 -102.775009
299 48.870163 112.804535 -102.606262
300 48.166992 113.852249 -104.631378
301 48.166992 113.503006 -103.618820
302 48.870163 113.153778 -102.943771
303 47.815414 112.804535 -103.618820
304 49.221741 112.804535 -104.293854
305 47.991196 114.026871 -103.787582
306 49.397537 114.725357 -103.450058
307 48.518585 113.852249 -104.631378
308 49.397537 113.328400 -104.462616
309 49.221741 114.899979 -103.618820
310 49.573334 113.503006 -103.281296
311 49.573334 112.455292 -103.618820
312 48.342789 112.280670 -103.450058
313 48.518585 113.852249 -102.943771
314 48.342789 114.026871 -104.462616
315 48.166992 113.503006 -104.631378
316 49.397537 112.979156 -103.787582
317 49.573334 114.201492 -103.618820
318 48.518585 113.503006 -103.956345
319 49.045959 113.677628 -102.099976
320 49.045959 114.026871 -103.112534
321 49.749115 113.328400 -103.787582
322 50.276505 114.201492 -102.943771
323 47.639618 113.328400 -103.450058
324 48.870163 113.852249 -103.956345
325 50.452286 114.026871 -103.787582
326 48.694366 113.677628 -103.450058
327 49.573334 112.804535 -103.281296
328 48.870163 115.249207 -103.618820
329 47.288040 113.328400 -102.437500
330 47.815414 113.503006 -103.618820
331 49.221741 113.852249 -102.606262
332 47.288040 112.979156 -104.462616
333 48.694366 113.677628 -103.787582
334 47.288040 113.328400 -103.450058
335 49.397537 114.725357 -103.450058
336 49.397537 114.026871 -103.450058
337 49.397537 114.376114 -103.112534
338 47.463821 113.852249 -103.281296
339 49.221741 114.550735 -103.281296
340 47.639618 113.677628 -103.112534
341 47.288040 115.074600 -103.450058
342 48.342789 113.328400 -103.450058
343 50.100708 114.026871 -105.137665
344 48.166992 114.899979 -104.293854
345 48.870163 113.852249 -103.281296
346 49.397537 114.026871 -104.125092
347 49.045959 114.376114 -104.125092
348 48.518585 115.598450 -103.956345
349 48.166992 114.201492 -102.606262
350 49.221741 114.201492 -103.281296
351 48.870163 114.201492 -103.281296
352 46.936447 115.074600 -103.112534
353 48.166992 114.899979 -103.956345
354 48.166992 113.852249 -103.618820
355 48.166992 113.852249 -101.931213
356 49.221741 114.899979 -103.618820
357 48.870163 113.852249 -103.618820
358 49.397537 114.026871 -104.125092
359 48.518585 113.153778 -103.281296
360 48.342789 114.026871 -104.125092
361 49.221741 113.852249 -102.606262
362 49.045959 112.629913 -103.112534
363 49.045959 114.026871 -102.437500
364 49.397537 113.328400 -102.775009
365 48.518585 112.804535 -102.943771
366 48.694366 114.376114 -103.450058
367 48.342789 111.931427 -104.125092
368 50.100708 113.677628 -102.775009
369 47.815414 114.201492 -103.618820
370 47.991196 114.725357 -102.775009
371 49.573334 114.550735 -103.281296
372 48.342789 112.629913 -102.099976
373 49.221741 114.201492 -103.618820
374 48.694366 115.074600 -104.125092
375 47.639618 114.376114 -102.099976
376 48.166992 112.106049 -103.618820
377 47.991196 112.979156 -102.099976
378 48.342789 113.328400 -104.125092
379 47.991196 114.026871 -104.462616
380 49.749115 113.677628 -103.450058
381 48.518585 113.153778 -103.618820
382 48.342789 114.376114 -102.775009
383 48.518585 114.550735 -101.931213
384 49.221741 114.550735 -103.281296
385 47.815414 114.201492 -104.293854
386 48.870163 113.503006 -103.281296
387 49.397537 113.328400 -103.450058
388 47.112244 113.852249 -102.606262
389 49.749115 113.677628 -103.112534
390 49.045959 112.979156 -103.450058
391 48.694366 114.026871 -102.099976
392 50.100708 112.979156 -102.775009
393 48.870163 113.852249 -103.956345
394 48.166992 113.153778 -103.618820
395 48.870163 114.550735 -101.931213
396 47.639618 112.979156 -103.112534
397 49.397537 113.677628 -102.437500
398 49.045959 114.376114 -103.450058
399 49.045959 114.376114 -102.775009
400 47.463821 111.756821 -104.631378
401 47.639618 114.026871 -103.112534
402 49.397537 114.376114 -103.112534
403 47.991196 113.677628 -102.437500
404 48.518585 112.804535 -103.281296
405 48.518585 114.201492 -102.268738
406 49.573334 113.153778 -103.281296
407 47.815414 113.852249 -103.281296
408 48.518585 113.153778 -103.281296
409 49.397537 114.376114 -102.775009
410 47.991196 112.280670 -103.112534
411 48.870163 113.153778 -102.268738
412 49.397537 113.677628 -103.112534
413 50.100708 114.725357 -102.099976
414 49.045959 114.026871 -103.787582
415 47.815414 113.153778 -102.268738
416 48.870163 114.899979 -102.606262
417 48.342789 113.677628 -102.775009
418 48.870163 114.201492 -103.281296
419 48.694366 112.979156 -101.762451
420 47.463821 112.455292 -104.968903
421 49.749115 114.376114 -102.775009
422 48.342789 114.026871 -102.437500
423 47.639618 114.026871 -102.437500
424 47.991196 112.979156 -103.450058
425 48.342789 114.026871 -104.462616
426 49.397537 114.376114 -104.125092
427 49.045959 113.328400 -103.787582
428 48.870163 114.201492 -102.606262
429 47.991196 114.026871 -103.112534
430 47.639618 114.725357 -103.112534
431 48.518585 114.201492 -103.618820
432 49.397537 113.328400 -103.787582
433 49.045959 113.328400 -103.787582
434 49.573334 114.550735 -102.943771
435 48.694366 113.328400 -103.450058
436 49.045959 113.677628 -103.450058
437 47.639618 113.677628 -102.437500
438 49.045959 114.376114 -103.787582
439 50.803879 113.677628 -103.787582
440 48.870163 115.598450 -102.606262
441 50.452286 114.026871 -102.437500
442 47.991196 112.979156 -102.775009
443 50.100708 114.376114 -104.125092
444 49.749115 112.979156 -104.462616
445 48.870163 113.153778 -102.606262
446 47.112244 113.503006 -103.281296
447 47.815414 113.503006 -103.281296
448 49.045959 114.026871 -103.787582
449 50.452286 114.725357 -104.125092
450 48.870163 114.201492 -102.943771
451 48.870163 112.804535 -104.293854
452 49.573334 113.852249 -102.268738
453 48.694366 112.629913 -105.137665
454 48.694366 115.074600 -103.450058
455 48.870163 115.598450 -103.281296
456 48.870163 113.503006 -103.281296
457 47.815414 114.899979 -104.631378
458 48.166992 113.503006 -103.956345
459 49.045959 115.074600 -104.462616
460 48.870163 114.550735 -103.956345
461 49.573334 115.249207 -101.931213
462 48.166992 113.153778 -104.293854
463 49.045959 113.677628 -101.424927
464 47.991196 113.328400 -103.450058
465 49.397537 114.026871 -102.099976
466 49.924911 114.550735 -103.618820
467 48.694366 114.026871 -103.112534
468 48.166992 113.852249 -103.281296
469 48.518585 114.899979 -102.943771
470 48.518585 113.503006 -103.956345
471 49.045959 114.376114 -102.437500
472 48.518585 113.153778 -102.606262
473 48.342789 115.074600 -102.437500
474 49.924911 113.503006 -103.618820
475 47.815414 115.249207 -103.618820
476 50.803879 114.026871 -104.125092
477 48.166992 113.503006 -102.943771
478 48.870163 113.503006 -102.943771
479 49.573334 113.852249 -103.956345
480 48.518585 112.455292 -103.618820
481 49.221741 114.201492 -102.943771
482 48.518585 115.249207 -103.281296
483 48.166992 113.503006 -102.943771
484 48.342789 115.074600 -104.125092
485 49.573334 115.947693 -103.956345
486 48.518585 114.201492 -103.956345
487 47.639618 114.376114 -102.437500
488 49.397537 112.979156 -103.450058
489 48.342789 113.677628 -104.800140
490 48.518585 113.852249 -103.281296
491 47.991196 114.026871 -104.125092
492 48.342789 113.677628 -102.437500
493 48.342789 114.725357 -103.787582
494 48.694366 114.376114 -103.112534
495 48.166992 115.249207 -103.618820
496 49.045959 114.376114 -103.787582
497 48.870163 113.503006 -102.943771
498 48.342789 113.328400 -103.450058
499 48.518585 114.899979 -102.943771
500 48.694366 113.677628 -103.450058
501 48.694366 113.677628 -102.099976
502 48.166992 114.899979 -102.606262
503 49.221741 114.201492 -103.618820
504 49.749115 112.979156 -104.125092
505 48.166992 113.153778 -103.956345
506 49.045959 112.979156 -102.099976
507 48.694366 114.725357 -102.775009
508 48.518585 113.153778 -103.618820
509 48.342789 113.328400 -103.787582
510 49.221741 112.804535 -103.618820
511 47.639618 113.677628 -103.112534
512 48.166992 114.201492 -102.268738
513 48.518585 113.153778 -103.618820
514 48.694366 112.979156 -103.112534
515 48.342789 112.979156 -103.112534
516 47.991196 114.376114 -104.125092
517 46.584869 113.328400 -102.775009
518 48.342789 114.026871 -103.787582
519 48.342789 112.979156 -103.787582
520 48.166992 112.804535 -104.631378
521 49.045959 115.074600 -102.437500
522 49.221741 114.550735 -104.968903
523 47.639618 113.328400 -104.462616
524 47.815414 115.598450 -103.618820
525 47.991196 115.074600 -103.787582
526 49.749115 114.376114 -103.112534
527 48.518585 114.550735 -103.956345
528 48.518585 114.201492 -102.943771
529 49.749115 112.280670 -103.787582
530 47.991196 112.979156 -102.775009
531 49.924911 113.503006 -102.943771
532 49.221741 113.153778 -104.631378
533 48.694366 114.376114 -103.450058
534 49.045959 114.026871 -103.112534
535 47.815414 113.503006 -103.618820
536 48.518585 113.852249 -103.618820
537 48.870163 113.852249 -101.593689
538 48.694366 112.979156 -102.775009
539 48.342789 114.725357 -103.450058
540 49.573334 114.201492 -101.931213
541 48.166992 113.503006 -102.943771
542 48.518585 113.503006 -103.956345
543 48.694366 114.026871 -104.462616
544 47.991196 112.629913 -103.787582
545 48.518585 113.153778 -102.606262
546 47.463821 113.503006 -101.931213
547 48.518585 114.201492 -103.281296
548 48.870163 113.503006 -103.281296
549 48.518585 113.503006 -103.281296
550 48.870163 114.201492 -104.293854
551 48.870163 113.852249 -102.943771
552 47.991196 114.376114 -103.450058
553 48.342789 115.074600 -105.137665
554 48.870163 112.455292 -102.943771
555 47.112244 113.852249 -103.956345
556 47.639618 114.026871 -103.112534
557 48.870163 114.899979 -103.618820
558 47.639618 113.328400 -104.462616
559 49.397537 113.677628 -103.112534
560 49.221741 113.503006 -102.268738
561 48.166992 113.852249 -103.956345
562 48.518585 114.201492 -102.606262
563 48.518585 112.804535 -103.956345
564 47.288040 114.026871 -102.775009
565 49.045959 114.376114 -104.125092
566 49.749115 113.677628 -101.762451
567 48.694366 113.328400 -103.787582
568 48.166992 114.550735 -102.943771
569 48.342789 112.629913 -103.787582
570 48.166992 114.201492 -101.931213
571 48.342789 114.026871 -102.099976
572 49.045959 112.629913 -103.450058
573 48.342789 115.074600 -102.437500
574 48.518585 113.503006 -103.956345
575 50.100708 112.979156 -103.112534
576 48.694366 115.423828 -102.775009
577 48.870163 113.503006 -103.618820
578 49.397537 112.280670 -104.125092
579 47.639618 112.979156 -104.462616
580 48.870163 113.852249 -102.606262
581 49.573334 115.249207 -103.281296
582 49.221741 114.201492 -103.281296
583 48.518585 113.153778 -103.281296
584 48.166992 113.503006 -102.606262
585 47.991196 113.328400 -102.775009
586 48.518585 113.153778 -103.956345
587 48.518585 113.852249 -102.943771
588 48.694366 114.026871 -102.775009
589 48.518585 113.503006 -104.293854
590 48.518585 113.153778 -102.943771
591 50.452286 115.074600 -103.112534
592 47.815414 113.852249 -104.293854
593 48.870163 114.201492 -103.956345
594 48.518585 112.455292 -103.281296
595 49.749115 114.376114 -103.450058
596 48.342789 114.026871 -103.112534
597 49.045959 114.026871 -104.125092
598 48.694366 113.677628 -102.437500
599 48.518585 112.106049 -101.931213
600 47.288040 114.026871 -103.450058
601 49.045959 114.026871 -104.462616
602 48.870163 113.852249 -103.281296
603 48.694366 114.026871 -102.775009
604 49.749115 113.677628 -104.125092
605 48.518585 113.852249 -102.606262
606 49.221741 114.550735 -103.281296
607 49.397537 114.026871 -104.125092
608 49.221741 114.201492 -103.618820
609 48.694366 115.074600 -103.112534
610 49.397537 113.677628 -104.462616
611 49.573334 113.153778 -103.618820
612 49.045959 113.677628 -103.450058
613 48.342789 113.677628 -104.462616
614 47.991196 112.979156 -104.462616
615 48.518585 114.201492 -102.268738
616 48.518585 113.852249 -102.268738
617 48.694366 114.376114 -103.787582
618 49.397537 114.376114 -103.787582
619 47.991196 115.773071 -102.775009
620 48.166992 114.201492 -103.281296
621 47.639618 114.376114 -104.125092
622 49.045959 113.677628 -103.787582
623 49.221741 114.899979 -103.281296
624 49.045959 115.074600 -102.099976
625 48.518585 113.503006 -103.618820
626 47.815414 113.852249 -104.293854
627 49.397537 115.074600 -104.125092
628 48.342789 114.026871 -103.112534
629 49.045959 114.376114 -102.437500
630 48.166992 113.153778 -104.293854
631 49.573334 116.296936 -103.956345
632 49.045959 114.376114 -103.450058
633 47.991196 112.629913 -103.450058
634 49.045959 113.677628 -103.112534
635 49.045959 114.376114 -103.112534
636 49.045959 114.026871 -102.775009
637 48.166992 114.899979 -102.606262
638 48.518585 112.804535 -102.943771
639 48.518585 113.852249 -103.956345
640 47.639618 114.376114 -103.112534
641 47.463821 112.106049 -102.268738
642 48.342789 113.328400 -104.462616
643 50.452286 114.376114 -102.437500
644 47.288040 115.423828 -103.112534
645 49.045959 114.725357 -103.112534
646 50.100708 113.677628 -103.450058
647 49.221741 113.852249 -103.281296
648 49.573334 113.852249 -104.293854
649 49.749115 113.328400 -103.787582
650 50.100708 115.074600 -103.450058
651 48.870163 113.153778 -102.268738
652 49.221741 114.201492 -103.956345
653 47.463821 113.503006 -103.281296
654 48.870163 113.153778 -103.956345
655 48.870163 114.899979 -104.293854
656 48.870163 113.852249 -102.606262
657 49.573334 113.852249 -103.956345
658 49.221741 113.852249 -102.943771
659 48.694366 114.026871 -103.787582
660 49.924911 114.550735 -102.606262
661 47.991196 114.725357 -102.775009
662 48.870163 112.804535 -104.293854
663 48.166992 112.106049 -101.593689
664 47.288040 114.376114 -103.450058
665 48.166992 115.598450 -102.606262
666 48.518585 114.550735 -103.956345
667 49.397537 112.979156 -103.112534
668 48.518585 114.201492 -104.293854
669 48.870163 114.201492 -102.943771
670 48.694366 114.026871 -104.125092
671 48.342789 113.677628 -102.099976
672 48.166992 114.899979 -103.956345
673 49.221741 114.550735 -102.943771
674 48.518585 114.201492 -102.943771
675 48.518585 113.503006 -103.618820
676 49.221741 114.201492 -104.293854
677 48.166992 113.503006 -104.968903
678 49.221741 114.201492 -104.293854
679 49.221741 114.550735 -101.931213
680 48.518585 112.804535 -102.943771
681 48.166992 114.899979 -102.943771
682 48.870163 113.503006 -103.618820
683 49.045959 114.026871 -102.099976
684 47.639618 113.677628 -102.099976
685 48.518585 115.947693 -102.943771
686 48.166992 114.201492 -102.606262
687 49.045959 115.074600 -103.112534
688 48.870163 113.153778 -103.281296
689 47.991196 113.328400 -103.787582
690 48.694366 113.677628 -105.475174
691 50.100708 114.376114 -104.462616
692 49.045959 114.026871 -103.450058
693 48.166992 114.550735 -103.618820
694 47.815414 113.852249 -103.281296
695 47.991196 113.677628 -102.437500
696 48.870163 113.503006 -103.956345
697 47.991196 114.725357 -104.462616
698 49.749115 115.074600 -103.112534
699 48.166992 113.852249 -104.631378
700 49.397537 115.773071 -103.787582
701 47.639618 113.328400 -102.775009
702 48.518585 113.503006 -102.268738
703 49.573334 113.852249 -103.618820
704 49.573334 114.550735 -104.631378
705 47.991196 112.979156 -103.112534
706 47.991196 114.026871 -103.450058
707 49.573334 114.201492 -103.956345
708 48.694366 113.677628 -101.424927
709 47.991196 113.677628 -104.462616
710 48.694366 114.725357 -104.462616
711 47.815414 114.201492 -103.618820
712 48.870163 113.503006 -102.943771
713 47.112244 113.852249 -102.606262
714 48.166992 113.503006 -103.956345
715 48.342789 114.376114 -103.112534
716 48.694366 114.725357 -104.800140
717 50.276505 113.852249 -104.631378
718 49.924911 114.201492 -102.268738
719 48.342789 112.979156 -102.775009
720 49.397537 114.725357 -104.462616
721 49.397537 112.979156 -103.450058
722 48.342789 113.677628 -102.775009
723 49.573334 113.852249 -102.606262
724 47.991196 112.979156 -102.775009
725 49.924911 113.503006 -102.943771
726 47.112244 113.852249 -102.943771
727 48.694366 114.725357 -103.787582
728 49.221741 113.852249 -104.631378
729 49.573334 114.550735 -103.956345
730 48.694366 114.376114 -104.462616
731 48.870163 113.153778 -102.268738
732 49.045959 113.328400 -103.450058
733 49.045959 112.979156 -103.450058
734 49.045959 112.280670 -103.787582
735 49.573334 113.503006 -103.956345
736 49.397537 113.677628 -103.450058
737 48.694366 114.725357 -102.437500
738 48.694366 112.629913 -103.450058
739 47.639618 114.026871 -103.787582
740 49.221741 113.852249 -102.943771
741 49.221741 113.503006 -103.618820
742 48.518585 114.550735 -103.956345
743 48.870163 114.201492 -102.943771
744 47.815414 115.249207 -103.956345
745 49.221741 114.550735 -103.956345
746 49.749115 113.677628 -103.787582
747 48.518585 114.550735 -102.606262
748 50.452286 113.328400 -103.450058
749 49.045959 114.026871 -103.112534
750 49.397537 114.725357 -102.775009
751 48.342789 113.677628 -103.450058
752 49.397537 114.725357 -103.787582
753 48.694366 112.979156 -103.112534
754 48.870163 114.550735 -103.281296
755 48.166992 114.550735 -101.931213
756 48.518585 113.503006 -102.606262
757 47.991196 114.376114 -104.125092
758 49.221741 113.852249 -104.631378
759 49.573334 114.550735 -102.943771
760 48.342789 112.629913 -103.450058
761 49.397537 115.423828 -102.775009
762 48.518585 114.201492 -103.956345
763 47.991196 114.725357 -103.787582
764 48.518585 115.249207 -102.943771
765 47.991196 114.376114 -103.112534
766 49.397537 114.026871 -103.787582
767 47.815414 113.852249 -102.943771
768 48.870163 113.852249 -102.606262
769 48.166992 114.550735 -103.281296
770 48.870163 113.503006 -103.281296
771 48.342789 114.725357 -103.787582
772 48.518585 113.503006 -102.943771
773 48.342789 114.026871 -102.437500
774 49.397537 114.026871 -102.437500
775 49.045959 114.026871 -103.787582
776 49.221741 113.153778 -102.606262
777 49.397537 114.376114 -103.112534
778 48.166992 112.455292 -102.943771
779 50.100708 113.677628 -103.450058
780 48.342789 112.979156 -103.112534
781 49.221741 113.852249 -103.281296
782 49.749115 114.376114 -102.775009
783 49.573334 113.852249 -102.943771
784 49.221741 113.852249 -103.618820
785 49.924911 113.852249 -103.956345
786 49.924911 114.201492 -103.618820
787 48.166992 112.455292 -103.618820
788 48.518585 112.804535 -103.618820
789 49.397537 114.376114 -104.125092
790 48.694366 113.677628 -103.112534
791 48.166992 113.153778 -102.268738
792 47.815414 114.550735 -103.618820
793 48.342789 114.376114 -103.450058
794 49.397537 114.376114 -102.775009
795 47.639618 112.979156 -103.112534
796 47.815414 113.852249 -102.943771
797 49.573334 114.201492 -102.268738
798 47.991196 114.725357 -103.112534
799 49.221741 113.852249 -103.956345
800 49.397537 112.280670 -102.437500
801 48.694366 112.280670 -103.112534
802 49.045959 112.979156 -103.112534
803 47.815414 114.550735 -103.618820
804 49.045959 114.026871 -102.437500
805 47.112244 114.550735 -102.943771
806 49.045959 113.328400 -102.775009
807 47.991196 114.026871 -102.437500
808 47.991196 113.677628 -103.450058
809 50.803879 113.328400 -103.450058
810 48.694366 114.376114 -103.450058
811 47.815414 114.550735 -101.931213
812 48.166992 114.550735 -102.943771
813 48.870163 113.153778 -102.943771
814 48.870163 114.201492 -102.268738
815 47.815414 113.153778 -102.943771
816 47.639618 113.677628 -103.787582
817 47.815414 114.550735 -103.281296
818 49.221741 114.201492 -103.618820
819 48.342789 113.677628 -102.437500
820 47.815414 114.201492 -103.281296
821 48.870163 113.153778 -102.606262
822 48.518585 114.201492 -103.618820
823 48.166992 112.455292 -103.281296
824 49.924911 113.852249 -102.268738
825 48.870163 114.201492 -103.618820
826 47.991196 114.026871 -103.787582
827 49.045959 114.026871 -103.112534
828 49.397537 113.328400 -103.112534
829 47.639618 114.026871 -103.787582
830 48.870163 113.503006 -103.618820
831 48.518585 114.201492 -102.606262
832 49.749115 113.328400 -103.450058
833 49.221741 113.503006 -103.956345
834 49.397537 112.629913 -102.775009
835 49.397537 115.423828 -101.424927
836 48.342789 113.677628 -103.787582
837 49.924911 114.550735 -104.293854
838 48.694366 112.629913 -102.437500
839 49.045959 114.725357 -101.762451
840 49.397537 114.376114 -102.437500
841 49.924911 113.153778 -102.268738
842 49.573334 113.503006 -103.618820
843 49.221741 114.201492 -104.631378
844 49.045959 115.074600 -102.437500
845 49.749115 114.376114 -103.112534
846 47.639618 114.376114 -103.787582
847 48.166992 114.550735 -103.956345
848 47.815414 113.153778 -102.606262
849 48.870163 113.503006 -103.956345
850 49.045959 113.328400 -104.125092
851 47.815414 113.503006 -102.268738
852 48.518585 114.201492 -102.606262
853 49.749115 113.677628 -103.112534
854 48.342789 114.026871 -103.450058
855 48.166992 113.852249 -104.293854
856 48.694366 115.074600 -103.112534
857 49.045959 114.026871 -104.462616
858 49.045959 114.376114 -104.125092
859 48.870163 113.503006 -104.293854
860 48.870163 114.201492 -102.943771
861 49.045959 115.074600 -103.787582
862 50.452286 113.677628 -103.450058
863 48.870163 113.153778 -103.618820
864 47.815414 115.249207 -103.281296
865 48.694366 114.376114 -104.125092
866 47.991196 114.026871 -104.125092
867 50.628082 113.852249 -104.968903
868 48.518585 114.201492 -103.618820
869 49.397537 114.376114 -104.125092
870 49.221741 114.201492 -102.606262
871 48.694366 114.026871 -103.112534
872 47.991196 115.074600 -103.450058
873 48.694366 112.280670 -102.099976
874 50.276505 114.201492 -103.281296
875 48.870163 114.201492 -102.606262
876 48.342789 115.074600 -104.800140
877 47.815414 114.550735 -103.281296
878 48.870163 112.804535 -103.956345
879 49.221741 113.852249 -105.306427
880 47.991196 112.979156 -103.450058
881 48.870163 113.852249 -103.281296
882 49.397537 114.725357 -103.450058
883 48.342789 113.677628 -104.125092
884 49.045959 114.026871 -104.800140
885 48.694366 113.677628 -103.787582
886 48.342789 113.677628 -101.762451
887 49.045959 113.677628 -103.112534
888 47.815414 114.550735 -103.618820
889 47.463821 113.852249 -102.268738
890 47.991196 114.026871 -104.462616
891 47.463821 113.503006 -104.293854
892 47.815414 114.899979 -102.943771
893 46.584869 114.376114 -104.125092
894 49.397537 112.280670 -104.125092
895 48.870163 115.249207 -102.606262
896 48.166992 114.550735 -104.968903
897 50.100708 114.026871 -104.125092
